190.497 240.191
187.474 263.456
183.572 281.635
173.529 298.401
166.626 312.619
155.358 326.549
146.880 339.605
143.564 350.864
149.945 360.516
170.141 361.259
200.015 358.305
233.776 348.695
262.801 336.217
281.276 320.499
293.398 298.444
300.398 276.949
306.884 247.714
153.669 211.055
152.467 205.259
155.420 202.220
160.221 202.747
166.879 206.696
192.314 207.269
201.557 203.521
213.946 203.046
227.244 205.455
243.117 212.208
176.279 220.245
167.226 234.559
156.302 246.271
146.695 261.145
152.763 278.515
151.852 283.221
156.828 285.784
169.723 287.092
184.908 284.558
157.915 228.358
155.773 221.412
162.352 222.185
170.082 230.084
162.185 231.967
155.210 232.341
202.916 232.730
205.787 224.011
214.324 224.083
226.847 231.813
216.669 236.433
205.339 235.458
145.397 310.358
142.846 306.085
143.389 303.967
149.336 305.365
164.209 308.376
176.479 313.649
187.131 321.133
173.033 321.800
155.727 321.296
146.714 319.132
141.963 316.422
143.775 313.250
147.952 310.514
148.544 310.787
154.114 311.997
168.478 315.402
185.770 320.184
160.844 314.974
149.316 312.918
144.453 310.795
158.859 224.678
210.938 227.450
