186.676 236.545
189.452 259.117
190.734 277.672
187.560 298.405
187.194 316.848
184.663 339.759
184.200 360.503
187.436 376.539
195.177 387.587
209.175 389.329
226.596 384.103
246.990 370.973
267.360 352.787
281.993 334.395
292.182 312.639
298.256 293.451
304.787 267.975
142.015 240.465
140.455 240.306
143.905 241.755
148.446 245.302
154.480 251.769
182.172 259.438
191.482 258.075
203.180 259.645
215.217 262.408
229.959 266.168
166.948 271.922
164.834 289.466
159.449 304.028
155.374 320.458
163.308 318.334
163.726 326.816
167.358 332.186
177.615 334.629
189.137 329.809
153.204 260.431
151.343 259.537
159.711 261.936
166.830 269.560
159.659 271.750
152.462 268.448
198.412 279.800
200.524 276.270
210.589 279.577
221.612 284.361
213.611 290.271
202.455 287.402
168.747 350.144
162.223 343.555
159.857 341.544
164.285 345.630
177.402 350.915
186.481 357.360
194.346 364.848
192.793 373.206
187.116 380.993
180.440 380.703
175.498 373.497
172.416 361.245
170.845 350.802
164.580 347.386
166.831 351.875
178.596 356.529
194.003 363.202
183.481 371.119
178.904 372.144
174.433 365.835
155.488 264.086
207.188 282.002
