160.399 259.884
162.352 283.753
166.604 302.305
174.154 325.282
181.041 345.204
198.315 367.489
223.030 385.962
249.322 398.444
272.665 404.764
291.079 396.093
302.863 383.474
311.031 365.009
310.300 346.221
308.358 327.841
310.462 307.121
312.991 290.394
314.452 266.666
223.201 242.472
237.272 239.855
251.991 240.168
264.165 243.244
275.163 248.980
313.449 250.260
323.626 246.175
332.200 244.858
337.140 245.825
338.189 249.743
293.304 266.188
294.625 284.496
297.624 301.060
299.474 318.624
260.015 324.073
272.989 332.789
287.909 336.720
298.286 332.982
305.017 323.802
233.964 263.234
245.086 261.205
255.723 263.250
261.232 269.078
255.241 270.947
241.677 269.498
306.809 270.647
319.440 266.458
327.709 266.877
328.768 268.869
327.447 274.078
317.191 273.954
239.586 350.649
249.447 346.191
266.186 345.891
287.954 347.308
302.938 345.564
308.707 345.346
308.788 349.309
303.253 360.287
294.745 372.925
283.106 376.470
266.661 373.170
249.359 362.151
240.062 351.411
262.025 350.170
285.349 352.401
300.670 349.652
305.829 349.921
296.606 364.372
283.470 370.000
265.679 365.182
249.618 265.132
322.403 269.060
