193.558 233.327
196.976 253.615
199.064 270.432
197.075 289.676
196.300 305.093
192.378 323.565
192.109 340.382
194.734 355.845
203.554 366.282
219.203 366.457
239.632 360.096
263.556 351.202
284.418 336.502
298.014 320.609
306.564 300.788
312.509 283.523
317.937 261.968
154.458 253.226
153.712 259.170
156.580 263.608
160.800 266.209
167.364 267.698
185.665 273.562
191.382 274.712
200.313 275.594
211.105 274.785
227.576 271.908
177.921 273.149
174.188 285.481
169.506 300.783
166.655 317.785
175.679 310.051
178.358 318.543
183.964 322.983
193.631 324.891
205.679 318.309
162.743 258.405
161.061 258.367
168.283 260.728
175.965 266.207
168.628 267.831
162.216 265.176
207.974 274.743
209.851 273.570
218.921 275.268
229.899 278.140
220.752 282.806
210.744 280.222
179.478 331.178
175.320 331.910
175.685 334.026
182.408 338.478
194.077 340.975
204.492 343.036
215.164 344.585
208.743 349.762
198.175 353.412
187.017 353.170
181.144 347.172
179.450 338.430
181.817 331.593
179.401 339.570
185.098 344.736
197.952 346.457
214.201 344.132
198.002 348.013
186.553 346.844
180.211 341.767
164.852 261.204
215.272 275.790
