185.524 257.263
189.628 281.844
191.077 301.690
186.619 326.052
185.232 345.692
190.016 362.103
198.320 376.950
209.876 389.649
227.344 396.067
249.902 392.341
273.531 383.533
298.762 370.390
320.499 355.577
330.309 335.170
337.688 309.256
342.998 288.934
350.560 262.905
170.483 239.718
176.159 236.273
185.647 235.570
195.344 238.095
206.167 243.283
246.849 243.804
259.334 239.641
273.691 238.148
287.165 238.950
301.494 243.019
224.740 259.797
221.480 276.683
217.887 290.336
213.206 304.363
203.093 312.316
209.913 318.365
219.743 320.893
233.322 320.131
246.441 313.906
179.253 259.399
183.819 254.238
196.468 257.792
202.015 264.785
191.170 265.615
180.493 264.045
257.142 267.407
263.669 259.682
277.266 258.873
286.935 264.649
277.488 268.893
264.230 269.565
197.319 341.535
198.031 334.265
204.564 331.075
218.946 330.573
235.707 331.491
250.781 336.558
261.577 345.928
249.738 358.599
234.222 368.903
220.136 370.611
207.757 365.607
201.907 354.185
200.149 343.054
207.749 337.965
221.218 339.276
239.186 339.942
259.380 346.789
233.521 357.769
219.691 360.581
209.182 355.885
187.821 259.547
270.527 263.532
