182.653 261.459
178.248 282.825
174.458 300.634
171.135 313.398
171.675 324.954
173.613 334.157
182.599 338.909
195.681 339.346
217.506 339.200
247.927 338.265
278.476 340.156
305.002 335.957
320.977 327.056
331.138 316.453
333.865 299.844
334.077 280.915
333.621 255.729
184.516 207.835
193.951 204.631
203.366 204.765
210.455 206.481
217.619 209.349
242.450 206.514
252.443 202.397
264.673 199.870
276.857 199.401
291.040 203.519
227.819 214.593
224.295 218.753
218.796 225.241
213.444 237.463
199.187 258.033
206.154 261.579
219.715 263.409
238.893 258.257
254.057 248.628
189.699 227.742
193.194 220.571
202.992 220.623
211.406 225.908
203.697 227.168
193.258 229.879
259.499 223.057
266.172 216.217
276.915 215.004
286.565 222.411
279.201 225.014
266.661 224.149
188.668 301.580
191.509 287.587
199.495 278.434
217.507 272.720
241.451 274.748
260.174 283.178
273.423 296.900
259.337 300.775
238.269 303.371
217.598 307.689
203.711 307.343
194.034 307.213
192.254 302.418
199.893 285.439
218.475 277.625
245.932 280.838
270.102 297.760
239.528 302.291
219.101 307.070
205.142 306.752
198.053 222.212
272.101 217.784
