202.916 281.449
202.039 310.019
204.497 332.283
212.904 353.456
222.325 371.964
243.713 393.019
269.048 407.884
291.242 417.422
308.847 422.543
320.325 414.330
324.465 402.083
324.873 384.526
316.993 365.151
312.601 348.109
312.001 329.302
313.620 310.243
316.622 284.809
278.027 264.655
292.565 261.650
305.774 260.753
315.775 262.335
323.949 266.764
350.164 267.755
356.487 264.475
360.585 263.947
362.034 265.045
358.993 268.426
337.005 282.554
341.474 300.740
348.576 316.796
353.629 335.905
311.991 341.165
324.027 349.619
336.225 353.001
339.959 349.393
341.267 340.360
287.162 281.979
298.250 278.508
307.730 278.780
309.605 284.771
306.458 288.524
297.590 289.382
341.119 285.762
351.358 280.504
356.588 281.294
353.366 284.555
354.133 290.549
348.261 290.270
300.461 377.127
311.085 373.807
322.397 372.471
333.902 372.323
338.888 372.106
338.869 373.763
336.216 377.043
334.622 383.122
332.440 389.604
325.436 392.446
315.699 389.978
306.813 383.099
299.921 375.903
315.994 376.711
326.450 378.551
332.241 377.188
333.138 376.261
332.452 380.630
326.605 382.215
317.489 380.622
303.676 281.117
352.224 283.084
