186.850 257.485
192.076 279.072
200.646 295.621
216.204 312.038
233.155 324.593
261.163 332.691
293.766 337.527
323.877 340.457
347.084 344.070
357.105 341.785
357.704 341.761
352.987 337.930
343.493 332.925
337.778 325.118
333.209 310.715
329.764 296.965
321.792 277.797
256.816 202.302
271.841 196.550
286.487 194.823
298.134 196.826
308.073 202.082
335.319 208.577
342.050 207.939
347.439 210.524
350.415 215.423
350.032 224.572
325.985 212.899
333.738 219.568
343.410 226.895
353.490 239.496
310.900 257.806
326.494 262.976
340.106 267.213
344.618 266.463
344.236 262.524
267.875 218.846
279.505 212.240
289.011 213.574
294.057 222.155
291.589 222.795
281.034 221.698
333.388 230.646
342.542 225.046
348.414 227.477
349.103 236.465
349.385 236.483
341.727 233.532
307.755 295.504
318.791 287.892
330.878 285.067
344.257 285.418
352.193 287.254
354.522 292.147
355.048 299.647
356.102 297.526
354.849 294.323
347.941 292.658
335.850 292.452
322.787 294.276
308.552 296.163
326.649 292.810
340.722 293.250
348.547 294.640
351.948 300.096
350.658 290.961
343.274 289.519
331.863 288.913
283.760 214.780
344.475 228.226
