185.700 259.229
187.363 286.613
189.088 308.437
195.195 332.596
204.838 350.374
223.498 365.749
245.096 378.947
269.210 389.509
292.394 393.600
308.020 388.279
315.643 378.558
319.215 363.717
318.171 346.842
316.220 328.971
316.289 306.868
316.762 287.329
318.894 263.117
247.704 250.248
261.501 248.294
274.495 247.549
284.624 248.895
293.832 252.812
323.542 251.207
331.808 247.625
339.245 246.646
344.722 247.628
346.817 250.421
307.193 267.093
311.082 283.761
315.814 298.383
317.667 314.996
277.394 321.655
288.266 327.146
303.225 329.566
315.309 331.566
323.390 327.427
256.212 267.331
268.014 263.484
277.543 263.708
282.199 269.639
278.495 271.795
265.900 272.512
314.865 269.132
325.974 261.758
333.310 262.121
334.407 266.105
332.875 271.483
322.452 271.911
261.774 347.396
271.050 343.568
282.023 340.888
299.341 343.082
314.368 345.565
320.384 350.999
319.772 355.188
314.416 362.071
305.273 368.315
292.543 367.622
279.189 363.583
268.071 355.025
264.614 348.488
282.027 349.180
297.241 352.621
310.755 353.619
316.499 354.230
308.261 359.719
294.270 358.587
280.734 355.283
270.315 264.531
327.192 263.077
