157.905 267.729
167.941 293.601
174.801 315.597
183.636 333.761
192.716 348.936
205.603 365.020
225.787 375.984
247.388 383.312
271.309 385.390
293.186 374.702
311.297 360.534
328.462 341.839
337.603 323.261
341.916 305.162
343.871 281.993
342.626 259.043
340.462 229.828
172.262 235.038
180.209 229.463
193.223 224.974
205.764 223.006
219.268 223.790
260.730 213.392
272.928 207.168
287.184 203.838
300.099 202.928
310.855 205.963
242.587 235.262
245.477 253.383
247.863 269.885
250.775 288.402
230.474 305.302
241.537 310.619
254.665 309.061
267.877 305.634
278.250 294.028
190.241 250.006
195.601 245.564
211.016 244.091
218.249 245.589
208.290 249.361
196.668 252.089
269.948 235.073
278.034 229.297
291.816 226.090
298.926 228.327
293.616 232.345
279.887 235.190
230.729 341.859
234.476 335.452
241.934 330.783
258.103 326.692
276.215 324.292
287.792 325.880
293.358 331.455
287.346 337.238
276.964 345.745
262.963 349.080
247.467 349.562
238.197 345.535
233.438 341.024
245.127 337.090
260.738 334.664
278.295 331.770
291.003 331.425
274.652 334.670
260.831 337.083
246.838 339.243
200.679 244.142
282.838 227.500
