195.222 278.935
194.440 304.426
197.817 323.577
207.715 347.788
218.445 366.299
239.658 383.425
263.362 399.834
288.189 412.904
315.261 416.902
337.014 408.160
346.243 393.405
353.199 374.683
358.588 358.104
359.414 339.641
358.154 315.374
357.185 296.930
355.604 273.047
230.771 257.053
243.255 252.855
258.455 251.239
272.200 252.597
286.133 255.553
331.587 253.280
342.352 249.446
352.534 247.801
360.499 248.527
364.044 252.570
310.902 266.528
315.219 281.198
320.009 298.236
325.178 318.878
289.586 328.153
301.685 336.175
317.282 339.389
326.152 334.953
329.269 326.694
247.037 277.829
257.004 272.291
269.040 271.530
277.092 276.821
267.457 280.729
255.295 281.723
324.165 274.999
337.358 267.986
347.034 268.361
350.855 273.512
348.386 278.227
336.648 278.026
274.221 365.946
284.825 360.386
297.832 356.659
317.532 355.713
333.138 353.958
341.576 355.819
343.222 360.287
339.024 367.318
328.795 376.208
315.464 379.151
299.228 378.048
284.721 372.039
278.122 365.684
296.314 364.593
316.373 363.387
332.017 360.942
339.482 360.553
328.444 363.277
315.516 365.567
298.957 366.426
262.954 274.091
340.907 271.012
