190.042 228.208
194.607 252.059
198.002 270.937
197.641 286.037
201.374 299.071
211.466 308.795
227.357 316.065
243.749 323.850
261.523 329.379
280.249 325.901
295.065 321.798
310.559 317.371
320.194 309.937
324.135 298.052
327.454 281.148
333.898 263.874
344.082 241.403
211.428 191.257
221.156 186.273
233.575 184.512
244.621 186.198
254.996 191.163
287.367 192.974
297.943 190.089
309.835 190.266
320.186 193.286
328.917 200.575
269.832 204.385
269.202 216.654
268.889 228.692
268.810 242.025
250.742 256.461
258.170 261.164
267.007 262.831
274.561 263.140
280.935 257.548
218.791 211.521
227.627 204.417
239.213 204.856
246.250 213.305
236.416 215.356
225.136 215.079
288.504 216.519
298.412 209.370
309.810 210.982
316.300 219.663
310.371 221.523
296.984 219.368
241.311 283.754
247.144 278.299
253.495 273.782
266.768 273.361
278.215 275.957
283.544 280.514
288.540 285.975
283.790 290.428
277.306 293.885
265.334 293.590
253.427 292.099
247.094 288.181
242.358 285.041
255.041 281.713
265.360 281.299
275.496 283.308
286.869 287.083
276.599 284.054
265.594 283.518
254.551 283.100
234.794 205.546
305.756 211.196
