190.820 232.349
196.649 257.496
202.785 277.960
205.383 302.720
208.817 322.420
218.778 343.575
231.700 363.851
249.362 379.496
270.149 385.977
290.698 381.175
307.603 367.845
320.414 348.562
330.458 329.692
334.792 309.148
340.948 285.201
349.260 266.579
357.383 243.183
216.858 232.521
227.371 232.344
240.786 233.604
252.621 236.214
264.375 240.776
306.875 242.471
319.359 238.889
331.867 237.465
341.603 237.635
348.402 239.550
283.127 257.703
281.107 279.229
279.865 298.868
278.947 317.598
253.702 317.643
264.176 325.960
277.308 327.772
290.221 326.677
300.526 317.532
228.628 253.998
238.195 248.236
252.013 250.369
255.940 258.744
248.479 263.812
236.531 262.956
307.734 260.877
319.240 253.062
331.847 253.657
335.407 260.355
329.584 267.268
317.711 267.399
245.540 348.016
250.372 343.858
259.294 342.504
276.625 343.568
293.153 343.622
300.435 346.273
304.417 349.984
298.366 355.742
288.027 363.435
275.171 365.581
260.348 361.828
250.885 354.157
247.513 347.639
259.748 348.988
275.347 351.336
290.415 350.222
301.655 349.144
288.148 353.028
275.816 354.641
262.027 351.877
245.225 252.320
326.179 256.538
