156.320 276.231
161.486 301.249
166.943 322.068
171.462 342.812
177.691 360.177
190.260 381.195
207.647 399.266
227.764 411.879
247.966 415.152
267.152 407.793
282.557 393.462
294.937 373.948
300.769 352.131
303.538 332.752
307.393 313.139
313.075 294.525
318.298 269.534
177.711 292.940
189.702 295.156
205.436 297.125
219.095 299.561
232.030 302.468
276.783 298.926
289.655 294.471
303.066 290.605
313.604 287.371
319.930 284.592
253.526 314.297
253.374 331.831
254.351 347.188
255.663 363.462
228.111 364.946
238.368 372.284
251.317 373.003
263.542 369.785
272.319 358.655
195.864 308.283
204.925 305.496
217.876 306.391
224.616 312.582
215.424 317.569
202.570 316.748
273.892 309.062
284.902 303.113
296.613 301.533
302.001 303.972
296.611 312.790
284.499 314.716
218.866 387.114
225.361 387.269
234.957 386.527
251.393 386.232
266.560 383.392
275.575 382.849
278.625 382.370
272.484 388.843
262.931 398.783
250.169 402.591
236.728 401.806
225.194 393.245
221.400 385.157
235.201 389.713
251.290 391.287
266.066 387.160
275.562 381.174
261.319 388.974
249.814 391.507
236.701 391.826
208.871 309.766
289.193 306.013
