212.919 257.081
218.824 280.482
219.888 299.995
213.084 316.806
208.981 330.871
200.962 344.843
199.306 355.139
200.772 364.496
210.197 369.286
229.289 359.997
254.274 347.007
282.004 331.668
305.193 314.547
320.123 296.400
330.515 273.625
331.226 251.622
328.622 221.304
169.677 237.454
166.517 233.339
167.175 231.019
170.490 230.314
176.383 230.930
197.571 222.064
204.438 216.556
214.339 212.357
225.852 209.531
241.463 210.078
185.870 238.559
182.096 253.274
176.009 267.506
171.595 282.791
189.454 290.370
189.219 296.408
192.464 298.336
204.882 292.857
216.317 281.015
175.052 249.751
171.304 246.288
177.944 245.216
184.461 248.022
177.894 251.383
172.857 252.820
212.731 238.569
212.235 233.028
219.709 229.539
230.837 230.594
222.031 236.114
214.112 238.800
192.754 317.741
189.621 313.937
187.809 313.375
193.728 312.303
209.270 307.389
228.078 304.106
244.703 304.679
229.016 316.553
209.038 325.939
194.578 329.895
189.062 329.395
191.374 324.862
195.730 319.003
193.651 315.223
199.411 315.401
218.459 308.554
243.333 306.902
215.507 318.093
199.240 323.683
193.188 323.326
175.654 248.038
218.267 233.554
