198.649 269.957
198.770 295.056
202.341 316.230
203.326 336.217
205.257 353.209
211.525 370.751
224.882 385.547
242.854 397.075
264.390 403.491
286.959 401.144
304.608 394.090
319.830 381.720
328.063 366.144
332.244 349.215
336.748 328.723
343.059 308.521
349.486 282.598
222.353 255.232
231.952 252.406
243.464 252.192
253.271 254.311
263.060 258.901
299.918 260.772
310.845 257.966
322.090 258.060
331.869 260.150
339.054 265.362
279.218 274.129
276.597 291.379
274.265 308.612
273.246 326.758
252.618 331.065
260.683 338.029
271.464 340.733
281.883 340.897
291.517 333.683
234.379 274.068
241.122 274.156
250.813 276.872
256.443 279.342
249.823 280.942
240.205 281.247
299.763 282.240
306.473 280.838
316.813 280.144
323.864 282.162
317.248 286.383
306.104 286.397
240.752 358.382
245.035 355.454
254.401 354.776
270.058 357.446
284.971 357.709
294.066 360.526
298.398 364.615
290.680 368.321
278.993 371.877
269.633 370.845
258.338 368.834
247.695 363.920
242.523 358.016
255.317 360.082
269.419 363.088
283.925 363.060
296.462 363.646
281.384 362.930
270.466 363.018
258.887 360.991
242.424 274.437
310.534 280.024
