174.559 236.199
173.619 262.235
173.848 283.418
173.027 302.072
174.751 318.088
179.777 334.352
188.327 348.200
200.420 360.144
220.199 368.165
245.065 364.818
267.138 357.987
289.632 348.971
306.728 336.234
315.997 320.428
321.860 301.585
325.559 280.132
330.514 252.310
170.736 228.676
176.468 227.783
186.391 227.925
196.449 229.798
207.723 234.004
246.138 238.870
257.555 237.052
270.322 237.655
281.913 238.681
293.480 240.735
226.993 249.817
224.891 268.228
221.791 284.336
219.535 300.909
198.920 298.529
209.094 308.653
222.811 313.201
237.433 312.320
251.536 304.648
180.222 246.314
183.769 243.503
196.336 244.930
203.097 250.940
195.384 252.659
184.493 251.537
252.689 255.747
259.482 251.764
272.151 252.803
279.784 255.935
271.849 260.421
259.979 260.236
190.969 321.104
195.895 321.521
204.725 323.865
219.971 327.440
236.541 326.290
249.065 327.303
259.349 329.344
246.901 335.286
231.096 339.681
219.795 338.628
207.275 335.636
197.699 328.459
193.941 321.495
205.373 327.391
221.228 331.323
238.132 331.025
256.621 329.417
235.155 331.426
221.008 331.166
207.140 327.871
188.980 245.187
265.530 253.176
