215.755 272.133
217.798 295.932
217.574 315.620
217.932 339.230
220.909 360.481
220.382 385.353
221.206 408.261
223.862 428.755
235.387 439.581
254.009 430.080
273.083 411.190
291.095 387.785
308.026 362.914
319.776 340.397
326.806 315.657
332.367 294.078
336.580 265.852
183.418 238.799
182.439 231.513
185.319 227.841
190.033 228.537
196.539 233.047
226.443 228.765
237.012 222.939
249.721 221.123
261.582 222.652
273.822 229.688
207.199 251.496
201.407 273.517
193.945 287.633
186.655 302.603
195.671 315.062
194.850 320.804
199.874 323.321
213.654 321.454
226.585 315.543
188.562 266.088
187.557 260.053
194.670 259.816
203.655 266.544
192.932 269.321
186.075 269.401
237.571 263.893
242.765 254.888
253.339 255.134
263.060 259.682
253.250 263.647
241.977 264.911
204.317 359.267
195.969 344.845
193.632 337.230
201.186 336.067
218.498 338.066
235.270 345.430
251.024 360.871
246.842 387.475
234.547 408.901
219.650 414.488
210.971 406.650
208.008 385.978
206.769 361.554
198.742 344.892
205.805 343.490
224.391 345.989
249.714 361.330
232.034 394.364
219.071 402.143
211.446 393.392
191.244 263.152
247.938 258.669
