153.861 237.059
153.492 264.006
153.595 287.467
153.528 313.620
156.998 335.236
168.052 361.531
184.700 387.444
205.206 407.470
227.972 417.379
252.689 411.767
273.477 396.323
291.069 374.228
302.918 352.444
310.245 331.883
318.398 309.840
326.148 290.099
335.466 264.477
184.938 247.834
199.131 249.708
215.278 252.870
228.698 257.443
241.348 264.225
290.172 269.959
304.472 267.666
317.639 267.353
327.883 267.829
334.784 269.569
261.497 283.219
258.346 305.751
256.086 325.639
254.505 345.631
221.232 337.459
232.088 347.187
247.494 351.670
261.255 349.421
273.293 337.762
198.139 271.583
208.956 269.630
223.953 273.325
228.419 282.221
220.342 284.250
206.743 281.879
286.214 288.712
298.840 283.655
312.196 285.016
315.573 288.122
307.686 295.230
295.847 293.864
205.369 369.089
214.996 366.694
226.530 365.684
244.850 367.789
261.927 365.709
270.158 366.532
273.522 369.904
264.360 379.377
251.964 388.647
239.840 390.303
226.027 388.012
214.725 378.271
208.507 368.045
225.334 370.565
242.586 374.927
259.508 370.294
270.012 368.870
255.759 376.478
242.162 378.678
228.103 376.436
214.448 275.240
303.908 287.186
