213.785 224.010
219.933 249.483
225.524 269.446
240.113 283.891
255.132 297.428
282.313 307.620
313.987 314.127
340.769 320.199
358.877 326.275
368.432 323.651
366.531 321.394
362.979 318.309
352.431 311.659
343.186 301.875
336.305 287.539
331.043 271.628
329.363 251.380
291.104 174.882
307.407 169.842
322.104 169.245
332.799 172.405
340.870 178.374
368.010 187.726
374.665 188.240
378.388 191.883
378.919 197.099
374.274 205.482
354.760 194.588
363.239 207.504
372.687 220.771
382.299 235.411
337.702 250.403
351.078 254.399
362.465 255.424
366.752 258.894
366.354 255.673
303.270 196.619
315.415 188.632
322.137 192.533
324.774 203.168
323.251 202.950
314.281 201.375
354.488 211.931
363.818 204.540
369.215 208.138
368.079 216.575
370.501 218.729
364.547 216.057
336.317 278.472
341.173 272.633
350.682 268.828
365.802 267.967
371.891 273.142
372.093 279.244
371.890 286.074
372.418 286.369
372.326 284.375
367.875 282.616
357.346 281.730
344.749 280.846
334.598 279.577
347.978 276.389
361.666 275.540
367.188 280.204
368.758 286.444
368.219 280.140
363.679 277.656
352.648 276.597
316.857 192.222
365.225 208.059
