238.764 248.796
242.193 276.289
247.598 297.661
261.295 316.114
274.398 331.377
300.027 343.170
325.894 349.748
349.508 353.719
362.818 353.540
360.881 348.314
349.564 341.600
336.680 332.530
320.375 322.574
308.196 310.216
301.809 293.786
299.818 276.937
299.926 254.668
321.431 232.630
333.714 231.278
342.331 231.253
347.540 232.817
350.170 236.045
359.805 236.323
362.225 233.756
362.289 232.986
360.140 233.610
353.711 236.457
356.919 249.189
363.017 264.068
370.719 276.444
377.536 288.160
344.403 296.988
352.419 300.959
357.935 300.878
357.422 299.785
355.321 296.553
328.107 255.911
334.985 258.414
337.113 257.880
336.083 256.294
338.477 258.316
334.931 259.146
348.456 256.599
355.144 258.268
356.718 258.268
353.645 256.794
356.948 259.086
354.694 258.076
325.819 315.808
341.078 310.748
351.581 307.149
358.878 306.607
358.977 304.803
353.908 306.078
346.061 308.535
351.659 312.275
359.592 317.519
359.014 320.477
351.407 319.301
336.442 317.111
326.095 315.995
345.884 313.500
356.222 312.809
354.265 310.249
344.547 309.769
357.133 311.685
357.782 314.834
347.845 313.826
335.358 255.084
355.012 255.137
