182.287 242.253
189.232 269.032
194.447 289.882
205.391 313.707
217.479 333.363
243.064 352.729
275.917 365.201
305.563 372.677
329.968 374.573
344.297 365.840
348.649 355.242
348.724 341.120
342.100 325.268
336.214 308.926
333.342 289.077
331.484 272.709
331.387 250.341
251.225 216.259
268.128 212.520
285.387 211.915
299.066 214.536
310.843 219.719
349.666 223.915
357.631 221.003
362.952 220.156
365.923 221.825
364.365 226.774
328.787 235.030
331.494 251.283
336.355 266.000
343.062 283.279
303.686 297.400
317.166 301.911
332.276 301.367
339.923 300.933
343.640 292.824
264.669 237.286
277.318 232.263
289.714 235.070
294.325 240.829
289.050 242.034
276.422 241.649
340.770 243.854
350.840 239.141
359.071 238.991
358.008 243.423
357.971 247.250
350.698 246.716
301.155 332.944
309.978 325.822
323.425 320.683
338.438 316.701
347.211 317.185
350.206 319.838
350.463 326.316
349.365 332.112
345.573 337.471
339.108 339.364
328.353 338.907
313.281 336.651
301.742 332.215
318.498 329.802
332.921 328.606
342.221 326.101
347.509 326.281
343.088 325.897
336.784 326.626
326.465 327.897
283.189 234.606
354.333 239.912
