225.234 293.708
225.611 314.211
224.258 330.747
213.792 343.416
205.819 353.283
190.718 359.736
181.715 361.491
175.153 361.464
178.932 358.152
197.710 346.888
223.813 335.816
252.351 322.105
279.535 309.433
297.860 295.284
308.903 275.627
313.912 255.524
320.293 227.939
175.143 251.057
170.583 242.157
169.841 234.613
171.648 230.318
175.401 228.567
190.032 212.724
197.269 205.286
207.392 200.095
218.422 197.915
232.733 200.303
176.222 231.211
165.487 242.070
155.222 254.147
146.018 269.566
176.310 288.418
171.408 290.709
171.651 287.725
182.346 282.214
194.638 271.388
178.465 262.026
172.693 253.833
178.902 249.881
184.259 250.702
175.932 255.562
173.852 261.357
201.823 233.257
200.329 224.826
207.787 220.858
220.591 223.398
210.166 227.611
200.703 231.678
181.967 324.382
174.604 314.326
168.980 308.421
170.264 302.064
182.658 296.697
199.314 295.335
215.914 301.036
202.254 310.913
186.060 318.337
176.897 323.285
173.770 327.618
178.224 328.123
185.315 324.393
176.397 313.004
176.889 307.643
191.615 301.648
216.092 302.463
189.710 312.094
179.827 317.722
176.831 322.308
175.696 253.285
205.383 224.670
