154.836 243.146
148.593 266.225
144.078 282.830
133.234 299.120
126.688 312.736
122.625 323.667
121.810 337.385
126.467 351.199
143.015 361.038
171.555 362.381
202.070 357.813
230.919 349.150
253.943 342.263
268.938 330.261
282.880 312.521
293.091 297.236
305.509 274.643
138.570 205.486
142.971 201.046
151.071 200.561
159.271 204.097
168.208 210.629
203.177 216.297
216.377 214.214
231.327 215.553
244.556 219.829
256.983 227.926
179.195 226.024
169.558 236.414
160.820 246.394
152.019 259.957
146.021 268.871
148.313 275.988
157.658 281.161
176.116 282.991
193.475 278.145
147.401 225.106
150.574 220.451
161.013 224.259
169.391 231.493
157.496 228.810
145.994 226.440
209.340 239.323
216.636 234.995
228.574 235.646
237.709 243.176
229.439 242.950
215.875 241.126
130.394 302.093
133.405 291.074
138.622 287.606
152.424 291.534
173.992 295.232
192.121 303.725
203.455 318.996
185.079 328.085
162.967 330.694
148.765 327.058
135.300 323.038
129.023 315.079
132.422 304.148
138.542 293.813
153.665 297.250
178.524 302.418
202.432 320.044
167.290 323.992
151.979 321.270
137.994 317.284
157.413 222.879
224.844 236.322
