191.237 288.760
190.405 309.800
189.208 330.133
186.516 356.568
187.789 378.876
186.540 400.504
186.090 417.681
191.148 428.976
205.462 432.367
226.179 421.187
249.866 404.928
272.346 379.845
290.527 351.882
301.705 323.751
308.622 292.236
311.614 268.215
313.271 241.971
147.979 237.377
147.689 226.016
150.954 219.859
154.771 218.611
160.102 221.463
187.558 208.396
198.377 199.138
211.477 193.762
223.602 192.671
237.805 198.936
168.573 231.576
162.328 245.766
155.113 257.504
149.396 270.715
156.666 293.470
158.185 295.479
168.601 293.401
187.241 285.278
202.060 277.863
151.747 253.633
150.604 243.904
158.554 241.275
164.407 247.603
157.651 252.118
150.450 256.507
197.916 234.383
200.232 223.263
209.440 220.660
222.704 226.508
210.548 234.049
200.153 236.227
165.823 354.798
156.200 330.957
153.919 316.592
164.596 308.362
186.612 304.657
204.304 314.248
220.251 339.253
217.424 365.813
204.929 383.223
194.193 391.320
182.106 389.073
174.341 376.482
169.186 355.978
156.978 327.442
166.294 318.068
191.015 316.942
218.402 342.505
203.889 375.952
191.408 386.479
180.452 381.458
154.716 246.733
206.940 226.130
