163.168 252.043
165.808 274.549
167.674 291.076
167.310 303.234
167.744 313.910
170.225 321.709
181.147 328.763
197.115 334.290
215.190 338.512
236.233 337.232
256.445 336.676
275.036 332.601
286.790 327.172
296.004 318.293
304.739 303.689
311.839 286.515
320.217 262.843
177.574 213.204
184.516 209.364
195.209 207.368
205.596 207.875
216.235 210.663
247.441 212.712
258.234 211.750
270.390 213.075
281.048 215.745
289.875 221.091
230.000 219.886
228.040 229.887
225.943 241.292
224.022 254.218
202.884 263.317
209.556 270.044
224.128 274.373
240.573 272.996
250.884 266.971
183.215 228.306
189.841 223.694
201.094 223.905
208.574 228.748
199.840 227.913
188.490 228.193
253.215 232.717
261.471 229.228
273.076 229.944
279.788 235.656
272.313 235.011
260.658 232.192
191.459 294.315
198.107 288.097
206.728 286.050
221.218 286.471
236.668 288.345
244.165 292.031
249.175 298.397
240.651 298.945
230.753 300.226
219.130 299.813
205.797 298.767
196.863 296.045
194.543 296.531
207.491 292.485
221.256 293.120
235.581 294.235
247.637 300.738
232.695 293.222
219.894 292.547
206.305 292.001
199.362 223.492
272.166 229.553
