211.028 238.196
213.944 257.544
215.154 272.397
210.302 293.158
208.608 310.901
207.368 335.358
209.706 360.213
215.815 381.822
229.631 395.580
248.270 397.290
268.904 390.087
292.788 376.862
314.962 359.066
326.353 340.077
331.327 320.630
333.027 305.367
333.493 285.239
176.839 276.935
177.570 284.598
182.917 291.588
190.055 297.376
198.878 303.182
229.838 316.911
239.164 317.996
251.345 318.953
263.547 318.976
277.945 317.579
214.110 319.236
210.876 334.728
207.368 349.186
205.268 362.225
208.600 342.291
210.782 351.910
217.279 358.244
227.632 362.245
236.841 358.249
190.294 294.021
189.840 300.521
198.468 305.710
207.144 306.134
200.584 307.599
192.112 303.685
244.868 321.890
248.436 326.464
259.010 329.336
269.356 326.831
260.709 332.315
249.686 328.249
205.857 351.836
206.412 355.286
208.696 362.203
215.058 369.174
226.212 374.809
236.975 376.995
245.719 377.315
238.087 383.225
227.765 385.872
217.544 382.092
209.534 375.066
205.931 363.600
208.361 352.629
212.130 363.041
219.808 371.595
230.008 376.128
245.169 375.079
227.918 380.743
217.704 377.012
209.950 368.842
194.597 302.211
255.015 327.504
