183.448 245.118
184.316 269.675
183.799 288.360
179.387 307.969
176.897 324.568
172.486 344.770
170.020 366.135
169.594 387.794
179.829 404.211
202.636 403.491
227.933 393.322
253.515 380.051
276.268 366.319
291.722 350.289
303.763 330.177
311.956 311.341
317.966 284.873
144.258 249.667
140.582 250.920
142.192 254.050
147.244 258.828
156.000 264.990
186.782 274.175
197.489 273.497
211.563 274.806
226.322 276.441
242.783 278.737
170.224 282.328
165.442 299.690
160.558 316.805
155.590 334.699
165.410 319.145
167.612 330.028
173.679 338.140
186.381 338.817
200.715 332.270
153.882 267.131
151.261 266.010
158.775 269.615
168.158 277.025
159.226 277.129
151.976 273.470
201.694 288.277
204.975 285.769
217.129 288.111
230.440 291.867
217.770 295.871
205.040 292.538
168.996 334.496
165.321 332.983
165.559 337.739
174.433 347.102
193.171 349.787
208.286 351.278
223.591 357.159
211.293 368.408
196.127 375.292
179.359 373.387
169.054 361.360
168.934 348.357
171.160 335.544
169.645 339.007
178.296 349.918
198.020 351.353
222.945 356.750
196.052 370.059
180.302 367.448
171.153 356.063
155.671 269.080
212.712 287.938
