163.599 258.632
170.680 285.118
177.929 306.036
187.571 324.286
199.130 339.696
223.139 353.533
248.969 363.363
271.213 369.838
288.373 371.791
300.385 364.670
305.018 354.689
307.116 341.395
305.412 326.224
302.562 310.405
301.448 291.530
301.887 270.785
303.558 244.113
226.260 248.131
240.204 246.583
254.057 245.532
265.491 246.035
275.728 248.301
307.332 246.412
316.471 242.876
324.293 240.323
328.565 238.919
329.140 239.070
292.440 257.255
296.672 269.241
301.638 284.301
305.513 299.568
272.152 307.681
282.545 312.915
293.735 313.568
299.700 310.417
303.281 302.679
236.721 265.187
245.343 268.317
255.493 266.043
260.967 264.356
256.039 267.389
246.112 267.355
304.375 260.621
311.510 263.044
318.575 261.225
321.894 257.413
319.882 260.907
313.391 262.999
276.134 337.046
278.734 331.623
283.967 326.629
294.561 323.142
303.906 323.524
306.783 326.671
307.207 331.837
307.329 336.242
303.687 340.170
296.972 341.318
289.966 341.169
282.994 338.519
274.681 336.245
284.041 333.506
293.432 331.406
301.664 331.690
304.627 331.462
302.885 331.264
296.487 331.401
291.144 332.883
250.045 257.906
316.074 252.222
