225.735 210.330
224.231 237.483
226.778 258.752
237.461 274.868
248.566 289.756
269.646 304.670
293.931 319.719
315.649 334.214
329.600 346.406
335.701 352.964
331.446 356.054
323.585 356.630
312.171 351.632
305.378 342.886
304.197 327.242
304.381 310.692
311.126 290.185
314.329 202.365
328.555 205.312
339.796 210.487
346.232 216.214
350.131 223.192
367.203 241.949
372.051 245.335
374.302 250.307
373.926 255.369
368.833 261.535
355.258 239.315
355.327 249.776
358.322 259.487
363.125 266.900
332.963 273.385
341.149 280.305
350.811 285.973
354.095 292.683
354.072 292.225
309.957 219.914
322.307 218.578
329.266 224.997
327.736 234.910
326.917 232.837
318.917 227.345
350.768 259.005
358.897 257.316
363.421 262.312
358.420 270.858
360.450 271.487
356.749 265.056
316.619 296.487
327.275 293.460
339.290 293.786
351.727 299.256
355.002 307.648
352.989 315.370
346.787 324.297
347.865 322.289
349.022 318.969
346.443 313.658
339.349 309.503
326.664 302.574
316.738 297.842
333.060 300.067
345.880 305.874
348.897 313.650
344.395 323.165
347.833 311.943
344.475 306.227
336.226 301.819
326.129 225.571
360.584 263.683
