185.057 270.092
185.712 295.669
187.194 315.478
186.128 337.350
188.765 354.965
196.843 370.287
207.461 384.989
224.039 397.777
248.196 404.904
274.939 398.189
298.242 387.234
318.482 372.088
334.768 357.418
342.342 339.418
346.378 315.688
350.918 295.391
351.905 268.374
188.783 249.033
195.618 245.805
206.442 245.458
216.996 247.909
228.530 251.600
272.103 245.796
285.053 240.114
298.996 236.977
311.387 236.839
322.711 241.953
248.555 260.632
246.198 275.952
243.516 292.020
240.480 313.228
223.451 314.834
230.216 323.844
245.026 330.479
261.676 327.227
273.786 317.694
203.236 265.040
208.025 262.331
220.939 264.148
231.896 267.917
221.013 269.746
207.880 270.015
275.641 265.746
284.962 260.833
295.806 258.263
305.380 261.162
298.527 266.855
285.447 268.679
213.506 343.323
219.392 342.630
228.747 343.639
245.246 347.293
264.373 346.674
277.699 346.320
286.737 345.348
276.004 353.021
261.324 359.198
245.760 360.190
230.002 356.788
219.419 350.594
215.921 343.834
229.997 347.571
247.211 351.965
266.303 349.195
285.298 345.778
261.126 350.236
246.021 353.085
230.489 348.749
209.753 263.958
288.752 261.974
