182.872 287.403
192.221 313.153
199.380 333.946
208.145 353.844
215.065 370.798
226.799 388.064
245.937 400.038
265.449 408.684
287.061 411.672
309.184 403.263
327.681 391.543
345.054 374.462
352.809 354.623
356.633 334.537
360.746 308.969
363.208 287.106
363.475 258.570
199.220 261.457
206.861 256.126
219.318 251.752
231.346 250.713
244.094 253.261
287.528 247.007
299.642 241.476
313.047 239.301
324.506 239.274
333.718 242.004
267.075 265.115
269.820 282.099
271.991 296.089
273.765 313.035
256.525 331.494
266.373 334.493
277.993 332.615
290.106 332.218
298.191 323.400
215.171 282.887
221.583 277.431
236.067 276.503
243.444 280.110
235.210 283.545
222.987 285.577
294.796 272.630
304.133 266.879
317.694 265.773
324.382 268.309
318.536 272.532
305.309 274.337
251.060 368.567
256.489 359.011
266.233 352.756
279.250 349.394
292.644 349.774
304.237 353.295
314.145 362.080
305.114 369.667
294.092 377.689
283.768 380.307
271.902 379.659
260.512 374.510
253.612 368.714
266.399 358.061
279.874 354.864
294.656 355.074
311.303 362.229
293.847 368.412
282.421 371.133
270.090 371.477
228.193 279.680
310.019 268.634
