185.219 254.775
187.645 276.678
188.002 294.659
187.004 311.305
187.074 326.352
187.558 341.883
198.440 353.192
212.344 363.522
232.290 370.590
257.964 364.476
284.046 355.771
310.661 344.225
325.681 329.214
332.745 313.300
337.955 293.893
341.064 275.696
345.769 252.082
180.371 216.173
185.661 208.956
194.722 204.186
203.903 203.465
214.361 205.747
254.266 202.284
267.215 198.811
281.554 198.947
294.354 202.005
306.520 209.602
231.297 214.157
227.651 226.854
224.464 238.176
220.880 251.432
213.259 276.417
219.791 278.425
228.831 278.025
242.310 277.645
253.913 269.693
190.854 235.082
195.376 233.257
206.875 233.579
213.653 232.896
204.939 234.127
195.583 235.094
261.072 230.339
268.999 229.581
281.199 229.707
289.522 229.887
280.549 230.243
268.915 230.739
204.448 312.863
207.591 305.115
214.167 300.391
228.147 297.426
244.632 298.719
256.576 303.345
267.195 311.969
256.498 318.458
242.032 325.554
230.874 328.017
219.198 325.324
210.782 319.801
207.555 313.051
216.345 306.750
230.180 304.646
247.571 305.459
264.364 311.797
242.764 316.493
230.086 318.516
219.040 317.347
200.200 226.590
275.070 222.235
