185.905 278.173
198.294 303.226
207.765 322.280
212.505 340.470
219.624 355.831
233.550 367.602
252.422 376.214
274.169 382.702
296.362 384.167
316.823 376.073
332.785 364.984
345.297 351.369
352.684 337.768
353.363 321.851
352.557 302.317
355.336 282.942
360.397 255.601
203.861 241.741
212.510 235.344
225.679 230.808
239.172 230.217
253.566 233.137
301.178 228.555
314.117 223.219
327.523 220.757
338.484 221.040
346.615 225.107
278.132 245.559
279.369 262.757
281.131 276.893
283.841 291.735
260.035 310.033
271.098 313.912
285.155 312.440
298.992 310.427
308.522 302.829
218.212 261.613
226.207 254.770
238.896 252.841
248.956 257.711
240.976 263.744
228.067 266.443
306.668 251.811
316.277 245.558
329.265 243.748
335.093 248.011
330.615 254.789
317.245 255.525
256.565 343.119
260.418 337.015
269.414 332.058
288.165 328.521
306.654 326.431
317.652 327.930
321.168 333.502
314.587 339.152
304.023 346.001
290.947 349.246
275.674 348.612
264.579 346.172
258.609 342.942
270.691 338.800
289.922 336.963
308.172 333.561
318.368 334.014
302.292 334.483
289.271 336.800
274.785 338.543
235.180 256.419
324.184 246.987
