146.523 264.612
148.462 290.246
152.120 309.572
158.297 330.593
165.905 346.404
183.476 356.299
207.531 364.895
233.548 372.266
262.421 375.136
288.317 367.819
305.617 359.022
320.946 348.214
328.139 339.077
328.387 326.259
327.368 306.477
326.341 288.311
324.477 264.045
180.440 217.700
191.468 210.144
205.200 206.863
217.613 207.422
230.457 211.590
270.636 210.878
282.112 207.370
294.537 207.099
305.527 209.576
314.675 217.289
251.965 223.914
255.350 234.420
258.563 246.013
260.859 260.136
225.181 282.156
239.481 285.412
257.952 286.453
272.886 284.964
283.572 279.892
195.594 233.914
204.030 229.245
216.277 229.329
225.285 235.863
217.003 236.286
201.668 235.730
274.047 235.006
284.140 228.201
295.030 227.465
300.465 232.738
296.551 234.409
284.106 235.366
209.656 322.083
222.315 309.659
236.911 303.488
260.258 302.331
280.561 301.102
290.893 306.159
301.353 318.168
292.472 327.702
280.826 332.491
260.798 333.736
239.148 334.024
222.359 330.981
211.726 323.171
234.952 310.748
259.879 310.568
280.340 308.561
298.383 319.184
278.007 326.034
259.639 327.446
238.475 328.101
211.779 231.900
290.576 230.899
