180.384 244.719
185.434 269.458
188.754 289.419
187.857 312.095
188.588 330.590
186.791 352.253
186.221 372.610
188.217 390.666
199.234 402.141
219.660 400.914
244.365 389.925
269.142 373.865
290.780 355.981
304.008 337.375
309.021 315.474
310.973 294.838
310.954 268.986
140.426 268.422
139.091 272.604
142.783 277.034
148.345 281.419
156.555 286.489
187.543 298.498
196.165 297.316
207.918 295.825
220.699 294.259
236.699 291.800
174.158 301.546
173.195 314.972
169.198 329.342
168.228 344.434
167.530 334.385
172.977 343.299
182.514 347.816
196.998 346.477
210.077 339.423
152.721 286.272
150.816 287.832
160.201 289.175
168.513 292.893
162.205 296.228
154.319 295.288
206.037 303.587
206.995 306.939
217.140 306.552
228.427 305.628
218.843 311.510
209.407 309.153
171.030 360.211
165.754 362.108
168.917 363.228
180.370 364.564
197.393 364.688
212.960 365.993
226.474 366.574
215.110 373.218
199.224 379.680
185.006 381.230
176.057 376.817
172.763 368.269
173.753 360.393
172.683 369.529
185.426 373.076
203.654 372.147
223.518 366.086
199.735 373.840
184.037 375.810
174.845 371.036
154.379 289.826
211.219 303.908
