200.478 248.077
202.896 267.678
205.024 284.105
201.779 301.531
201.009 316.408
202.138 329.802
207.330 342.848
217.898 354.512
235.500 361.936
259.218 358.037
281.023 350.542
299.530 339.306
312.689 328.892
319.331 315.659
323.716 297.715
329.654 281.217
339.867 260.987
198.200 213.952
201.828 209.059
209.994 206.990
219.283 208.630
229.764 213.474
263.546 216.649
275.506 213.283
289.360 212.846
301.281 215.559
311.020 221.795
245.149 227.612
242.193 240.738
238.771 252.806
236.273 268.124
220.420 277.193
228.025 283.420
241.113 287.173
257.272 285.049
270.778 276.616
201.075 229.413
206.507 223.423
217.041 224.760
225.541 231.561
214.375 231.618
205.064 230.633
271.608 235.698
280.784 230.160
293.710 230.395
301.635 237.458
294.678 237.695
279.834 236.795
211.812 307.628
214.256 300.253
221.592 298.609
240.853 299.429
263.512 300.469
276.041 302.447
284.373 312.819
271.675 324.607
253.925 329.617
236.677 330.042
222.975 326.626
215.260 319.907
212.862 309.346
222.398 303.464
241.882 304.444
264.772 305.231
282.434 313.406
257.126 324.263
238.918 325.712
223.858 321.576
211.759 226.602
287.059 232.659
