204.193 281.015
211.678 302.118
216.038 320.688
218.573 336.526
223.506 348.163
228.316 358.871
242.096 362.078
257.667 361.636
278.472 358.226
302.010 345.278
324.803 332.662
346.397 315.473
357.656 299.288
364.767 283.910
366.335 264.062
362.035 245.383
358.419 221.266
191.678 239.728
194.554 230.375
201.762 223.082
210.192 219.223
220.833 218.121
253.993 203.454
263.801 196.384
276.263 191.635
288.806 189.540
303.632 192.396
239.446 223.919
240.429 237.990
240.502 249.396
242.321 262.022
236.990 288.339
244.500 288.016
254.761 283.920
267.532 279.166
278.546 271.676
206.945 247.796
207.167 239.283
217.426 235.151
228.614 239.850
220.744 245.025
211.454 249.881
266.670 225.025
268.636 213.761
281.266 209.772
292.590 214.175
283.990 220.933
273.227 224.399
241.163 319.863
240.428 313.440
244.041 306.604
256.205 299.273
273.592 294.830
285.091 295.878
294.439 300.203
288.732 306.092
278.412 313.998
265.049 321.058
251.713 323.773
245.133 322.889
243.442 319.378
249.677 314.109
261.517 309.379
277.721 303.374
292.741 301.025
273.339 306.045
262.037 311.549
250.951 315.107
211.562 240.382
274.452 215.304
