156.856 283.045
168.842 307.162
176.769 326.930
181.697 347.564
189.618 364.874
204.971 379.625
222.624 394.143
241.843 404.922
262.399 407.942
281.875 395.723
297.783 377.924
311.618 355.440
323.384 334.913
325.607 314.229
323.405 290.119
320.816 268.598
320.174 240.724
160.318 259.780
166.128 254.065
176.378 249.231
187.807 247.094
200.634 248.143
239.919 236.806
250.574 229.889
263.423 226.009
274.884 224.888
286.113 226.798
223.582 259.091
226.219 278.671
228.120 294.039
231.232 309.661
216.693 325.543
226.082 328.243
238.098 326.638
252.031 321.534
261.758 311.263
174.658 275.590
178.183 268.811
192.168 266.279
201.588 271.157
193.178 276.308
180.439 279.667
251.825 256.727
257.626 247.240
270.408 244.111
280.089 247.412
273.123 255.240
260.099 258.450
220.157 361.135
219.475 351.263
224.481 344.159
240.798 340.033
259.571 334.702
270.625 337.410
277.819 345.128
273.934 359.758
265.630 373.017
250.833 380.098
235.389 380.889
226.973 372.950
223.214 361.577
229.822 353.695
244.254 349.787
261.950 344.611
275.611 346.373
263.697 365.898
248.983 372.458
233.943 373.865
184.790 269.682
264.091 249.242
