167.363 219.439
161.290 242.388
156.235 260.395
153.860 278.771
155.106 295.626
160.422 312.513
175.209 329.084
193.482 347.138
215.718 362.706
238.781 366.206
255.433 365.493
271.023 360.197
279.711 348.534
287.024 334.816
296.922 316.815
304.945 300.549
315.468 280.737
214.306 196.659
227.535 196.260
240.816 198.558
251.624 202.842
261.353 209.695
297.593 224.305
307.903 225.923
317.586 230.583
325.675 236.471
330.858 245.423
276.232 226.867
274.918 238.402
273.108 251.224
269.003 265.912
231.767 265.784
238.211 276.459
247.903 284.181
257.943 289.223
267.883 289.947
219.956 216.252
229.992 216.550
241.075 221.133
247.338 228.398
239.326 227.426
226.079 222.514
288.993 247.037
300.718 245.874
309.194 249.298
312.596 255.247
308.003 257.647
296.579 252.783
204.028 289.671
211.762 289.370
221.001 290.543
233.284 296.917
246.811 304.426
252.056 312.704
253.957 321.266
247.607 322.046
238.554 320.563
223.761 315.050
212.303 305.614
206.675 297.171
205.998 291.995
217.854 296.632
230.169 303.859
242.079 310.853
253.149 320.324
241.362 310.949
228.478 305.347
217.361 297.259
234.254 218.210
303.323 247.802
