167.489 282.690
175.524 308.017
182.222 329.021
186.492 351.001
194.032 370.128
206.253 389.170
221.676 405.085
241.077 417.032
264.236 420.123
287.113 409.143
304.985 392.867
319.993 370.814
329.676 347.441
332.506 325.648
332.130 302.154
332.784 280.728
333.770 254.730
173.000 250.609
182.148 242.193
196.213 236.849
209.290 236.042
222.969 238.882
268.324 227.844
279.806 220.468
293.153 216.771
305.763 217.112
316.578 223.297
248.816 255.499
252.573 278.319
255.420 295.372
258.305 314.557
235.302 325.662
244.713 329.456
258.712 329.600
272.932 324.668
281.180 315.609
193.563 274.348
200.168 267.319
213.643 264.817
223.104 271.092
213.800 276.415
199.904 278.739
276.160 260.247
285.364 250.423
296.973 249.543
305.469 253.791
300.757 259.733
285.529 262.109
224.705 366.421
231.185 355.537
241.163 349.751
260.483 344.691
281.236 343.292
292.122 345.838
295.668 355.815
285.916 367.877
272.009 379.193
256.181 384.900
240.978 384.167
230.267 377.171
225.699 365.569
241.459 356.263
261.782 351.830
281.094 350.229
292.276 354.735
271.270 370.010
254.937 376.472
239.133 376.433
206.707 270.483
291.711 254.887
