197.149 227.595
204.569 251.917
214.288 271.308
231.906 293.816
248.128 311.686
277.921 326.812
307.864 339.580
332.995 351.085
350.055 362.077
353.006 364.043
345.841 364.706
335.013 362.731
321.170 357.768
308.926 345.547
300.235 325.495
293.509 310.125
285.390 287.546
284.798 188.006
299.056 184.836
311.443 187.321
320.774 193.072
327.985 201.975
346.205 217.844
348.305 218.578
348.291 222.550
346.495 228.303
340.949 238.523
339.236 223.377
349.315 236.433
360.507 246.546
370.168 259.913
329.505 264.831
342.121 273.958
355.234 281.610
356.887 284.901
353.626 283.342
295.189 212.616
306.695 207.209
312.254 213.317
314.070 225.175
314.364 222.484
307.090 217.711
335.570 241.963
343.017 236.136
345.638 241.413
342.241 250.650
346.999 250.684
343.815 246.193
328.513 301.539
340.741 296.343
351.960 294.573
362.722 297.972
366.008 303.643
364.685 312.040
358.550 324.221
361.852 326.424
364.211 325.129
360.670 321.450
351.704 316.616
340.284 309.667
328.841 302.348
346.425 302.516
357.756 307.069
362.062 312.776
356.624 323.062
361.750 318.210
358.291 313.684
348.988 308.746
309.855 212.288
344.137 240.746
