194.650 270.003
199.068 287.618
202.843 300.465
207.130 321.194
213.094 338.139
231.000 355.191
251.709 370.688
271.540 382.367
287.372 382.486
299.595 370.369
299.842 350.884
297.084 329.159
293.948 307.839
291.770 289.252
296.100 271.357
305.074 256.405
315.261 234.502
264.293 294.545
279.275 297.014
294.997 297.862
306.722 298.678
315.554 298.593
343.743 288.322
350.982 281.794
355.420 274.489
356.889 268.519
353.619 262.934
329.993 304.677
331.765 321.280
332.554 338.768
333.262 359.412
292.139 340.497
301.803 348.923
312.725 351.694
316.121 343.953
316.214 332.546
266.241 306.058
278.590 304.437
287.972 299.969
291.024 300.033
286.065 307.914
275.721 311.322
321.913 290.215
333.669 287.154
340.093 283.926
338.134 281.534
337.096 289.289
331.414 293.104
276.220 358.422
286.725 358.760
298.160 358.778
307.401 357.007
313.120 353.135
314.620 346.341
312.913 341.986
312.163 353.127
308.239 365.042
302.849 368.380
295.877 368.889
285.505 364.207
276.648 356.612
291.250 358.081
300.143 356.449
306.547 351.117
310.792 341.819
307.640 354.270
302.262 357.292
295.885 358.807
281.703 303.193
334.973 285.495
