176.885 249.016
179.382 273.768
183.240 293.471
181.827 317.693
180.451 337.275
178.230 359.092
180.421 378.589
187.996 394.945
203.703 406.569
226.676 403.250
251.777 396.260
278.066 382.872
299.311 365.186
311.867 345.582
323.004 324.075
331.353 305.456
340.277 280.110
159.263 248.524
161.870 249.460
169.848 251.485
178.572 254.507
188.336 259.814
225.036 265.092
236.469 263.556
250.198 264.578
263.918 266.562
278.922 269.579
203.510 276.712
196.516 295.932
188.646 314.577
183.856 334.245
185.927 329.279
189.441 339.102
195.804 344.710
208.357 343.338
221.631 335.148
173.264 265.692
175.472 264.875
187.161 268.143
193.070 274.523
184.163 275.746
175.007 272.920
234.808 280.818
238.611 276.491
251.463 278.364
261.368 282.208
251.392 287.328
239.660 284.970
182.485 350.749
183.566 352.110
186.717 354.917
197.018 360.725
211.965 361.258
222.644 362.025
232.749 363.688
225.134 368.662
212.243 373.032
199.145 372.458
188.755 367.327
184.453 358.703
185.356 350.364
191.735 355.834
201.605 361.952
216.114 362.085
231.748 362.198
213.708 364.253
200.607 363.300
189.749 358.738
181.105 268.091
247.150 279.856
