171.239 273.069
182.335 294.899
188.791 313.900
193.293 336.455
197.881 355.159
205.338 377.585
215.560 398.114
229.657 412.774
248.177 418.346
267.294 411.216
286.051 396.586
305.000 375.030
320.037 351.038
323.486 328.110
321.413 304.072
319.293 283.442
318.798 257.191
155.667 295.067
158.331 297.414
166.180 300.265
175.478 303.656
187.284 307.398
226.962 303.609
237.491 297.501
250.132 291.660
262.524 286.777
275.529 282.909
211.303 317.582
214.363 334.796
215.008 350.231
215.728 365.547
203.371 365.953
213.082 373.666
223.474 375.354
235.599 372.518
244.978 364.227
169.451 313.996
172.064 317.832
183.365 318.097
192.624 318.418
185.586 321.557
174.401 322.301
239.254 315.241
245.917 314.807
257.567 312.493
268.464 306.901
259.374 317.030
246.610 318.092
205.855 391.432
203.624 389.406
208.690 387.863
221.943 387.680
237.930 386.243
249.371 386.665
258.108 388.469
255.106 397.858
246.081 410.203
232.428 413.912
219.995 411.909
210.741 401.459
209.036 390.301
213.955 395.548
226.622 397.123
241.427 394.198
256.158 387.542
240.082 401.737
227.945 404.068
216.160 403.645
178.153 317.233
252.777 312.509
