160.357 248.619
167.621 273.287
174.067 291.645
181.014 314.523
186.514 334.326
201.373 354.887
221.677 371.513
242.734 386.528
265.894 393.677
287.802 383.961
302.724 367.309
317.221 347.806
324.893 326.557
325.569 305.448
327.144 283.136
330.167 264.187
336.741 238.811
195.782 253.853
208.484 255.217
224.167 255.961
237.594 258.112
249.880 261.530
292.551 256.350
304.201 251.236
316.225 247.683
325.876 245.330
331.730 243.449
270.989 271.814
272.812 289.609
275.215 306.812
277.644 326.177
246.229 324.282
256.931 332.344
270.133 334.854
280.356 333.672
288.669 324.522
210.795 272.562
220.675 270.382
234.527 270.962
241.298 273.915
231.914 278.570
218.857 278.249
287.584 271.475
298.262 265.369
310.491 263.913
315.296 266.430
311.224 273.013
299.163 275.512
235.819 348.431
240.983 347.334
250.639 347.743
268.562 348.613
283.277 347.565
291.847 347.346
295.653 348.600
290.039 354.580
279.610 361.820
267.132 363.071
252.019 360.158
240.895 353.880
236.912 347.674
250.858 349.970
267.781 351.665
282.574 350.926
293.378 348.028
279.803 351.962
267.146 352.736
252.379 350.868
225.560 273.858
303.347 270.083
