195.512 241.201
208.959 265.414
219.706 284.074
238.319 301.009
254.434 314.703
282.499 324.073
311.834 332.290
337.634 340.178
356.545 348.455
363.154 347.478
357.311 346.972
347.678 345.118
331.948 341.305
317.933 332.614
308.455 319.404
305.653 305.623
304.395 287.087
275.400 201.685
288.793 197.699
301.100 197.240
310.827 200.176
318.630 206.297
339.780 217.660
343.061 218.337
344.979 222.219
345.121 228.063
342.917 237.181
333.920 222.125
344.402 232.798
354.147 241.197
365.976 251.098
330.916 270.854
343.435 274.204
354.029 276.712
354.031 279.430
349.719 277.990
290.153 223.540
300.250 217.211
307.421 221.664
309.729 228.564
309.326 228.291
301.710 226.106
334.835 242.037
341.093 239.276
346.987 243.085
344.340 250.403
347.307 249.908
342.963 246.009
330.281 301.264
341.738 294.128
351.704 288.899
361.379 288.826
364.824 294.759
363.487 301.805
360.872 310.546
362.661 311.975
363.750 314.632
360.103 314.054
350.295 310.224
338.828 305.284
329.502 302.064
347.214 299.026
358.068 298.963
359.646 303.436
358.426 310.545
360.158 303.797
356.572 303.628
348.115 301.174
304.699 222.298
343.667 242.635
