182.552 275.739
185.705 300.749
188.783 322.230
192.244 347.901
199.292 369.460
207.380 396.239
214.969 421.813
225.197 443.053
242.731 453.525
262.339 447.256
279.797 429.582
296.158 405.436
311.284 380.151
321.156 357.021
325.436 331.116
326.868 307.535
325.769 279.407
152.186 270.479
153.230 266.886
159.428 266.054
167.455 268.325
177.813 273.411
214.255 274.725
225.248 270.160
239.145 268.206
252.918 268.553
268.373 272.466
195.789 294.544
194.129 316.972
190.100 335.004
187.018 355.681
186.082 355.060
191.193 364.648
201.886 369.777
217.943 368.648
233.425 357.412
167.659 294.709
169.284 290.620
178.889 290.507
189.111 297.912
178.933 302.547
169.712 301.974
230.620 299.544
236.363 291.757
247.140 292.931
259.494 298.119
250.436 305.438
237.276 305.049
196.149 396.707
190.529 391.594
192.487 392.051
203.667 394.962
220.605 395.693
235.714 398.351
252.149 404.703
250.548 420.231
243.181 434.590
229.671 439.769
214.374 429.583
205.493 413.843
199.589 397.517
196.576 393.301
207.273 397.755
225.750 397.839
248.806 403.473
238.551 426.891
228.008 433.280
215.002 423.139
174.209 295.815
241.806 298.679
