212.391 245.828
214.913 270.005
219.829 290.013
225.191 307.472
231.137 322.436
249.381 336.567
271.775 353.134
297.361 369.729
320.156 379.337
336.494 377.465
341.853 369.057
342.777 358.376
339.575 348.945
336.006 336.548
336.652 319.881
341.318 304.505
346.179 283.665
278.508 216.568
293.434 214.091
309.598 215.952
322.198 221.100
332.604 228.595
365.864 239.222
373.983 238.421
380.483 240.107
384.166 243.816
382.667 250.632
350.347 245.797
353.239 259.304
355.965 271.956
359.133 285.006
313.667 291.517
325.085 299.452
339.772 304.633
345.995 305.885
348.741 301.774
288.335 241.061
300.054 237.154
310.435 241.199
313.092 249.026
308.270 247.506
298.124 244.832
353.637 261.948
364.442 258.253
371.632 259.034
370.551 267.352
370.551 267.774
364.099 265.378
287.331 322.416
301.113 316.498
315.517 315.945
334.209 320.684
345.502 323.293
347.469 327.635
348.805 337.299
343.981 344.536
337.480 346.038
325.616 344.181
310.120 338.509
295.375 332.753
284.790 323.609
310.165 320.120
330.543 324.334
340.371 327.100
346.242 338.213
334.383 340.413
323.607 338.159
307.938 334.090
305.988 238.641
367.882 258.723
