202.865 268.629
205.888 290.824
210.838 307.803
210.553 325.381
212.314 340.118
213.352 354.184
218.259 366.092
226.003 375.929
240.929 377.918
262.537 370.600
285.905 356.954
308.802 339.485
326.528 320.672
336.824 302.051
341.732 280.773
342.516 261.743
340.336 237.467
172.769 257.892
175.166 254.677
181.758 251.820
189.117 250.931
198.338 251.473
229.971 238.339
240.132 233.142
252.912 230.097
265.220 228.891
279.570 229.700
213.979 256.504
211.075 268.668
206.936 280.249
204.970 295.478
206.628 303.492
211.748 310.709
220.596 313.075
230.827 308.985
240.221 302.487
187.388 266.158
188.650 264.391
199.844 262.840
208.059 263.356
198.611 267.613
190.025 270.062
244.311 254.391
248.270 245.434
260.696 243.544
269.840 247.465
261.869 254.603
250.632 256.247
210.238 333.967
212.344 332.694
216.660 331.410
227.418 332.062
240.862 331.214
251.158 331.747
261.605 331.046
253.405 337.147
244.942 342.422
233.905 346.925
222.135 345.538
215.781 339.521
213.217 333.337
220.512 334.106
231.406 335.608
244.367 335.162
259.981 330.950
242.302 338.868
233.154 341.663
222.341 340.959
194.166 261.025
256.405 248.097
