196.422 269.144
200.889 292.464
200.826 312.040
195.710 332.879
192.993 350.767
188.669 371.293
188.844 391.043
189.024 410.157
196.872 423.432
214.843 421.335
236.617 411.646
258.558 397.618
278.032 379.727
290.975 360.698
299.187 337.905
301.009 315.590
301.572 287.744
146.883 267.588
141.611 267.191
141.635 268.775
144.569 272.238
150.795 277.682
170.252 281.825
177.220 278.433
188.273 276.623
200.920 276.828
217.537 279.790
161.125 294.713
158.455 314.182
154.317 330.909
150.632 347.284
170.081 340.432
171.193 348.796
174.788 355.166
184.364 353.156
194.702 348.341
153.688 286.315
149.524 285.518
154.673 287.110
163.024 292.791
155.554 295.680
151.101 292.970
186.434 299.779
186.329 297.116
194.644 296.970
207.484 298.867
198.462 305.533
188.994 305.726
183.139 356.425
175.302 354.207
171.988 357.272
178.633 363.078
194.566 364.945
211.066 365.541
227.119 370.442
218.022 384.157
202.530 393.994
192.133 394.106
185.391 385.046
185.565 371.531
186.017 357.901
177.278 359.088
182.611 365.351
201.275 367.090
227.111 370.826
205.177 386.472
193.388 387.426
187.119 378.637
152.804 288.784
192.183 299.580
