183.029 232.208
186.561 253.201
187.212 269.222
188.993 281.060
195.035 290.358
210.210 291.987
228.534 292.191
250.328 294.242
273.978 297.876
297.331 298.483
315.052 301.202
329.188 303.902
340.478 306.345
344.888 300.477
347.097 286.015
347.253 270.926
352.287 251.311
213.992 170.056
225.448 162.193
238.897 159.013
250.642 159.693
262.091 163.604
302.424 167.071
314.229 165.949
326.657 168.740
337.282 174.261
345.488 185.044
280.817 175.039
280.606 182.859
281.337 189.232
281.701 197.565
254.136 223.936
263.670 223.423
278.347 222.540
291.704 226.704
299.588 229.451
227.617 186.404
235.841 178.215
249.816 180.421
256.648 189.197
248.763 186.595
235.770 185.602
302.024 192.800
311.696 184.383
324.424 187.379
329.394 196.306
323.355 195.154
311.618 193.011
239.569 252.213
247.266 239.184
259.410 232.401
277.455 230.609
295.209 235.974
306.680 246.660
309.924 261.781
302.037 260.973
289.122 259.346
275.808 256.377
261.139 256.214
248.874 255.136
242.876 253.476
258.042 243.061
276.809 242.754
295.465 247.378
306.664 261.334
290.795 251.495
277.210 247.996
261.527 248.633
242.121 181.330
317.237 188.426
