170.814 274.519
171.731 299.562
173.566 320.425
173.089 342.680
176.125 362.550
181.854 386.934
190.269 408.705
200.125 425.386
216.511 434.736
237.047 431.224
256.698 420.324
276.500 401.731
292.418 379.373
302.699 359.229
311.968 337.346
320.002 317.723
326.082 291.258
168.980 257.741
174.476 253.454
184.131 252.102
194.211 254.554
205.143 260.345
246.037 264.016
258.949 260.663
273.460 260.160
286.036 262.824
296.669 269.540
222.430 281.863
218.390 304.322
213.839 322.707
208.359 343.882
203.627 341.198
206.113 351.521
213.301 356.384
223.562 355.353
234.379 347.302
181.078 284.831
185.552 280.473
198.507 280.741
207.639 288.460
196.084 291.197
184.047 290.192
249.553 293.419
258.755 287.330
270.691 289.809
279.450 296.154
271.171 301.131
258.114 299.517
199.596 384.307
201.715 380.495
205.579 378.829
211.620 378.239
218.811 380.753
226.251 384.797
231.433 390.761
226.648 396.863
219.138 404.353
214.149 405.934
208.983 402.109
203.557 393.224
200.605 382.732
207.889 383.619
214.143 383.291
221.475 385.732
232.658 389.090
220.200 394.913
214.754 396.485
208.294 392.836
190.821 284.920
264.099 293.755
