153.942 273.230
159.717 298.688
165.284 318.515
167.685 340.669
170.934 359.065
178.971 378.157
192.284 392.230
206.894 403.661
226.278 410.309
248.388 405.697
267.244 397.045
287.396 383.734
302.631 364.915
309.345 344.818
314.891 322.889
320.947 304.230
327.856 278.846
167.507 279.549
177.087 281.227
190.418 282.249
201.999 284.176
212.634 286.684
245.456 279.108
256.746 273.868
270.083 270.058
282.558 268.223
293.920 269.134
227.495 296.488
226.048 311.841
223.835 324.410
222.324 339.165
207.131 340.457
213.903 346.827
223.948 350.501
236.707 350.486
246.146 343.700
178.212 294.726
183.899 289.382
197.413 291.696
205.431 299.308
193.580 302.807
182.861 301.670
255.515 302.112
263.556 292.428
276.775 291.562
286.238 298.506
279.664 305.172
267.031 306.289
198.960 368.531
203.201 365.186
209.212 363.494
220.820 364.403
235.341 367.191
244.798 371.874
252.744 377.005
246.128 383.734
235.279 390.658
222.571 390.322
211.347 385.909
204.006 377.242
201.672 367.760
211.376 367.867
223.484 370.526
236.905 374.155
250.654 375.350
234.488 378.573
224.103 378.231
213.441 374.376
188.165 293.718
269.386 297.083
