200.796 272.832
201.081 294.022
197.601 310.560
194.234 326.273
194.568 338.974
198.758 347.470
208.953 351.551
219.146 356.000
235.785 360.090
258.911 358.118
282.252 356.961
308.378 355.303
328.241 348.115
338.313 335.275
342.320 317.061
341.959 298.761
344.513 275.646
198.733 242.480
204.426 239.085
213.434 237.503
222.574 237.993
232.647 240.043
262.513 240.022
272.883 237.866
285.500 237.142
297.508 237.958
310.014 241.314
246.027 246.077
242.656 255.574
237.984 267.890
233.663 284.543
226.316 292.530
230.845 297.889
240.149 300.138
252.574 299.294
263.721 291.821
208.316 255.426
211.621 251.088
223.767 251.624
231.562 257.073
223.209 260.040
211.330 260.566
271.043 257.748
279.141 251.360
292.153 251.402
299.819 255.910
292.297 260.852
279.369 260.690
217.601 321.286
220.853 317.346
225.990 315.109
238.760 315.663
252.915 314.989
263.133 318.533
271.180 322.402
263.998 320.937
251.992 317.869
238.676 316.725
227.419 316.381
222.204 319.215
220.079 321.450
229.355 320.117
240.641 321.067
253.945 320.312
270.104 322.465
253.285 314.577
240.095 313.585
229.555 313.873
217.323 252.209
285.281 252.159
