205.918 283.406
212.491 304.934
215.735 322.222
215.942 341.160
216.165 356.628
215.046 369.921
219.092 378.162
226.775 384.290
241.985 386.729
261.590 378.017
283.622 367.191
306.906 352.458
325.148 335.729
334.103 318.476
339.149 297.743
342.992 278.602
344.667 252.771
181.667 255.080
182.105 249.960
187.433 246.216
194.501 245.284
203.280 246.678
234.307 237.857
244.150 231.541
256.843 227.292
269.687 225.539
284.770 227.707
219.591 256.659
215.545 272.769
212.289 286.778
208.414 302.261
211.011 317.357
213.733 320.761
220.121 320.774
234.016 317.579
246.227 310.172
191.833 272.140
191.711 267.379
202.449 266.258
209.773 269.238
201.767 273.721
193.341 275.502
247.912 260.330
250.364 253.328
262.451 250.031
272.247 253.593
263.910 258.786
252.389 260.977
208.589 346.926
208.420 342.150
210.679 338.431
219.033 335.554
233.496 333.992
244.523 336.182
252.752 340.596
247.095 347.798
237.770 355.751
225.599 358.273
215.932 358.493
210.563 353.181
211.316 346.751
216.421 345.201
224.658 345.014
237.114 341.836
252.661 340.989
235.655 343.883
224.925 346.182
215.604 347.481
197.140 268.338
257.521 253.853
