175.783 222.228
169.089 242.084
162.742 258.700
161.798 283.722
163.454 304.156
169.001 330.513
184.775 352.245
203.974 369.223
222.679 379.122
241.639 374.278
257.356 362.443
272.650 345.838
281.407 322.990
289.079 303.269
298.376 284.305
306.752 270.390
318.297 252.799
220.527 271.676
232.311 277.774
244.826 282.421
255.159 285.721
264.558 288.252
297.139 294.605
306.355 294.684
314.922 294.032
321.681 292.556
325.801 289.873
275.440 303.553
270.330 321.679
266.473 336.614
262.283 351.851
233.250 337.027
239.950 346.121
250.146 351.022
257.835 347.953
265.402 341.486
223.835 287.441
233.286 293.137
242.538 293.293
246.991 294.232
239.190 298.301
227.990 295.255
285.911 301.863
295.616 306.027
305.457 305.361
308.833 303.399
303.360 309.292
293.978 309.219
208.070 348.918
217.941 349.800
228.698 354.303
244.640 358.533
256.208 357.778
262.033 354.229
262.724 354.336
258.391 359.418
247.895 365.038
236.802 364.749
225.678 363.110
213.966 355.552
209.367 346.189
225.260 351.636
240.318 355.608
252.237 354.701
261.317 351.935
252.190 357.686
241.268 358.475
227.201 355.866
234.340 290.815
298.604 303.496
