177.271 250.748
179.594 276.736
182.039 298.356
182.002 317.628
184.445 335.758
193.715 356.245
207.721 375.438
224.144 392.791
244.647 402.812
265.275 399.526
278.325 388.511
290.207 375.042
296.503 359.066
299.863 342.627
306.029 324.553
317.055 307.008
326.417 283.766
214.353 229.707
224.684 226.970
238.157 227.796
250.273 232.379
261.463 240.124
302.710 249.561
314.433 247.795
324.862 248.797
331.578 251.894
333.552 257.610
278.712 260.274
276.679 278.369
275.706 293.696
275.337 310.826
244.644 312.876
253.699 319.610
266.623 324.053
277.454 323.345
285.513 317.521
218.409 253.547
229.316 249.532
239.875 252.733
246.813 262.351
237.731 264.382
226.165 261.703
296.228 273.268
310.420 267.845
318.850 270.524
323.151 276.555
318.134 281.643
306.964 279.701
226.250 343.537
238.376 336.611
249.124 334.731
265.071 336.173
279.357 338.665
284.653 342.408
286.187 351.537
278.189 364.355
267.744 373.697
255.185 374.771
241.438 369.541
230.989 358.045
227.052 344.678
246.427 339.473
263.565 341.053
277.202 343.393
283.714 351.617
270.247 366.362
257.020 367.447
241.732 362.532
232.475 253.855
310.348 271.413
