177.595 269.717
178.448 297.482
179.470 319.254
180.763 338.436
186.074 355.314
200.063 372.163
219.367 387.237
239.974 400.767
261.187 408.140
281.737 404.257
300.268 395.519
318.520 384.193
331.651 371.315
337.052 354.707
341.211 333.569
346.333 314.902
352.546 289.519
208.123 247.618
219.553 245.238
233.957 245.555
246.561 248.457
259.105 254.586
305.733 267.149
318.237 265.275
330.309 265.862
339.736 267.472
346.886 270.372
281.108 273.501
280.187 288.765
280.244 302.513
280.114 317.444
246.359 328.627
258.065 334.792
272.544 335.977
285.737 339.070
297.471 334.084
221.701 266.633
229.522 261.302
243.376 264.315
250.492 273.179
243.637 273.856
228.864 274.014
306.098 281.195
315.867 282.038
328.476 282.620
332.133 284.478
325.981 286.530
315.727 285.442
237.395 358.616
243.919 354.325
253.535 352.561
269.104 354.665
284.144 356.407
292.556 361.074
298.647 367.539
290.530 372.306
280.671 377.603
266.240 377.652
252.785 373.597
242.625 366.054
239.940 358.300
252.923 357.905
268.142 361.610
282.784 362.738
295.215 366.437
279.737 367.080
267.481 365.261
254.601 363.385
230.038 269.757
315.398 281.032
