173.898 233.487
174.940 258.444
174.292 279.155
171.607 298.669
172.033 317.795
171.991 339.800
180.251 359.266
189.938 376.927
206.173 387.203
230.179 380.473
253.433 366.453
276.824 348.764
293.295 328.155
305.126 308.782
313.834 286.725
317.268 265.032
323.072 237.010
154.379 208.493
156.794 203.783
163.274 201.303
171.492 202.052
181.846 205.859
217.650 205.552
228.914 202.047
242.323 201.544
254.617 203.546
267.753 209.221
196.859 223.082
191.761 241.361
186.177 255.528
182.556 272.552
180.066 278.854
185.868 285.516
195.338 288.539
208.994 287.023
222.972 279.563
162.577 228.447
165.037 224.568
175.305 225.444
184.165 231.762
173.007 234.551
163.791 233.637
228.922 233.918
233.436 227.123
245.035 227.490
254.865 232.371
245.982 236.763
234.308 236.623
177.801 315.267
177.901 306.354
182.160 302.427
196.307 301.949
216.225 303.064
233.283 307.396
246.481 317.198
236.816 334.715
220.909 347.700
203.958 352.802
190.206 345.854
183.575 332.688
180.325 317.855
184.568 306.183
198.226 305.921
222.021 307.212
244.984 318.671
223.547 340.400
205.597 345.915
191.578 339.110
169.157 227.756
239.450 230.462
