180.106 258.437
182.831 283.031
181.541 302.098
182.619 318.368
186.307 332.378
192.162 349.086
209.961 360.575
228.740 371.700
248.552 377.609
267.615 375.251
284.621 369.293
302.691 363.056
308.158 349.303
312.354 336.936
317.083 322.548
319.407 303.621
328.335 280.928
208.924 243.871
218.447 241.581
230.202 241.474
240.946 243.959
251.292 249.897
285.867 255.012
296.652 252.572
307.990 252.851
317.660 254.840
325.080 259.743
265.984 268.131
263.505 283.756
262.736 295.500
263.351 306.992
236.020 316.786
246.581 321.555
258.166 324.224
268.989 323.975
280.599 320.658
215.067 263.163
223.664 261.706
234.885 263.248
241.240 269.785
231.327 271.786
220.351 268.484
286.768 277.295
295.866 273.055
306.408 273.136
311.924 276.598
307.278 281.054
295.545 280.136
224.931 335.241
232.681 336.902
242.211 337.105
256.942 337.990
268.398 338.853
277.165 341.417
282.475 341.573
275.964 347.328
266.652 354.518
253.816 355.213
240.628 351.170
231.826 342.329
227.757 334.761
241.456 341.747
254.734 344.952
267.537 344.446
279.151 340.663
267.777 344.450
255.003 344.619
241.893 341.832
229.357 264.438
301.741 275.130
