192.390 282.260
198.257 300.237
201.170 314.359
203.417 326.682
206.208 337.094
211.900 343.860
221.776 347.084
237.318 348.736
259.438 351.080
283.064 347.567
300.070 346.669
312.739 341.633
320.328 333.845
324.333 322.980
329.771 306.803
333.259 291.128
337.403 270.830
200.486 238.381
206.981 231.625
217.755 226.826
228.246 225.371
239.235 226.616
273.506 223.028
284.376 220.416
296.592 220.509
306.948 222.927
315.539 228.280
255.768 234.062
256.467 241.894
256.335 247.025
255.549 255.829
235.705 281.144
244.267 282.369
257.010 279.095
269.946 281.170
279.305 277.763
209.459 252.515
214.697 243.050
228.241 242.249
237.426 249.025
227.741 250.451
214.564 252.116
278.691 246.719
287.554 237.303
301.001 237.344
308.174 246.311
300.560 246.998
287.113 246.854
229.667 308.962
233.085 299.588
241.767 291.638
256.523 287.228
270.497 289.274
279.704 296.573
284.772 307.407
278.120 309.971
267.912 313.518
254.701 313.840
243.316 312.823
235.381 310.748
232.749 309.768
242.622 302.771
256.930 300.283
270.386 300.042
283.585 307.103
267.744 301.508
255.593 302.317
244.275 303.067
221.469 245.037
293.829 240.474
