201.199 325.207
209.082 346.636
218.578 364.363
234.572 381.427
249.409 394.436
275.870 404.875
304.235 408.723
328.004 407.241
343.446 399.651
350.415 383.685
347.865 365.122
339.505 343.604
326.150 323.173
315.186 304.771
308.997 283.984
304.598 266.426
300.830 243.584
276.981 310.433
291.538 304.503
305.041 298.636
315.035 294.523
322.967 291.386
346.373 269.769
350.571 260.931
352.647 253.944
352.181 249.356
347.849 247.371
339.233 292.746
349.638 308.655
359.851 324.915
367.881 342.571
328.449 351.205
341.995 354.441
353.346 351.581
354.487 342.795
350.318 329.377
289.248 319.822
300.264 313.138
307.439 307.417
309.529 307.714
306.905 316.215
298.636 321.569
335.932 284.710
345.934 276.052
349.969 270.023
346.944 269.884
349.251 277.095
344.974 283.462
326.386 382.113
334.989 375.980
345.333 371.364
356.465 366.306
360.074 357.532
358.972 352.181
355.764 351.463
356.683 360.331
357.023 372.602
352.939 378.465
345.775 383.330
333.475 383.393
325.850 380.300
339.696 374.424
351.112 368.907
355.248 359.837
353.231 352.148
356.557 364.229
352.520 370.900
343.009 376.484
303.038 313.124
346.383 275.777
