237.825 238.926
235.907 258.631
232.354 272.724
222.822 289.964
214.766 304.541
200.186 319.675
187.444 335.699
174.955 351.657
171.538 363.097
180.473 363.621
195.949 357.842
211.817 349.824
230.258 339.425
243.684 324.556
252.867 305.936
259.362 293.143
264.606 273.043
179.131 222.512
170.777 221.354
164.896 222.604
162.072 226.375
161.166 232.551
163.298 238.416
166.540 236.565
172.143 236.982
179.197 239.088
189.789 244.482
159.557 249.252
151.348 262.510
141.749 274.187
132.470 287.730
165.020 287.580
157.746 297.837
152.833 304.001
159.573 305.300
168.210 299.222
174.485 242.638
166.186 241.143
166.455 245.158
170.585 251.355
165.131 250.760
166.719 247.340
173.296 260.947
167.397 257.642
170.531 259.680
181.286 264.382
171.779 266.644
168.476 264.522
180.173 306.718
169.682 305.828
159.793 308.669
154.798 313.840
161.862 318.941
173.777 322.974
187.454 329.345
175.916 339.129
164.634 344.182
158.250 342.149
160.624 332.997
169.754 321.013
181.312 308.346
167.017 311.154
161.190 317.651
170.129 321.760
187.780 329.250
165.009 335.962
159.842 333.430
162.360 325.013
166.805 245.074
171.120 261.040
