182.850 273.321
186.115 299.041
188.167 320.244
192.840 337.348
200.291 351.896
216.365 364.889
238.634 373.111
262.510 379.057
285.912 380.834
306.365 376.012
319.682 368.456
331.543 358.547
336.706 345.902
337.844 332.235
337.503 315.261
337.553 295.736
337.785 270.304
214.871 249.226
225.609 245.226
239.148 243.408
251.510 244.996
263.408 249.048
302.816 249.197
313.164 245.510
323.427 244.137
331.834 245.231
337.058 249.055
283.904 262.099
287.384 276.752
290.666 287.928
293.793 303.153
261.439 318.767
274.832 321.241
289.667 321.307
301.466 321.139
309.401 316.386
228.665 271.364
237.099 266.904
247.938 267.085
256.531 271.228
250.102 275.511
237.516 276.742
300.605 271.510
311.680 266.351
321.849 266.155
326.168 270.037
321.966 276.354
311.181 276.132
249.962 345.625
258.162 340.175
272.037 335.641
290.635 334.107
306.572 335.113
315.985 337.864
318.579 342.272
311.546 346.710
302.144 351.616
288.470 352.587
273.046 351.864
260.241 348.478
253.030 344.975
269.330 343.525
289.291 342.652
306.456 342.331
314.817 341.860
302.158 342.457
289.221 343.032
273.102 343.425
242.125 269.228
315.760 268.994
