184.641 240.265
186.957 262.463
187.142 278.951
179.608 296.347
173.563 311.154
167.748 323.081
161.757 334.263
160.467 347.172
172.091 357.427
193.758 352.555
218.973 343.874
244.874 334.487
267.777 324.374
279.111 308.439
288.808 289.115
298.256 272.226
308.509 248.007
159.728 209.620
160.040 204.661
164.639 202.434
170.535 203.738
177.877 207.980
209.230 207.499
220.632 203.457
234.687 202.824
247.801 205.387
260.791 212.229
191.231 223.078
184.714 239.417
178.254 250.875
171.003 263.752
170.625 277.275
172.346 282.013
177.834 282.194
189.175 283.947
202.691 276.239
165.033 229.927
167.241 222.557
176.052 224.227
182.499 232.930
171.946 235.200
164.014 234.933
215.375 232.903
222.657 223.773
234.314 225.308
242.687 232.696
233.535 236.553
221.281 236.060
159.957 302.990
160.455 298.665
163.261 295.839
171.215 295.102
185.020 298.977
195.918 304.155
202.021 311.266
193.176 315.234
179.877 317.831
170.542 316.126
163.146 313.999
159.747 308.910
162.812 304.022
166.691 303.616
174.028 304.662
187.629 306.999
201.418 310.842
182.904 309.630
173.683 306.759
165.580 305.931
170.240 227.076
227.036 228.392
