194.639 253.739
205.041 275.560
214.397 292.941
230.516 305.451
248.214 315.108
278.564 316.312
313.394 313.527
344.660 310.091
367.052 310.097
377.792 311.637
378.801 316.826
371.332 319.609
359.572 320.369
347.326 314.622
335.108 301.115
327.016 287.328
317.178 268.695
256.877 193.389
270.427 185.974
283.770 182.712
294.815 183.684
304.402 188.617
332.505 194.663
338.565 194.213
343.366 197.433
346.107 202.740
345.201 212.296
320.492 203.179
327.197 211.285
336.090 213.842
346.405 218.780
313.873 242.791
329.778 243.744
345.179 243.547
353.912 247.038
353.923 247.763
272.508 211.624
282.424 204.143
292.287 205.865
297.530 213.731
295.337 212.975
285.698 212.460
332.050 220.147
338.896 213.215
344.813 216.258
345.722 224.237
346.960 223.401
340.244 221.251
316.525 272.360
324.989 259.345
338.045 252.714
356.030 251.003
366.775 256.870
370.013 266.065
370.271 279.040
370.713 277.867
370.762 274.843
362.622 271.758
347.585 271.982
329.488 273.126
318.392 273.114
337.612 263.448
356.966 261.778
366.285 266.976
367.046 278.936
365.941 269.251
357.906 265.994
342.826 266.344
288.203 207.482
341.503 217.721
