219.087 266.484
223.741 284.792
224.934 299.788
220.544 320.001
217.116 336.638
206.755 354.027
195.505 370.192
187.266 385.117
188.854 392.481
198.375 384.436
215.547 369.906
235.045 352.368
252.989 332.471
261.516 310.824
263.566 286.973
263.317 268.577
261.851 244.396
156.852 261.239
149.435 259.397
145.939 258.456
145.654 259.202
147.773 262.134
154.240 256.967
156.524 250.888
162.082 246.808
169.492 244.449
181.739 244.206
154.387 273.913
154.719 290.936
150.414 304.084
147.610 317.589
164.764 321.484
162.881 327.943
163.163 329.584
168.509 327.127
174.395 316.944
161.943 277.292
156.152 275.521
157.956 276.077
163.463 280.514
159.624 282.679
157.966 283.072
172.319 276.302
167.575 268.848
172.650 266.024
181.234 266.537
174.374 273.958
171.477 277.447
174.564 342.601
167.164 340.465
161.353 341.111
160.612 341.163
166.581 340.383
177.007 340.383
188.942 341.297
180.542 353.079
170.052 362.864
163.922 365.292
162.557 362.891
168.272 353.474
176.075 343.142
167.284 345.132
167.006 347.186
173.749 344.702
189.662 342.251
169.802 354.189
163.113 356.369
162.461 354.134
158.113 278.803
171.638 271.107
