196.191 261.118
200.163 286.664
204.713 306.585
205.440 328.854
207.539 347.545
210.389 366.552
218.639 381.043
229.308 392.168
246.355 397.101
269.739 389.346
294.622 377.022
320.973 360.140
339.613 339.254
346.579 317.365
347.550 292.287
348.099 269.496
345.870 239.960
166.958 251.155
169.396 248.067
176.028 245.535
184.433 244.870
195.423 246.461
231.194 240.188
241.383 235.618
253.963 233.047
266.240 231.966
281.702 233.023
215.156 258.975
213.842 277.756
211.121 295.046
209.708 312.692
208.382 318.928
214.801 324.956
223.256 326.489
235.335 323.600
246.376 315.436
180.541 265.916
181.100 263.110
190.114 260.573
201.709 265.064
194.506 269.096
183.775 271.273
244.989 258.728
248.015 253.000
260.630 251.884
270.939 252.502
262.852 259.790
250.076 261.325
212.033 353.692
213.018 349.365
215.995 346.732
224.767 345.220
240.014 344.491
252.955 346.412
265.399 348.337
258.695 355.128
247.016 362.018
231.490 366.984
220.100 364.985
214.427 359.245
215.052 352.586
221.738 349.827
229.855 350.773
245.164 349.054
263.705 347.564
245.518 354.619
230.675 357.560
219.794 355.852
187.941 262.663
256.262 252.770
