187.348 262.690
185.977 288.731
184.149 308.852
185.330 329.413
190.687 347.491
203.817 364.562
222.593 378.503
245.247 388.186
270.522 393.554
292.906 393.689
309.315 390.159
323.889 381.312
330.955 369.555
334.628 355.474
338.179 337.101
341.817 319.380
348.958 294.936
234.561 238.481
247.653 237.910
261.836 239.171
273.054 242.179
282.663 246.887
312.500 253.887
322.705 253.163
333.172 254.625
342.392 257.291
348.854 262.015
296.030 258.656
295.950 270.976
295.037 285.812
293.047 304.696
258.886 304.635
269.115 314.725
283.530 321.941
296.914 319.978
306.644 314.241
240.030 253.975
248.067 251.118
261.084 254.228
266.890 260.649
259.713 260.176
248.745 259.733
312.151 269.864
322.740 267.415
333.010 268.321
336.388 274.315
330.497 276.518
320.118 273.232
235.935 338.519
248.983 331.744
262.785 330.368
281.331 334.388
298.836 335.128
306.763 339.843
311.474 350.448
302.315 359.968
290.148 363.859
273.780 362.609
258.081 358.057
244.358 350.368
236.453 339.793
258.268 334.584
279.116 338.414
297.096 340.199
309.871 350.876
291.848 356.803
274.963 355.897
257.560 351.506
253.551 254.391
326.523 269.598
