175.406 227.485
176.585 252.779
175.120 273.472
177.427 297.897
180.144 317.694
187.088 343.237
205.694 365.908
225.879 385.662
248.654 397.375
272.005 393.271
291.017 382.421
312.808 365.027
325.112 340.240
331.974 318.336
339.442 294.974
344.607 275.861
352.702 252.225
214.233 240.296
227.846 241.866
242.528 245.214
254.999 249.621
266.996 254.883
311.174 259.382
323.805 256.647
335.488 255.170
344.570 254.897
351.564 256.648
285.730 270.800
284.439 289.307
284.260 306.990
282.827 325.713
247.723 318.584
260.230 329.208
275.223 335.316
288.326 334.636
298.998 326.829
225.113 260.493
236.012 260.605
248.515 263.622
253.696 269.074
246.431 272.352
232.661 270.580
307.703 276.634
319.616 273.089
331.670 273.233
335.207 274.517
330.256 281.858
318.435 282.286
231.361 345.785
240.633 344.804
252.700 348.058
269.899 353.012
283.370 355.653
288.501 357.531
288.372 360.017
282.511 365.783
272.115 371.194
262.043 369.334
249.629 365.776
237.783 354.807
233.888 344.862
249.946 351.311
265.561 358.017
278.047 358.218
285.047 357.528
276.577 363.133
265.158 362.421
251.391 357.725
241.564 262.296
325.368 273.129
