182.723 281.715
192.880 305.666
199.774 321.872
208.728 336.827
217.199 348.979
231.843 355.940
254.782 356.678
279.142 355.691
303.827 354.942
324.770 349.950
339.662 347.401
350.052 342.084
348.875 334.434
345.564 323.182
343.741 305.813
342.586 290.155
343.336 266.485
212.357 226.895
221.909 217.780
234.336 211.865
246.689 210.452
259.273 212.456
297.301 209.208
307.506 206.139
318.169 206.540
326.973 209.861
333.428 218.149
280.656 222.037
285.134 234.349
289.507 244.720
295.061 256.962
268.110 282.599
279.548 284.755
292.648 283.613
302.480 282.009
309.255 276.014
229.292 241.825
235.248 233.968
248.910 232.901
256.535 238.948
248.929 240.451
237.170 242.417
299.605 235.234
307.031 228.878
319.160 228.210
324.048 235.091
319.967 236.162
308.861 235.482
264.579 317.749
273.460 309.590
282.717 303.951
295.668 300.088
307.417 299.857
315.281 302.965
322.306 309.362
317.359 311.356
309.429 312.802
297.554 315.820
283.879 317.004
272.818 317.774
266.268 317.942
281.987 311.844
295.802 307.850
308.042 307.935
319.503 310.600
307.780 307.614
295.865 309.406
282.184 311.487
242.214 235.886
313.345 230.629
