188.690 262.250
195.625 291.293
201.157 313.481
209.676 335.770
220.347 354.389
241.677 373.411
269.197 389.920
297.349 402.821
322.219 404.655
342.332 390.478
350.156 369.830
353.183 347.157
349.881 327.021
344.977 307.678
342.332 284.730
340.653 265.134
338.019 238.718
246.993 248.700
262.322 246.009
278.791 243.496
292.720 243.684
305.245 246.165
344.148 238.745
353.617 232.192
362.160 227.953
367.897 226.214
369.062 227.139
326.304 255.637
331.444 273.791
336.572 292.421
342.738 313.378
297.804 315.037
313.775 322.205
332.165 323.917
342.981 316.035
345.653 300.820
260.751 264.534
271.939 260.001
284.298 258.351
291.791 262.647
287.298 266.333
274.264 269.196
334.538 255.233
344.514 248.308
354.757 244.736
355.835 247.161
355.899 254.149
346.444 256.921
282.702 347.101
295.990 338.344
311.826 334.529
333.286 333.716
347.631 326.894
351.064 326.200
348.288 331.984
347.791 349.331
342.137 363.027
329.486 368.473
311.904 368.600
294.776 361.071
284.182 347.798
308.261 340.393
331.275 337.876
345.503 331.995
346.012 332.777
341.071 353.161
328.648 358.985
309.937 360.072
276.617 261.735
347.205 249.397
