169.769 237.280
166.854 260.599
162.360 280.159
158.369 299.985
155.997 318.311
152.417 341.955
155.549 364.420
159.618 384.893
171.086 400.433
191.858 402.017
213.608 394.723
237.662 384.735
258.199 368.935
273.449 353.214
286.529 334.473
294.252 315.546
306.047 293.392
154.443 232.916
158.555 232.178
165.548 235.651
172.429 241.996
180.781 250.545
214.970 265.309
226.738 265.538
240.222 268.468
252.736 273.131
264.769 280.511
192.011 273.733
182.544 293.803
173.781 310.266
164.938 328.428
166.262 319.660
167.618 328.089
174.689 335.219
186.872 339.361
199.020 336.160
161.405 257.998
166.443 253.453
176.062 258.855
180.326 270.206
170.139 270.535
162.017 267.199
217.321 287.337
225.283 281.175
236.636 286.364
243.306 295.815
233.515 300.330
223.006 296.393
161.459 342.218
160.860 338.798
162.081 339.912
170.604 346.673
184.218 353.092
195.527 358.333
203.770 364.731
193.944 373.305
180.510 378.834
172.270 377.936
165.772 368.136
164.209 355.492
164.340 343.180
167.464 343.063
174.308 348.978
187.102 355.361
202.614 362.926
183.701 370.603
174.598 370.265
168.713 361.939
167.901 261.389
229.425 290.250
