198.328 273.089
201.437 297.205
201.259 316.360
195.139 333.798
190.377 348.477
181.863 360.733
175.351 372.318
173.013 383.617
180.537 390.252
198.033 382.812
221.677 371.895
246.567 358.270
269.381 344.139
282.464 327.161
289.986 305.031
295.718 284.686
299.685 256.099
151.260 244.411
147.552 239.690
147.390 237.520
149.405 238.267
154.419 241.748
176.149 236.517
184.257 230.332
195.730 227.294
207.530 226.880
221.676 230.161
164.783 253.740
159.676 270.268
153.450 285.007
148.107 300.685
160.865 309.494
160.750 313.880
164.236 314.046
176.291 313.202
189.128 304.247
155.898 261.736
151.946 255.812
158.719 255.521
162.694 260.414
158.418 260.994
151.045 263.217
188.475 255.678
190.589 248.518
200.381 248.133
210.668 251.949
200.187 254.892
190.304 256.808
162.168 338.287
156.027 329.441
155.242 323.982
161.660 323.256
177.353 323.287
190.024 326.742
202.032 335.924
192.006 346.663
177.640 355.782
168.435 357.112
161.347 355.600
161.325 348.755
165.160 339.056
158.780 331.740
165.606 331.477
181.057 330.032
202.523 336.209
176.958 346.624
168.118 348.431
161.556 347.251
154.450 260.066
193.611 253.202
