178.307 252.905
182.528 278.887
183.146 300.011
182.503 318.597
186.426 333.500
193.772 346.123
206.150 355.049
221.417 360.330
242.320 363.244
267.209 358.033
290.096 351.665
311.387 339.610
326.754 325.714
337.266 310.073
343.758 288.955
347.166 268.661
351.162 241.130
177.189 208.743
183.817 200.415
194.094 194.840
204.075 193.826
214.849 196.399
253.670 193.915
265.937 189.747
280.348 188.898
293.977 190.878
307.337 198.224
232.966 208.993
230.697 227.314
227.634 240.899
226.624 256.001
218.401 276.752
224.249 279.929
235.322 280.320
247.306 279.077
257.928 275.290
189.041 227.213
192.819 221.370
205.595 221.162
214.487 223.200
206.061 226.760
193.603 229.872
263.462 219.272
270.578 217.372
283.296 215.468
292.866 218.970
283.357 222.831
271.266 222.137
217.396 317.185
218.550 309.486
225.704 304.412
239.257 302.308
252.482 302.581
262.996 307.345
270.591 313.924
262.299 318.286
250.802 320.933
243.859 320.591
232.692 320.096
223.412 319.292
219.936 316.206
228.632 312.473
241.875 311.124
254.671 311.339
268.179 313.695
252.310 314.887
242.926 314.793
231.311 314.825
198.797 221.282
276.726 216.169
