221.280 271.816
226.887 296.421
231.501 315.734
230.467 338.127
229.652 358.029
224.272 382.055
217.855 402.496
214.804 416.857
222.833 426.758
238.322 424.616
260.519 415.676
285.042 398.130
307.689 378.089
320.648 356.272
328.386 332.880
331.990 313.859
335.061 285.542
174.236 271.585
170.790 270.705
172.247 271.707
176.573 274.551
183.450 279.212
205.886 285.198
211.578 282.739
221.150 281.590
232.900 281.668
249.796 283.414
195.953 294.767
192.816 312.831
187.689 331.988
183.894 352.290
199.302 349.137
197.769 358.239
201.720 363.654
212.309 363.848
222.786 352.954
184.813 290.581
183.294 286.097
188.766 286.727
196.468 295.964
188.685 300.435
183.673 299.462
225.483 301.687
225.865 293.759
234.911 295.985
244.750 302.280
237.681 309.001
228.217 309.727
204.601 380.903
200.371 379.302
198.342 379.759
201.604 382.850
210.581 384.707
221.692 387.611
232.410 391.081
221.115 396.381
210.815 398.759
208.696 396.748
203.071 395.192
202.496 389.064
206.081 380.018
205.030 381.822
207.965 385.642
215.992 386.897
230.951 388.749
211.794 390.023
208.667 389.894
203.509 388.487
184.902 294.933
229.007 304.087
