193.209 264.552
202.168 287.944
209.813 307.809
219.922 325.743
230.815 340.183
249.746 353.168
273.760 359.801
297.061 363.072
316.993 361.416
329.392 352.594
335.820 342.117
339.710 328.234
334.926 312.693
329.506 296.398
326.701 276.164
325.637 258.550
324.699 235.713
236.268 238.969
248.317 233.143
261.225 230.060
272.093 230.282
282.343 233.437
314.626 228.075
322.283 222.717
329.970 219.461
336.124 218.345
340.268 219.992
300.819 246.475
307.092 262.815
313.574 274.477
320.371 287.514
292.280 303.405
303.449 304.665
313.906 302.177
319.219 299.646
321.620 290.871
252.936 257.167
262.661 249.413
273.181 249.568
277.914 256.249
272.813 260.876
263.681 262.559
313.169 247.141
322.449 237.322
330.922 235.587
333.207 238.812
332.305 245.613
324.115 247.841
289.019 328.313
293.620 321.659
301.128 315.734
315.382 311.416
326.302 309.386
330.884 310.844
331.054 315.602
329.096 321.443
325.111 330.148
318.274 333.709
308.568 334.760
295.964 332.366
289.253 327.702
301.789 323.038
314.819 319.267
324.727 316.580
328.518 315.439
323.390 320.928
316.057 323.199
305.881 326.416
266.882 252.461
326.461 239.040
