167.671 269.367
166.329 292.327
166.386 310.360
166.233 328.134
167.052 342.423
168.955 355.725
180.296 365.555
195.926 373.583
217.865 379.712
243.610 378.504
266.364 376.158
287.858 369.211
299.642 357.801
307.577 344.572
315.883 325.852
322.496 308.308
329.598 284.522
182.829 233.997
189.640 228.223
199.466 225.753
209.602 226.633
220.748 230.518
259.048 235.087
270.999 233.525
283.976 234.798
295.002 238.469
304.234 246.108
237.395 245.475
233.505 257.243
230.158 267.368
226.824 279.723
206.638 301.918
214.272 306.426
226.061 308.569
239.419 309.034
251.387 303.863
190.203 249.664
196.959 242.834
207.484 243.988
215.675 253.373
205.657 253.553
194.820 252.656
261.629 257.461
269.745 251.901
282.329 253.344
288.685 260.693
281.776 261.772
269.640 259.663
194.798 332.092
200.207 327.927
208.873 326.649
223.322 326.212
239.305 328.957
250.061 332.256
255.903 338.026
248.062 340.150
237.507 341.099
223.752 340.033
208.984 338.081
199.954 335.128
197.163 332.453
209.160 332.062
223.720 333.372
240.345 335.150
253.515 337.961
238.229 334.694
223.971 333.508
209.583 331.943
202.905 246.590
276.794 253.739
