154.209 296.406
165.753 320.258
174.050 340.654
180.444 359.692
189.128 375.084
201.304 390.744
215.081 402.890
231.546 411.174
252.272 413.457
273.039 403.650
291.008 389.433
306.395 369.488
317.209 347.880
320.829 328.268
319.437 306.930
316.408 285.782
313.138 258.762
159.892 285.681
167.983 282.803
180.050 279.642
191.659 277.349
203.373 276.297
232.610 267.380
242.924 262.545
255.936 258.589
268.180 255.320
280.287 252.979
220.319 283.130
222.030 300.557
223.951 318.001
226.580 338.560
207.236 343.146
217.466 349.406
232.213 352.144
248.139 346.340
258.066 332.705
173.478 293.658
177.503 287.986
191.495 286.205
200.853 290.191
189.817 294.952
178.968 297.395
248.662 279.037
255.821 269.325
269.542 266.183
278.230 269.949
271.764 276.921
259.284 280.072
210.617 372.852
208.522 371.759
212.961 371.505
229.043 370.666
251.041 368.383
265.479 368.055
272.255 369.115
261.259 375.825
247.956 381.183
234.106 382.125
224.531 382.085
217.490 378.268
214.441 372.045
219.932 374.117
233.000 375.844
253.726 372.428
270.600 366.479
248.573 374.539
234.997 375.487
224.813 375.976
181.354 287.478
261.054 269.411
