209.894 240.543
211.357 258.683
208.955 274.087
203.168 291.835
199.630 307.170
195.146 319.657
192.359 328.550
194.869 336.160
203.729 339.588
218.623 334.521
237.298 327.451
260.317 317.451
284.519 304.482
297.125 288.033
304.194 266.906
310.758 249.015
321.280 227.098
180.804 200.079
183.195 193.446
188.007 189.424
193.151 189.018
199.185 192.244
222.174 187.447
230.567 182.222
240.606 180.217
249.776 181.193
261.139 185.869
206.445 207.110
201.496 221.343
195.560 228.537
189.550 236.940
183.629 253.523
187.619 255.686
193.642 254.566
202.427 254.674
211.785 251.037
183.657 214.889
184.568 207.117
191.707 206.492
198.472 214.647
191.357 216.876
182.412 218.433
224.356 211.369
228.390 199.272
238.730 199.404
246.910 206.016
237.269 210.108
226.616 211.852
177.535 289.759
175.636 275.692
179.016 265.297
183.728 261.134
192.021 263.625
199.401 273.521
205.431 287.304
198.938 295.449
188.411 306.287
180.279 310.682
175.618 307.144
175.888 297.904
180.892 289.173
181.304 279.391
184.145 276.760
192.032 278.901
205.684 286.241
186.186 291.205
179.800 295.539
176.023 292.848
187.340 209.782
232.303 202.968
