167.961 259.928
171.445 286.661
175.499 307.700
183.065 332.489
193.389 352.049
215.812 367.868
240.990 379.922
265.990 388.762
288.485 393.206
306.742 385.940
314.214 376.468
320.404 364.857
324.240 352.908
323.036 336.136
321.979 313.191
323.904 294.332
327.575 270.296
223.283 240.186
237.627 237.245
252.948 236.072
265.792 237.732
277.080 241.548
313.381 243.379
323.315 240.863
332.307 241.615
338.892 243.846
342.073 248.404
293.714 253.279
296.183 267.154
299.813 280.760
304.898 296.782
265.668 306.215
278.808 311.620
295.235 314.217
305.619 311.998
310.002 305.364
234.723 256.326
245.773 251.139
257.651 253.629
263.418 259.797
256.627 260.182
244.878 259.914
309.207 260.935
319.340 256.846
330.429 256.436
332.467 261.408
330.197 263.635
319.706 262.632
257.351 342.341
264.540 327.637
277.189 321.168
297.491 321.836
312.691 320.826
317.917 326.778
317.163 339.909
314.838 350.351
305.666 357.814
293.292 360.769
280.012 360.281
266.975 353.846
257.809 343.153
276.098 330.853
296.835 331.965
311.077 329.447
315.429 339.180
306.427 346.557
293.392 349.446
279.327 348.831
250.772 252.568
324.590 256.427
