183.794 264.965
188.326 288.833
188.513 308.384
186.149 329.163
184.451 346.375
180.211 364.921
178.699 382.217
179.813 398.758
191.670 407.797
211.931 403.433
235.854 391.817
261.163 377.723
283.240 360.878
295.198 341.328
302.233 317.598
307.254 295.833
311.259 267.699
138.745 261.083
136.557 259.596
139.783 258.999
144.860 260.939
151.763 265.525
178.957 266.640
188.691 262.933
200.959 262.157
213.335 262.858
228.765 264.608
160.835 281.213
154.945 299.070
151.945 316.805
148.599 336.241
161.937 328.672
163.847 337.850
169.210 343.824
182.054 340.776
193.534 330.576
149.543 279.639
146.828 280.022
154.715 280.656
163.616 283.680
153.481 284.161
146.833 283.059
194.626 286.667
197.346 285.891
208.443 285.183
219.194 284.965
207.894 288.947
197.622 288.829
167.621 350.412
165.474 349.512
164.622 351.348
171.822 355.406
186.646 354.436
202.481 354.980
216.819 357.400
207.327 369.622
193.984 379.146
180.371 380.268
171.212 374.985
169.488 363.604
170.599 351.034
170.489 353.128
176.850 358.780
193.272 357.281
216.608 357.415
193.161 370.911
180.725 371.759
171.815 366.850
150.715 279.879
202.816 284.775
