211.524 275.906
215.197 297.196
215.687 313.825
209.656 330.614
205.853 343.906
200.561 352.655
197.403 358.061
197.984 361.332
206.478 362.368
225.382 352.642
251.129 342.182
281.718 328.478
308.719 312.754
321.674 294.056
325.994 270.193
324.050 249.184
319.968 220.165
170.047 247.442
166.706 240.960
167.932 235.495
171.368 232.371
177.292 230.993
200.237 213.625
207.542 205.685
218.381 200.355
230.386 197.674
246.426 198.835
187.430 233.730
182.310 247.566
175.031 261.192
170.262 277.218
185.774 296.692
184.667 299.037
186.507 297.210
199.268 291.506
211.677 282.120
177.322 257.079
174.022 251.551
181.593 248.756
187.669 250.408
180.595 255.185
175.692 258.679
216.319 231.973
216.397 224.065
224.919 219.150
236.473 220.136
227.060 225.877
219.342 230.264
184.084 328.731
183.424 322.743
182.606 317.871
186.611 313.799
198.114 310.080
210.101 309.573
220.504 312.312
209.752 319.411
198.874 327.804
192.359 330.801
185.217 333.316
183.834 330.864
186.955 328.635
189.255 324.097
194.143 321.294
204.934 316.382
220.052 313.358
198.096 316.754
190.334 320.778
184.656 323.367
177.697 250.615
222.079 221.749
