172.375 241.750
167.181 265.574
163.812 288.034
162.434 314.423
165.570 338.187
173.366 365.031
182.363 389.939
192.931 410.623
211.404 422.635
234.861 416.946
255.646 401.956
277.581 380.916
298.042 359.405
311.802 337.205
322.624 310.807
327.509 288.969
332.823 263.833
174.923 206.162
182.611 199.423
193.192 197.366
203.635 200.289
215.427 206.779
261.753 211.713
275.805 208.854
290.186 209.630
302.462 213.846
312.585 223.624
234.291 225.362
229.644 241.863
226.028 257.141
222.135 275.931
201.524 284.159
208.916 290.847
222.436 295.889
238.805 295.602
253.438 290.621
186.355 230.308
192.496 224.175
206.130 226.336
214.824 236.190
201.815 237.124
189.834 235.533
260.745 242.154
271.894 234.615
284.698 237.207
292.068 245.839
282.360 249.792
269.530 246.907
189.029 339.216
192.373 319.513
201.574 312.174
219.833 313.987
240.181 317.901
251.771 327.475
255.768 348.679
246.853 377.227
230.883 395.454
213.594 399.364
197.520 390.396
189.256 368.948
191.280 341.202
201.303 321.783
220.883 323.720
241.710 326.966
252.958 348.610
233.272 381.977
215.464 386.877
199.492 377.016
200.280 230.350
279.763 242.347
