186.650 242.913
184.492 268.539
184.182 288.902
191.498 311.615
200.499 330.324
220.742 348.171
241.674 366.650
261.674 383.944
278.564 394.418
290.027 390.152
291.978 379.430
291.661 364.172
290.515 349.553
287.352 333.016
286.385 313.562
288.701 297.709
292.422 277.943
258.457 219.597
272.666 217.194
285.724 218.771
295.810 223.284
304.155 230.801
328.712 240.794
333.967 240.159
336.970 242.249
337.603 245.805
334.036 251.812
316.085 249.980
320.578 264.859
327.296 277.518
331.050 292.498
290.895 300.068
304.493 308.278
317.401 311.767
321.917 313.244
321.258 310.303
265.074 240.554
277.951 237.230
287.849 240.020
291.173 251.051
285.770 251.160
274.131 247.474
320.838 262.428
330.032 257.411
334.991 260.204
330.407 266.400
332.291 270.355
326.604 267.478
279.944 338.688
292.933 330.653
306.064 326.047
320.653 327.776
325.711 331.841
324.289 339.464
317.614 349.280
317.831 357.143
315.459 363.058
308.690 361.989
297.663 357.273
287.967 347.965
280.147 337.474
301.240 337.767
314.958 339.893
319.729 342.865
315.153 347.380
319.452 351.925
312.182 349.717
300.486 346.589
284.201 240.138
332.019 259.882
