194.430 304.565
204.558 323.417
213.239 340.139
229.567 356.206
244.040 367.756
268.875 376.547
294.029 377.427
312.739 374.755
322.820 369.239
327.421 355.210
322.518 340.777
314.638 324.808
304.111 308.852
296.894 293.558
293.368 275.008
290.663 260.267
290.091 238.626
269.971 279.844
282.802 271.041
294.074 264.442
302.643 261.954
310.025 262.977
328.787 249.719
331.880 241.578
333.673 235.753
333.850 233.149
330.459 234.935
320.341 275.006
326.296 295.348
334.521 309.854
340.883 322.254
314.400 336.679
323.777 339.117
329.301 333.448
330.366 325.956
326.917 313.798
280.427 299.684
291.552 292.282
299.750 287.386
300.616 291.116
299.886 299.835
291.572 303.639
320.857 272.984
327.837 264.189
332.203 258.533
328.336 259.567
332.198 267.401
328.284 273.403
319.725 362.381
325.318 357.343
330.827 351.417
335.746 341.964
335.939 335.040
333.487 331.827
330.753 330.686
336.416 334.694
340.392 341.670
340.885 346.992
336.877 355.511
327.655 359.802
317.597 359.992
326.103 352.236
329.759 344.173
330.637 336.724
328.957 330.543
335.818 334.338
336.463 340.738
333.598 349.290
297.802 291.681
330.890 263.269
