193.354 257.148
203.291 281.701
208.416 300.849
209.683 322.006
212.361 340.081
218.705 358.235
230.208 372.964
243.969 384.808
263.032 390.033
284.637 382.361
305.996 368.338
327.280 350.027
342.064 330.267
347.134 310.255
349.968 287.491
353.041 267.397
358.289 240.669
183.787 235.431
188.999 230.956
198.525 228.482
208.703 229.196
220.550 232.705
260.448 227.791
271.943 221.548
286.016 217.958
299.489 217.033
313.337 219.847
241.895 246.974
242.525 267.021
242.206 283.764
241.895 300.769
231.666 311.366
239.215 316.206
249.375 316.612
260.477 314.565
270.918 308.041
197.651 253.181
201.461 247.297
213.238 246.974
222.489 254.281
212.488 257.780
201.344 257.739
271.483 248.781
278.012 238.251
290.991 236.325
300.876 240.626
293.999 247.034
280.365 249.980
231.980 342.525
232.000 335.902
236.161 331.841
250.421 330.318
267.961 328.934
278.449 332.134
284.923 337.216
279.414 348.428
268.267 357.247
257.236 360.668
244.903 358.515
237.220 351.557
234.826 342.328
240.943 337.911
253.342 335.753
269.008 335.777
283.719 337.324
268.768 348.190
256.452 352.324
245.014 350.060
205.765 251.850
283.963 242.589
