147.486 246.893
148.544 275.661
153.400 298.673
163.723 324.016
174.907 344.544
195.063 365.585
222.796 380.638
249.758 390.982
274.566 393.552
293.888 384.930
304.091 371.757
312.788 354.541
312.446 334.528
312.020 314.724
315.013 290.896
312.545 270.170
315.535 242.787
204.622 246.459
220.744 244.691
237.149 243.424
250.630 244.243
262.614 246.011
302.026 247.166
313.601 244.835
324.730 243.249
332.910 242.839
337.727 243.401
283.061 257.339
287.435 273.916
292.329 290.970
296.944 310.975
256.804 317.111
270.730 322.617
284.926 325.327
295.168 319.858
301.630 308.106
218.539 261.627
230.802 258.144
242.390 257.658
248.062 261.717
242.638 267.288
228.504 268.946
294.548 258.477
305.543 257.256
315.709 256.209
318.396 257.491
314.983 264.116
304.498 263.794
242.896 352.795
254.261 349.050
266.834 346.948
283.322 346.929
296.416 342.027
301.675 340.714
303.572 341.343
298.259 346.104
291.516 352.756
280.567 357.965
265.188 358.476
251.805 355.699
244.764 351.756
263.142 350.146
281.773 350.890
294.247 344.547
300.320 341.405
291.410 347.819
280.255 353.649
264.495 353.620
231.527 261.736
306.437 257.537
