213.997 257.167
209.168 282.403
202.075 302.433
188.414 319.035
176.688 333.608
159.213 347.373
146.788 359.350
138.254 369.544
138.993 379.878
154.944 384.084
178.100 388.582
207.409 388.162
236.389 381.783
257.138 369.465
274.178 352.039
287.164 333.631
297.105 304.718
162.575 229.203
156.854 225.942
156.063 225.812
157.548 228.532
160.797 234.395
176.194 243.603
183.040 243.150
192.421 245.842
202.754 250.345
217.086 258.871
163.675 252.111
153.183 267.500
142.142 280.368
132.011 293.123
150.641 304.029
146.152 311.217
147.021 314.915
153.900 318.896
164.683 318.002
160.893 245.556
158.463 240.377
163.369 243.987
167.346 253.438
159.384 254.368
157.552 251.248
186.495 266.351
186.803 259.073
194.546 263.424
201.760 271.361
191.884 274.372
185.241 270.949
146.818 331.882
142.103 328.850
140.217 329.015
141.293 332.926
150.554 339.245
159.814 345.165
167.812 352.591
156.207 349.381
142.740 346.578
138.439 343.678
136.638 338.080
142.331 334.286
149.496 332.372
145.711 333.271
146.148 336.740
155.197 344.085
168.036 351.279
148.444 341.528
142.539 337.620
141.097 333.575
159.721 245.270
189.592 264.460
