181.598 249.759
191.583 275.596
200.804 295.635
220.814 314.964
238.495 329.545
267.829 338.174
300.733 343.499
332.250 347.541
354.390 351.646
363.587 348.360
361.348 346.822
353.688 342.609
342.189 336.899
329.975 324.621
320.683 305.156
316.819 288.291
311.265 264.941
258.404 209.437
273.956 204.132
289.675 202.174
302.149 203.783
312.637 207.813
343.251 212.876
348.874 211.721
352.075 213.120
352.569 216.598
349.110 224.098
332.725 219.640
339.935 233.139
349.449 243.598
361.479 255.069
318.993 279.400
333.623 281.270
346.807 282.080
350.312 283.185
348.570 282.548
272.043 231.631
283.500 225.363
292.000 227.275
296.080 233.399
293.201 234.942
282.747 235.536
330.821 238.375
340.497 233.176
346.953 233.869
345.710 240.274
347.747 242.886
342.108 240.869
300.981 305.623
314.657 302.715
331.410 301.066
349.322 301.157
357.271 302.463
358.251 305.039
356.822 308.339
358.961 308.185
358.706 308.135
350.065 306.713
335.186 305.795
316.498 305.535
303.032 306.341
321.954 306.715
340.866 308.364
349.901 308.219
353.842 308.852
352.245 300.467
344.959 300.396
329.080 299.425
287.688 228.321
343.471 235.465
