183.129 258.905
192.600 282.937
198.978 301.450
208.780 317.610
221.022 331.404
243.907 340.056
271.194 346.130
298.229 351.440
321.586 353.628
337.366 348.481
344.321 342.595
348.130 333.184
345.825 322.956
341.848 309.759
338.701 291.130
336.166 274.007
335.220 253.003
234.323 204.487
248.337 196.583
262.925 192.389
275.997 192.654
288.473 196.926
323.781 198.121
332.179 195.200
340.218 195.994
346.296 199.752
349.837 207.965
310.013 213.124
316.927 231.234
324.431 244.674
331.950 262.112
288.929 275.938
303.354 281.074
319.340 284.004
327.518 282.100
331.664 276.437
251.306 228.916
261.945 223.483
272.710 222.949
279.388 228.702
273.645 230.276
260.853 230.566
321.088 229.577
332.820 224.071
340.757 224.614
342.403 230.077
341.187 232.206
331.222 232.078
280.221 307.388
289.762 303.943
302.787 299.994
320.393 301.258
332.986 299.462
338.671 303.931
340.100 308.844
337.523 310.999
329.963 312.561
319.403 311.877
305.117 311.247
291.555 309.555
282.342 308.018
298.930 306.476
317.090 307.634
329.983 306.959
337.162 308.607
328.570 304.853
317.131 304.306
303.000 304.272
266.454 226.337
333.923 227.932
