196.514 247.175
205.813 268.724
212.239 283.804
223.596 291.679
236.413 297.389
257.819 294.203
283.189 288.562
309.397 283.111
336.266 281.370
357.296 282.120
368.366 288.457
374.566 293.123
375.560 297.048
374.487 294.084
372.457 282.592
369.017 268.962
365.927 250.066
235.824 180.663
246.489 170.282
259.767 164.314
272.400 163.191
284.800 165.710
324.648 165.588
334.836 164.590
344.980 167.846
352.473 174.667
357.648 186.193
306.780 174.598
311.714 182.168
316.563 183.752
322.017 186.906
294.166 222.066
307.026 219.070
319.874 216.218
331.513 219.704
338.879 223.100
251.986 193.646
259.879 182.353
271.428 183.152
280.408 192.645
273.520 190.997
262.462 191.976
325.682 193.273
335.693 182.821
345.295 186.008
350.620 196.799
348.353 195.063
337.803 192.657
289.575 249.941
297.387 239.272
307.353 231.857
324.550 228.696
341.073 230.698
351.401 238.835
357.475 250.578
353.182 248.000
344.005 244.373
329.604 242.125
311.192 244.608
298.615 248.081
291.793 250.968
307.961 240.627
325.723 238.436
342.561 240.090
354.363 251.007
340.918 240.139
325.750 238.568
309.100 241.093
266.096 185.099
340.062 187.433
