159.064 241.848
162.270 267.727
165.949 289.313
168.920 308.549
173.511 325.534
183.187 346.599
199.849 365.393
220.470 380.030
242.709 386.479
263.950 379.888
279.490 365.665
291.491 347.074
296.086 326.613
297.765 309.028
301.307 291.049
306.751 271.903
312.021 247.638
183.655 234.319
193.908 231.513
206.777 230.816
219.045 232.895
231.616 237.961
272.648 236.803
284.042 232.594
295.247 231.239
303.565 232.292
309.587 236.106
251.883 255.723
253.530 276.890
254.615 297.295
254.501 316.228
225.692 313.588
236.489 320.927
248.827 323.743
260.100 322.518
268.621 315.811
196.417 254.804
204.967 252.398
217.186 252.497
225.166 258.020
216.909 262.304
204.282 261.886
270.799 257.578
282.116 253.317
293.336 252.824
297.156 254.383
292.907 260.956
280.324 261.981
212.706 341.318
218.533 336.996
229.935 335.594
248.116 337.589
264.982 336.444
274.032 337.545
275.039 340.845
268.858 351.126
257.513 361.820
242.742 366.097
228.608 361.244
218.100 351.076
214.849 340.988
228.260 342.257
247.467 344.866
265.132 341.652
272.817 340.038
258.382 355.693
243.813 359.927
229.589 355.876
210.980 253.720
286.647 253.773
