177.716 272.447
178.671 293.330
178.031 307.372
169.512 321.140
164.849 331.629
157.678 336.026
153.409 336.777
152.047 335.009
162.217 330.204
184.416 321.861
213.650 314.574
245.671 303.079
274.591 291.137
291.793 276.736
299.606 257.025
303.228 240.387
304.821 216.945
134.428 230.041
132.560 221.621
134.763 213.814
139.210 209.604
146.274 208.017
174.361 189.277
185.179 182.157
199.275 178.081
213.623 177.580
230.285 181.380
156.871 208.365
149.890 217.176
143.382 226.052
137.632 238.695
147.853 265.761
147.531 265.657
152.243 262.801
164.751 257.829
179.664 250.815
142.199 241.706
139.032 234.693
146.281 230.828
157.048 230.638
148.243 236.739
141.152 243.006
191.301 213.919
193.121 203.325
202.413 199.663
218.316 205.469
207.562 210.711
194.546 214.324
145.989 300.839
142.149 291.854
143.758 283.598
151.846 278.231
163.322 275.361
175.220 277.590
187.670 283.109
175.334 285.902
162.822 290.299
152.457 295.042
146.109 297.183
144.511 299.194
148.552 299.803
147.511 291.128
154.974 284.862
167.852 282.872
186.377 283.559
162.277 285.285
153.104 288.712
147.500 291.568
144.851 231.417
201.195 204.691
