217.219 234.392
226.317 257.785
236.590 275.663
258.165 291.191
278.358 301.981
308.727 305.610
338.727 306.829
363.819 308.148
379.254 311.378
379.824 312.771
371.865 316.848
361.002 319.662
345.426 320.785
332.441 315.892
321.154 303.234
313.525 289.551
306.774 270.731
279.589 180.875
291.381 174.588
302.213 173.296
310.800 175.498
318.913 180.635
336.322 191.547
338.016 193.369
339.641 198.491
340.268 205.364
337.686 215.924
336.363 193.369
350.100 199.681
363.779 205.411
377.269 212.930
345.208 237.627
357.711 238.949
368.172 239.246
367.077 243.900
360.462 246.113
294.338 198.802
302.243 191.176
308.341 196.103
313.062 205.147
312.718 202.366
305.345 199.680
331.791 216.398
336.478 209.459
339.847 214.094
340.069 223.523
343.698 221.532
339.859 218.302
347.828 264.808
356.191 259.045
363.196 253.239
373.633 252.742
375.384 258.595
374.501 267.704
372.004 276.399
376.251 277.012
380.081 277.306
377.386 274.533
371.025 271.403
358.831 267.916
347.408 266.246
360.221 262.049
370.457 261.312
371.407 267.084
369.149 277.032
376.398 268.239
373.694 264.650
366.143 262.761
305.868 195.415
338.734 214.633
