181.798 250.881
185.920 273.436
190.080 291.421
188.955 311.580
189.480 328.523
192.090 346.546
196.546 363.725
205.141 379.705
223.058 389.630
246.749 387.155
268.866 378.412
289.866 365.877
307.806 351.248
318.381 333.667
326.471 312.613
335.066 295.702
344.539 272.231
176.435 241.428
180.461 241.257
189.796 242.640
199.791 245.492
210.969 249.714
249.944 255.104
262.450 253.411
277.186 253.425
290.968 254.515
304.143 257.181
227.816 264.714
222.754 281.060
216.952 297.313
212.691 317.296
208.299 314.870
210.839 323.958
220.584 329.636
236.138 328.842
247.778 318.664
190.944 260.914
195.155 255.724
207.677 257.520
214.730 265.655
203.841 269.195
194.162 269.060
258.434 271.391
267.831 265.271
279.252 267.793
288.294 274.434
278.028 280.790
266.526 278.635
200.852 337.767
202.399 338.750
206.834 339.947
220.264 346.083
238.633 346.324
250.926 346.892
261.965 348.546
249.816 355.301
234.598 359.347
223.937 356.099
211.708 353.100
204.581 345.743
203.744 337.963
210.981 342.976
223.701 348.547
241.315 348.434
258.868 347.361
236.345 348.409
226.415 344.842
214.201 343.641
201.454 262.226
273.890 272.394
