183.125 272.964
187.180 296.847
192.125 316.167
196.357 337.815
200.315 355.206
202.389 375.969
212.754 391.780
227.012 404.216
245.158 410.554
266.220 402.960
288.213 390.111
310.099 372.579
323.058 351.008
332.038 331.162
337.765 307.758
339.046 287.274
338.701 260.444
167.523 266.483
171.964 265.094
181.657 264.607
191.858 266.060
203.947 269.036
244.535 266.738
255.941 261.889
269.743 258.793
283.569 257.192
297.427 257.684
226.694 281.290
226.860 299.166
225.871 315.901
225.621 333.888
216.984 336.944
224.018 345.361
233.506 347.189
244.954 345.819
254.872 336.967
182.461 284.762
186.192 282.053
199.015 282.029
206.856 285.021
198.739 290.339
187.660 291.556
255.385 283.104
260.500 278.424
273.492 276.693
284.260 278.919
276.299 286.409
264.412 287.341
216.559 369.505
218.706 364.937
223.431 363.479
232.955 363.579
246.435 364.004
256.553 365.561
262.376 370.196
255.661 375.798
243.753 382.822
236.549 382.472
228.868 381.540
220.352 375.268
218.866 368.863
228.045 368.461
236.942 369.755
248.392 369.329
261.672 369.743
245.069 369.614
236.086 370.215
227.392 369.929
192.826 286.055
269.010 278.438
