157.154 262.432
161.473 288.322
166.011 308.281
168.350 322.798
170.874 336.540
172.419 349.020
180.999 356.076
195.527 359.973
215.003 361.590
238.196 355.942
263.205 349.877
286.351 340.495
301.283 327.995
311.070 313.532
320.825 294.698
328.360 273.782
332.782 243.686
153.917 226.227
159.237 219.678
167.734 215.696
177.084 214.817
188.927 216.137
228.866 216.455
240.492 213.167
253.817 211.894
266.468 212.105
280.138 215.613
209.062 227.506
206.660 242.416
203.711 257.093
203.472 275.618
193.780 291.624
199.697 295.395
211.602 294.481
226.673 290.933
237.503 282.189
172.252 241.990
174.865 234.982
186.071 233.221
194.016 238.637
185.224 242.493
177.304 244.992
238.822 235.039
244.286 235.052
256.550 233.732
262.392 234.293
255.852 236.950
245.585 237.110
187.159 322.123
189.181 313.339
197.480 309.379
212.322 307.400
232.167 304.162
248.503 303.605
256.108 309.582
245.372 313.218
229.498 319.195
213.069 322.539
200.769 324.411
192.250 323.556
190.045 321.129
198.981 316.807
215.332 314.502
236.747 310.207
253.387 309.807
229.720 311.233
213.842 314.521
202.199 317.039
179.264 236.712
249.898 229.461
