157.367 289.650
167.713 312.048
176.040 330.468
186.452 353.718
196.957 372.817
216.300 391.627
240.325 406.582
265.000 416.840
288.886 417.419
307.762 405.092
318.841 386.301
325.668 362.472
327.231 338.893
324.685 317.168
321.971 293.991
321.736 274.776
323.571 249.043
199.178 293.681
212.507 291.968
227.532 290.986
240.926 291.514
253.859 291.884
296.999 282.121
307.587 275.447
317.771 269.383
326.285 264.910
332.326 261.543
275.877 298.365
279.080 314.281
283.120 329.370
288.328 346.278
256.507 350.869
269.133 355.807
283.603 355.605
294.986 349.768
300.898 339.518
216.964 305.706
224.744 300.671
237.581 297.512
245.061 302.260
236.840 308.936
225.956 311.236
293.762 290.691
302.199 283.029
313.635 279.809
318.040 282.154
315.637 290.158
305.836 293.581
248.909 379.127
257.296 375.000
268.210 371.974
285.816 368.696
301.248 364.534
308.663 363.154
312.221 365.131
309.507 377.511
300.731 389.759
287.627 395.726
273.728 395.408
259.016 388.934
251.957 378.124
267.794 377.801
286.208 375.134
300.829 370.325
308.931 365.994
298.789 379.424
286.736 384.192
273.061 385.590
224.847 300.883
302.445 283.123
