172.655 263.741
171.873 290.977
173.752 313.924
179.794 337.789
187.965 357.559
202.728 379.103
220.601 397.060
238.255 413.075
255.144 418.597
270.485 408.790
282.050 391.428
294.564 371.570
301.990 351.052
306.656 331.210
311.660 309.368
315.752 290.163
322.859 266.079
241.209 253.867
255.199 250.595
269.767 249.552
281.531 251.458
291.698 256.027
326.262 256.072
335.291 252.636
343.335 252.074
348.081 253.275
348.453 256.780
308.748 274.594
311.528 295.589
314.104 313.257
312.821 331.903
272.340 329.506
284.580 338.526
297.589 341.811
307.511 337.088
313.591 326.872
249.330 271.997
260.956 270.157
271.076 271.312
275.195 276.953
269.956 279.196
258.176 278.878
319.401 276.988
330.126 271.937
338.270 271.940
338.429 274.306
336.766 280.519
328.307 280.746
241.160 359.914
258.935 355.401
276.174 354.473
294.550 355.188
306.555 351.322
306.258 350.484
298.147 354.174
289.867 374.732
283.299 394.381
270.248 405.451
254.656 398.235
245.661 380.587
242.855 361.564
270.592 358.035
292.058 359.956
301.868 355.126
295.285 354.924
285.193 386.830
272.884 398.170
257.640 390.230
264.517 273.414
332.424 274.582
