200.919 226.825
202.171 248.979
204.904 266.400
201.903 284.872
199.994 300.791
195.054 319.766
192.777 337.898
193.258 355.703
202.820 367.841
218.420 367.636
241.539 359.629
267.298 348.351
290.407 332.750
303.877 315.028
311.247 294.516
315.349 275.783
318.465 251.276
157.679 233.484
153.778 235.746
153.952 239.206
156.963 243.740
163.072 248.909
186.539 254.803
195.905 252.201
209.479 251.042
223.824 250.720
240.618 251.614
175.340 262.643
171.929 278.965
166.897 293.624
161.067 311.545
177.261 303.649
177.295 313.691
179.484 318.971
188.654 319.337
199.427 313.940
169.016 255.283
166.145 259.069
174.299 261.708
180.832 261.067
173.572 263.388
167.154 262.427
207.021 269.468
208.694 273.838
219.110 274.673
230.430 272.825
219.130 277.584
210.166 275.546
179.519 323.165
175.857 324.612
175.287 326.414
180.996 331.417
192.391 334.372
204.277 336.677
217.333 337.914
208.309 342.749
196.388 347.074
187.769 345.617
181.245 339.568
179.182 330.888
182.054 322.871
181.328 330.304
187.195 335.570
198.737 338.279
216.151 336.166
194.577 339.694
185.953 338.253
180.016 333.340
169.531 258.272
214.027 271.412
