187.473 251.993
187.798 275.721
183.083 293.982
173.870 310.822
168.628 327.147
163.342 346.198
161.518 366.440
163.626 384.650
177.229 398.061
202.992 399.825
232.539 393.985
262.565 381.567
287.664 367.811
303.052 350.443
314.057 328.436
321.283 307.196
333.323 279.368
162.128 228.701
162.131 225.080
167.046 224.894
174.391 228.285
184.845 234.402
221.872 242.124
235.082 240.131
251.696 240.747
267.870 244.112
283.900 251.382
199.105 253.956
189.709 274.253
180.219 293.667
171.255 312.991
177.612 313.538
177.526 322.284
184.858 327.865
199.890 329.803
214.633 323.151
169.521 252.399
170.927 246.946
180.242 248.676
190.220 257.099
179.809 260.545
169.968 259.546
230.908 267.342
237.647 261.543
249.962 263.670
260.304 272.198
249.684 278.011
236.622 274.330
164.987 340.611
164.967 338.073
168.692 338.333
180.411 343.494
198.236 348.253
211.929 353.767
220.433 359.626
210.590 361.538
192.901 361.913
181.519 358.598
171.463 352.301
167.182 346.452
168.835 340.522
173.470 344.069
185.066 348.701
202.470 353.474
219.997 358.084
197.309 352.375
185.334 349.786
175.858 345.135
175.619 251.053
243.851 266.392
