184.660 276.740
193.494 301.780
200.359 322.093
206.102 344.803
210.310 363.254
212.250 383.660
216.944 400.542
223.496 413.050
235.265 418.928
251.081 415.475
269.851 406.879
290.152 392.665
307.418 373.770
317.242 354.428
321.931 332.660
324.551 311.460
326.321 283.278
161.839 289.553
162.692 290.447
169.259 291.127
177.671 292.096
187.486 294.361
211.112 295.519
218.665 294.043
229.748 293.968
241.793 294.086
256.595 293.923
201.347 306.714
200.376 324.788
199.947 341.215
200.285 356.328
203.977 349.466
207.803 357.877
214.967 363.182
227.728 359.585
236.033 350.403
170.343 302.438
169.957 302.748
181.779 304.341
187.893 306.355
179.564 309.364
170.825 309.645
221.337 308.164
224.962 308.946
237.457 307.790
246.814 307.686
236.629 312.652
225.022 312.368
208.805 373.393
206.336 367.835
207.427 368.885
216.552 374.364
229.909 371.427
242.316 372.503
253.083 379.830
241.640 391.628
230.981 397.548
223.800 398.989
216.536 395.916
213.346 387.739
210.479 373.943
210.661 371.305
220.955 377.632
234.107 374.624
253.348 378.782
233.749 390.039
224.569 391.304
217.016 387.760
174.286 305.556
230.587 309.592
