189.998 209.176
195.667 236.241
202.905 257.686
210.295 278.157
218.996 295.579
239.612 312.085
265.456 325.046
290.405 337.208
310.690 345.780
319.283 343.763
318.441 338.304
316.084 330.173
309.774 318.631
305.664 304.268
306.809 285.689
311.698 270.691
315.401 250.385
269.887 178.942
285.883 176.705
300.345 177.620
310.982 180.796
320.081 186.395
348.397 198.428
354.596 198.206
359.516 201.241
361.743 205.916
358.196 213.321
338.910 203.643
345.199 220.456
352.085 236.673
356.368 254.166
312.667 262.659
324.276 268.972
333.982 272.458
336.987 273.497
337.417 270.013
276.735 202.101
289.958 197.301
299.910 199.575
301.818 208.923
297.558 209.657
287.640 208.078
336.150 221.040
345.560 218.238
352.210 220.916
347.853 227.658
348.700 229.979
342.374 225.912
288.769 293.277
305.013 289.321
318.992 288.434
330.641 291.422
337.310 294.836
336.697 300.072
330.392 304.657
331.661 308.846
332.465 308.858
325.827 307.237
312.945 302.995
300.221 298.206
291.255 292.651
311.934 293.982
326.158 297.388
332.748 301.406
328.161 303.601
331.602 304.053
326.064 301.860
312.992 297.447
296.040 200.999
348.449 219.704
