190.414 233.163
193.273 257.773
191.704 277.699
187.122 300.390
185.756 319.435
181.778 342.363
182.120 364.732
187.437 385.033
199.363 398.604
218.652 399.802
241.490 393.922
268.208 383.302
293.044 367.425
308.828 348.999
318.600 327.288
323.863 307.531
331.047 283.022
158.576 248.374
160.245 251.575
166.632 256.295
173.627 262.178
181.795 269.815
214.880 281.799
225.822 281.420
238.926 282.807
251.814 285.379
266.886 288.254
194.972 288.576
189.907 303.748
183.612 317.266
177.490 332.957
181.278 322.716
185.275 332.318
191.550 339.939
202.652 343.884
215.140 340.368
169.251 266.884
169.608 266.818
180.572 273.041
186.979 280.310
178.206 281.400
168.421 276.618
227.497 296.613
231.266 293.810
244.048 296.500
254.544 301.257
244.019 307.066
232.108 303.738
179.135 341.732
178.233 341.172
181.041 345.525
189.067 353.068
199.415 359.444
211.891 365.698
220.954 371.844
213.482 377.684
201.497 381.801
188.647 377.700
181.531 366.390
179.898 353.468
181.206 342.636
183.023 348.911
190.689 359.068
203.447 365.077
221.033 370.552
201.820 373.018
191.732 368.062
184.819 358.454
171.695 272.207
235.346 298.128
