184.064 257.317
190.718 281.751
197.273 300.436
208.689 321.003
220.977 336.875
242.758 353.073
268.524 364.741
293.213 372.275
312.903 370.906
324.822 359.235
326.347 343.206
325.069 324.455
319.356 306.143
314.843 289.535
311.990 270.595
309.510 253.968
310.543 232.711
261.426 258.244
276.715 259.011
289.130 258.621
297.615 258.142
303.511 256.954
322.584 251.849
328.473 249.723
333.365 246.897
337.352 243.432
340.064 238.432
311.390 257.125
316.476 269.611
322.988 283.946
328.196 299.465
290.189 304.067
303.716 310.156
316.750 310.922
322.496 303.302
324.195 290.909
258.890 266.017
271.011 262.198
280.135 260.219
284.365 262.493
282.331 267.933
270.442 271.608
316.850 253.984
328.466 249.260
335.560 247.000
334.330 247.935
335.560 254.375
326.823 256.235
283.364 339.752
295.017 334.997
305.859 330.446
319.861 327.041
327.637 321.990
330.026 321.656
328.868 322.791
327.840 331.110
325.742 338.984
317.741 344.885
306.662 346.124
294.530 343.595
285.513 338.747
304.140 336.431
316.529 332.695
323.624 328.458
326.050 323.411
323.711 332.560
316.373 337.035
304.945 338.609
275.413 263.507
330.938 249.911
