182.369 264.428
190.033 285.514
195.155 303.895
196.477 322.898
199.642 338.299
200.048 354.542
203.121 367.378
211.989 375.378
226.685 377.625
245.842 370.036
269.711 358.389
294.038 340.380
310.496 319.018
318.104 299.436
318.932 278.711
317.642 257.577
315.885 231.201
152.297 248.303
153.297 244.206
158.045 241.878
164.298 242.215
173.659 244.162
207.518 237.256
216.800 231.182
228.881 226.525
241.020 223.761
255.856 223.450
194.463 253.586
195.149 268.650
193.341 281.604
192.784 298.047
189.998 305.017
196.519 310.398
205.038 311.753
217.749 306.866
229.553 297.974
165.928 265.855
164.892 263.308
172.254 261.222
184.108 262.336
178.392 268.713
168.671 271.938
224.604 254.034
228.233 249.282
237.954 247.717
250.080 247.065
241.079 256.305
229.618 258.033
187.652 339.447
186.459 332.200
190.691 326.055
201.753 322.367
214.853 321.697
225.089 325.463
236.658 331.028
228.255 340.183
218.090 348.958
206.223 353.312
195.891 353.604
188.996 347.281
190.427 338.196
192.872 335.316
202.766 332.353
217.482 330.823
234.448 330.702
215.548 342.801
203.570 347.464
192.538 346.642
170.134 264.664
234.549 250.876
