156.183 281.609
163.679 304.652
169.977 323.489
175.262 348.306
182.282 367.669
194.775 387.772
212.462 406.533
234.943 418.746
259.498 422.049
283.362 410.643
301.677 393.339
314.050 368.419
321.428 344.652
322.183 321.771
320.198 294.665
319.235 273.305
315.428 248.983
161.565 282.828
170.248 280.042
181.220 276.740
192.287 275.024
204.642 275.563
245.157 258.510
256.551 251.691
269.630 247.873
281.604 246.315
293.797 247.099
226.371 280.872
230.150 299.603
233.179 317.229
235.355 334.322
205.328 336.870
220.264 345.707
239.349 347.068
255.822 343.691
267.981 330.938
174.536 294.932
179.908 296.253
192.605 293.243
201.352 292.185
195.363 295.373
182.725 298.769
255.830 278.059
263.810 270.998
275.804 268.051
284.512 268.646
278.114 278.151
262.643 280.378
211.071 375.581
214.685 370.019
224.571 367.480
243.469 367.179
262.081 366.195
273.121 368.817
282.315 373.434
275.375 381.885
265.986 390.255
251.516 392.757
232.412 387.701
220.317 380.192
215.065 374.630
227.607 373.835
245.914 377.300
263.802 374.259
278.802 373.179
263.668 383.824
249.352 386.559
231.300 380.485
184.923 289.938
268.995 271.876
