189.959 248.074
195.762 271.758
198.671 290.109
199.718 306.421
202.128 320.575
208.043 333.970
219.838 346.576
236.948 357.833
258.553 364.535
281.552 361.703
299.027 354.927
314.138 345.131
321.893 333.452
324.708 318.555
329.000 298.863
334.769 280.360
344.610 255.614
210.062 219.699
217.899 216.958
229.485 215.872
240.510 217.201
251.825 220.238
286.512 222.265
298.001 220.564
310.332 221.131
320.374 223.348
327.673 227.447
267.591 231.002
265.758 244.006
264.613 259.999
264.026 278.545
243.770 283.448
250.173 290.176
264.303 294.532
279.053 291.946
286.685 283.036
218.303 233.533
224.901 229.450
237.730 231.423
245.244 234.915
236.048 234.167
222.892 235.276
290.176 238.902
299.622 236.444
311.255 237.198
317.772 241.955
312.889 241.768
299.249 239.995
233.944 313.964
237.559 305.228
246.256 301.233
263.474 302.484
281.278 304.461
289.991 309.514
290.850 316.903
285.561 322.489
273.984 326.454
263.140 325.354
251.703 324.457
240.457 319.918
236.228 315.007
246.906 311.030
263.208 311.493
279.699 313.190
289.113 317.705
275.662 314.765
264.456 313.773
251.404 313.578
230.077 233.182
305.389 239.485
