180.609 266.864
188.169 287.359
194.449 303.084
200.285 319.923
209.178 333.613
226.108 345.014
246.749 352.403
268.227 359.585
287.607 361.799
302.789 354.960
307.414 346.057
310.070 336.828
308.891 325.429
307.124 312.727
307.305 296.770
307.805 283.104
307.840 264.505
225.806 233.677
237.909 229.777
250.930 227.633
262.170 228.124
272.493 231.332
303.227 230.644
311.595 227.398
319.337 227.141
324.919 229.058
327.783 233.663
289.208 243.275
293.011 257.820
297.144 269.391
301.303 282.991
273.100 294.711
284.465 299.315
295.915 299.798
303.539 298.723
308.143 289.791
235.812 251.546
246.252 246.246
258.011 246.894
265.684 252.566
259.051 254.096
246.147 254.437
301.870 252.425
310.046 245.852
318.878 245.663
320.278 250.492
320.832 252.708
312.061 253.488
263.127 324.014
274.929 317.359
285.795 312.620
298.281 311.085
307.456 310.608
312.179 314.651
312.554 318.713
311.591 325.273
307.429 332.637
297.117 335.854
282.888 335.421
271.351 329.990
264.806 323.739
283.253 320.927
295.823 319.986
305.451 319.176
309.546 318.727
306.909 324.015
297.220 325.979
284.514 325.517
250.775 248.016
312.888 247.511
