163.952 284.259
173.092 308.157
178.800 328.372
181.561 351.057
186.980 369.262
195.956 388.827
211.922 408.182
232.184 427.177
256.941 433.916
282.692 425.600
303.592 405.239
321.074 383.535
329.759 362.446
333.403 342.130
334.200 318.610
337.321 298.711
342.634 272.394
179.703 294.294
188.330 295.433
200.810 296.737
213.311 299.320
226.858 302.967
270.310 298.942
283.060 293.221
296.959 288.442
308.738 285.744
318.368 284.137
249.338 315.239
248.824 331.601
247.692 346.964
247.582 363.242
224.602 358.514
234.244 367.721
250.448 372.397
266.854 366.896
277.090 354.987
198.445 309.169
204.381 310.799
216.984 311.126
224.490 312.133
213.810 315.306
202.617 312.959
275.213 307.103
284.005 306.696
295.702 304.345
301.460 302.140
297.230 305.687
285.964 309.468
213.489 379.427
219.637 375.414
229.199 378.085
249.822 382.176
271.692 376.664
284.466 372.715
294.866 374.680
286.278 390.542
271.445 403.441
252.862 406.832
235.518 404.610
221.840 393.302
214.430 378.851
230.466 378.916
251.159 384.154
272.763 377.280
293.640 374.128
269.114 395.825
252.870 399.233
236.110 396.637
210.609 310.199
289.644 303.935
