184.751 287.564
192.423 314.577
201.942 334.692
216.994 352.555
231.398 366.940
255.673 384.065
283.954 394.458
310.418 398.675
330.788 397.482
343.783 385.843
348.165 371.049
346.072 351.328
337.257 331.543
332.761 314.618
331.711 295.930
330.957 275.964
329.810 249.455
253.172 265.065
268.224 260.759
283.398 257.371
296.228 256.402
308.248 257.437
342.941 255.456
349.991 250.154
355.585 246.258
359.069 244.293
358.913 243.612
330.684 268.242
338.029 284.137
345.396 299.875
353.732 318.839
312.342 329.456
326.412 334.849
341.090 334.845
347.228 328.271
347.041 316.637
264.925 279.736
278.016 274.209
287.678 271.800
294.296 275.140
289.069 281.622
276.218 285.033
331.733 267.743
342.328 266.462
349.999 261.803
350.116 260.021
350.782 266.231
343.629 268.872
301.070 363.557
314.940 361.178
329.090 358.336
342.945 355.251
350.776 350.387
352.762 348.063
351.695 346.730
350.643 354.412
347.508 361.373
341.104 365.059
329.707 367.804
315.369 366.581
303.498 361.789
322.419 360.694
336.999 357.701
345.366 352.280
348.667 347.186
346.343 353.199
339.273 358.651
326.633 360.840
277.513 276.259
341.477 260.031
