231.265 258.589
230.901 283.461
227.511 303.010
220.887 321.159
217.055 337.263
207.091 353.139
198.548 367.058
193.766 379.799
197.410 388.094
210.049 383.806
229.390 374.960
250.967 361.972
272.973 347.683
288.136 332.100
297.033 312.433
302.214 290.153
304.898 259.912
173.156 234.457
168.116 230.488
167.295 228.731
168.549 229.442
171.894 232.816
184.720 231.985
189.968 227.821
197.751 226.217
206.679 227.134
219.454 231.825
175.236 246.276
166.742 261.703
157.257 274.905
148.665 289.152
172.657 298.580
168.336 304.804
167.730 309.066
176.531 307.794
187.932 299.987
177.885 249.865
172.645 246.676
177.015 246.780
183.085 251.386
176.088 251.889
172.398 251.829
200.026 252.020
198.395 247.181
202.554 245.468
214.614 249.300
205.508 251.282
198.548 252.493
183.424 327.179
175.278 321.803
169.400 319.913
170.746 320.763
181.316 322.752
195.551 325.550
210.238 331.962
202.611 346.622
191.408 355.654
185.681 356.156
182.555 351.702
184.094 341.273
186.710 328.638
177.059 324.025
178.252 324.319
189.513 326.890
211.301 333.389
193.987 347.299
186.534 348.692
183.251 343.938
175.371 247.917
202.255 247.760
