166.882 248.649
171.844 275.221
174.778 295.693
178.891 312.891
184.665 328.126
198.463 340.984
220.024 348.421
242.664 352.902
266.364 355.192
286.896 352.368
300.637 349.064
313.045 341.510
316.805 330.641
318.273 317.760
320.837 300.251
325.447 281.353
331.424 255.650
197.652 214.345
208.090 208.496
222.038 204.688
235.376 205.080
248.754 209.057
290.606 211.979
302.582 209.439
314.207 210.439
323.506 213.934
329.928 220.899
269.601 223.065
272.413 237.538
275.643 249.410
279.541 263.620
247.121 278.712
257.660 282.346
271.392 284.506
281.747 283.648
289.125 281.764
209.142 233.014
216.775 224.001
231.040 224.426
240.172 233.058
230.403 233.787
217.401 234.334
288.905 235.524
299.728 227.887
312.542 227.936
317.638 236.923
313.899 237.631
301.158 235.906
230.393 310.377
239.181 300.355
252.001 294.788
270.406 295.530
284.863 295.667
293.781 301.217
299.261 310.948
290.630 316.655
279.728 319.693
268.717 320.205
255.984 319.872
242.763 316.654
232.143 310.641
249.471 303.209
268.407 303.517
283.767 303.388
296.692 310.889
281.546 312.020
268.612 312.437
254.671 312.911
225.736 227.625
307.791 231.378
