200.760 246.093
202.562 271.164
202.711 291.829
199.039 319.497
197.674 340.292
199.238 358.797
203.021 375.187
210.813 389.103
227.189 397.698
251.021 393.218
278.872 383.914
309.256 369.496
334.440 351.074
346.417 327.522
352.111 297.713
355.137 276.210
356.488 248.041
174.678 242.259
176.124 241.327
183.143 241.900
191.294 244.505
201.031 249.211
236.127 250.231
246.621 245.458
260.457 242.736
275.024 241.831
291.848 243.587
218.862 263.817
215.063 282.634
210.247 298.795
205.453 317.373
205.448 319.784
209.287 327.877
216.666 331.950
230.231 330.065
243.724 320.835
189.303 260.805
190.727 255.270
203.349 257.235
208.973 266.502
200.875 268.851
190.892 267.490
249.589 267.919
254.220 258.674
267.424 256.698
277.832 263.398
268.158 269.697
256.452 270.503
201.119 347.345
203.069 345.504
206.458 345.645
215.508 347.904
229.642 348.873
241.674 351.006
253.385 353.906
244.717 358.236
231.420 361.858
217.091 361.901
205.966 358.118
203.101 352.693
203.736 346.725
210.756 348.141
219.337 350.624
233.859 352.172
251.915 352.368
231.589 354.494
218.322 354.606
208.006 351.682
198.902 259.596
264.555 261.463
