186.477 218.450
191.412 242.116
197.036 260.340
207.393 272.288
218.734 283.064
245.384 289.279
280.550 294.636
312.265 300.680
338.191 311.107
354.186 315.757
358.706 324.204
359.831 330.750
350.203 331.318
341.430 325.316
334.942 312.862
333.762 298.614
333.121 278.716
261.807 167.180
276.710 163.926
291.570 164.514
303.449 168.325
313.520 175.619
344.717 191.154
351.807 194.125
357.445 200.679
361.495 208.645
362.865 219.553
330.171 190.886
335.677 198.191
343.900 203.407
352.922 211.142
309.859 233.427
323.941 237.149
338.164 239.764
343.858 246.893
345.174 249.220
273.010 184.578
285.824 179.180
295.288 185.741
298.580 194.417
293.827 188.750
282.926 185.310
339.483 216.779
349.563 213.684
358.414 217.724
357.779 228.457
358.650 224.368
350.876 218.513
303.357 258.434
313.563 253.878
327.472 252.084
342.121 253.914
350.760 261.268
354.608 270.498
355.816 281.259
354.661 275.505
351.307 267.981
343.558 264.239
332.876 260.705
316.961 259.330
304.685 260.899
322.209 260.881
337.547 263.982
347.363 270.850
352.321 281.105
348.066 265.219
340.263 260.199
328.068 256.880
290.861 181.763
354.605 216.052
