160.326 255.549
162.988 282.362
166.499 305.494
175.379 329.605
185.965 349.082
207.174 371.514
235.004 389.722
261.318 402.902
284.204 408.146
303.282 400.125
314.868 385.379
323.756 366.007
326.860 345.253
328.189 325.428
330.131 302.637
331.836 281.869
335.148 256.730
226.385 253.070
242.455 253.041
258.444 253.263
270.857 254.620
281.736 257.614
317.484 258.276
328.251 255.359
338.802 254.039
346.895 253.376
350.853 253.593
298.445 270.910
301.166 287.638
304.088 303.815
306.378 321.503
268.993 329.312
282.645 337.661
296.709 339.355
306.667 336.783
312.257 326.884
237.942 269.763
251.416 269.203
262.893 269.783
268.051 274.795
261.211 278.304
247.614 277.143
311.886 275.646
323.558 270.821
333.372 269.749
335.409 271.021
332.547 278.421
322.291 279.682
265.238 368.776
273.651 364.371
284.779 360.948
298.575 359.950
309.137 358.235
314.035 360.051
313.785 361.817
311.856 367.524
305.551 374.052
295.806 376.622
283.083 376.420
271.202 373.120
265.800 367.856
281.067 365.983
295.076 364.920
305.871 363.200
310.951 361.144
305.575 364.351
295.501 366.437
283.194 367.440
254.473 271.094
326.611 272.034
