188.769 225.153
185.288 253.613
183.850 276.028
181.193 294.721
179.784 311.578
180.646 330.697
188.835 349.800
204.192 365.486
226.239 377.188
253.876 379.149
280.776 376.747
305.579 367.279
322.280 354.223
334.680 339.915
347.566 321.103
359.445 300.888
371.997 271.773
202.773 202.453
210.494 199.999
222.301 201.067
233.954 205.108
246.760 212.095
298.072 225.069
313.717 225.050
329.284 227.985
341.813 232.658
350.685 239.951
267.514 231.438
260.563 249.784
254.092 267.727
249.045 286.374
227.637 289.997
233.234 297.998
247.035 304.091
262.692 306.092
275.973 298.325
211.966 227.858
220.726 221.968
233.158 224.590
241.545 236.129
229.603 237.767
217.060 235.566
296.074 250.341
310.579 245.550
324.160 249.878
328.854 258.719
320.322 262.512
306.094 257.550
209.742 318.920
215.642 316.325
225.642 317.784
242.018 322.509
259.015 326.986
272.464 331.535
278.972 337.212
266.943 338.358
250.526 337.689
239.807 333.692
227.476 330.515
215.963 324.434
213.093 319.540
225.224 322.486
242.308 327.729
261.709 331.876
275.705 336.085
255.040 331.450
241.715 328.424
228.325 324.534
230.127 228.015
319.398 251.682
