177.809 222.806
185.650 240.251
193.028 252.941
209.419 257.874
226.574 263.908
258.734 263.989
294.516 264.205
328.141 265.352
355.260 273.702
366.287 285.306
361.666 299.392
351.134 311.009
338.252 319.648
325.667 318.996
314.444 310.913
307.350 300.236
300.160 284.521
243.194 166.195
256.526 160.159
270.515 159.168
282.220 162.512
292.665 169.651
322.371 187.376
327.496 191.519
331.326 199.556
333.160 209.321
331.998 222.390
313.562 182.540
324.511 186.319
335.795 189.753
346.034 196.864
304.727 213.373
319.170 215.523
333.483 219.305
338.229 225.728
337.708 231.807
257.502 183.966
266.091 179.418
276.472 182.940
280.613 193.476
278.409 189.041
268.551 185.094
316.793 215.980
325.103 213.313
331.529 218.162
330.606 229.242
332.428 224.849
325.626 218.394
301.348 231.534
311.050 224.480
323.898 220.754
339.508 226.066
348.538 232.853
352.265 244.059
352.705 258.211
354.087 250.584
351.176 242.372
342.296 237.099
329.286 232.058
314.726 232.353
302.397 233.814
321.240 229.772
337.941 234.131
347.460 242.581
349.620 257.826
347.677 240.318
338.760 234.813
325.215 231.085
272.011 182.711
328.404 218.735
