192.568 260.187
195.010 285.415
197.895 304.954
193.370 324.510
191.644 341.513
188.492 358.807
188.989 373.066
194.101 383.500
207.878 390.024
230.393 380.268
255.836 367.705
281.785 350.418
301.999 331.481
314.006 312.794
320.987 291.299
323.948 270.832
324.196 243.504
158.569 251.550
160.788 252.890
165.298 252.875
170.667 252.375
177.646 251.125
196.365 247.032
202.763 245.251
213.163 243.181
225.170 240.524
241.741 236.538
186.703 251.834
181.113 265.174
176.345 280.802
174.033 300.255
183.141 304.135
183.641 311.378
190.509 315.663
204.183 309.976
217.831 298.904
172.588 260.377
171.948 255.714
181.382 254.446
190.190 257.338
181.347 260.764
173.122 263.702
219.553 250.551
222.726 245.224
232.138 244.859
244.752 247.977
233.709 252.947
222.862 251.800
183.552 340.814
182.290 334.916
183.283 333.138
192.061 335.623
206.601 332.302
219.831 332.857
232.041 336.788
221.584 343.289
208.425 348.056
196.734 349.935
187.187 349.061
184.854 345.784
186.360 340.729
190.155 338.305
198.798 338.682
212.499 337.060
230.872 337.485
210.027 341.112
197.825 343.426
189.281 342.861
179.076 259.577
231.245 249.821
