188.444 241.247
192.620 270.576
199.466 294.553
220.044 316.930
240.689 334.827
277.159 348.710
312.554 360.732
339.838 369.306
356.635 376.034
362.531 376.479
359.325 375.954
349.450 369.649
334.393 363.241
321.656 352.376
311.993 334.514
307.336 315.851
302.104 290.542
293.097 206.441
308.568 205.521
321.086 208.156
329.580 212.273
336.099 218.495
355.833 228.855
360.257 230.039
362.597 234.025
362.131 238.861
357.418 245.769
346.742 233.745
353.394 245.132
363.825 255.164
375.499 268.012
336.818 283.984
350.300 290.516
364.121 293.722
364.519 298.455
359.197 295.313
292.678 222.328
306.776 219.426
314.936 225.924
315.994 232.329
316.077 227.751
305.815 224.047
344.969 248.179
353.511 246.269
358.977 250.461
353.012 256.863
358.756 254.912
355.239 250.908
336.183 323.024
345.993 314.902
358.125 310.024
370.661 311.811
372.129 317.788
368.660 326.351
366.461 336.352
369.323 336.975
371.595 337.548
368.327 335.303
360.905 332.019
347.187 327.041
335.675 323.370
351.941 319.273
363.838 321.903
366.094 326.621
363.691 335.617
369.125 328.750
365.468 325.456
356.647 323.026
311.401 223.179
355.660 249.510
