207.477 278.425
214.285 297.342
217.383 313.801
214.268 333.499
211.530 349.636
202.689 366.656
194.331 379.121
190.371 388.304
194.654 391.828
202.286 380.330
218.929 363.977
239.309 344.148
257.846 322.172
267.748 301.275
269.900 276.330
269.830 253.890
266.347 226.607
144.654 279.295
137.352 276.676
134.664 273.640
135.028 272.020
138.186 271.967
147.453 259.256
150.817 251.903
157.611 246.435
166.300 242.450
180.337 239.537
147.017 276.980
147.794 293.058
145.542 307.607
144.130 324.074
160.911 327.469
160.075 333.262
161.397 334.021
168.208 326.853
174.281 312.397
149.988 288.913
144.338 283.944
146.406 282.292
153.055 285.525
147.227 290.526
145.996 291.664
165.386 270.773
162.601 263.124
167.613 257.582
177.649 257.361
168.308 265.906
164.899 270.030
170.772 356.630
162.854 350.725
158.737 348.050
159.666 345.489
167.437 340.054
177.643 337.886
187.576 342.180
178.005 354.351
170.042 365.940
165.455 369.664
165.178 370.096
168.216 363.702
172.434 356.355
164.295 352.709
165.955 351.369
173.582 344.695
187.788 342.207
168.877 356.572
165.314 361.376
164.444 361.187
148.587 286.320
169.512 262.824
