217.153 243.585
217.975 265.093
217.796 282.756
211.211 301.356
206.569 317.347
195.844 337.306
188.881 357.110
185.707 374.765
191.662 387.424
208.258 387.841
231.850 380.863
257.277 366.252
278.868 346.333
292.886 327.001
302.180 304.048
307.350 283.907
310.976 255.974
165.642 235.950
160.262 234.447
159.045 234.159
160.740 235.857
165.124 239.908
181.694 242.557
188.010 239.244
198.272 238.067
209.864 238.995
224.869 242.567
171.113 255.313
166.359 273.488
159.809 290.054
153.548 307.560
173.189 306.242
170.495 315.746
171.779 323.174
182.553 321.185
195.227 313.492
168.630 251.308
164.031 251.196
169.589 251.696
174.830 254.074
167.415 255.015
164.647 254.232
198.360 258.766
198.131 257.894
205.697 258.145
216.433 260.306
207.761 262.272
199.265 261.670
180.784 336.277
173.743 334.187
169.968 336.832
172.493 342.549
184.665 343.810
199.104 345.718
215.382 350.983
204.248 360.531
188.747 365.457
177.241 363.835
174.642 356.855
178.102 347.010
182.647 336.850
175.560 339.046
177.667 345.737
192.214 346.877
214.302 350.192
191.716 358.391
180.193 357.365
177.224 350.302
167.027 249.829
203.217 256.111
