174.733 267.073
182.708 291.117
192.893 309.369
210.197 320.423
228.198 331.555
258.119 336.018
295.205 339.028
334.030 341.072
363.661 341.651
378.509 336.989
377.534 334.254
371.038 328.468
359.351 323.598
348.424 315.738
338.391 302.211
330.097 287.898
320.170 269.023
233.793 193.586
248.442 183.172
263.353 178.545
275.949 178.356
287.655 181.365
319.334 185.523
326.825 186.395
334.331 190.340
339.385 196.527
340.091 207.833
310.789 190.236
324.022 194.412
336.101 201.009
348.998 210.531
297.826 239.599
316.165 243.125
337.230 246.484
344.922 249.104
343.875 252.283
254.092 210.632
266.164 201.522
276.613 203.273
281.686 210.502
278.344 209.136
265.497 210.185
316.789 214.006
328.054 207.608
335.907 211.083
336.075 220.002
337.301 218.477
328.659 215.262
292.366 283.524
304.302 272.199
320.787 267.369
345.095 268.602
359.682 272.476
364.067 280.284
365.269 291.405
364.135 290.865
361.479 286.329
347.436 283.552
321.458 280.303
303.397 282.808
294.984 284.383
318.028 274.821
344.506 275.128
358.082 280.951
362.012 292.348
357.209 283.229
343.488 280.132
318.322 277.474
270.629 203.523
330.856 210.816
