148.607 237.663
149.306 260.358
153.462 276.538
163.934 287.018
176.198 295.980
196.549 300.023
220.419 303.149
246.029 303.964
271.707 306.589
294.633 310.283
308.334 316.401
317.687 319.390
322.325 320.904
325.705 316.561
328.054 303.356
327.573 288.298
328.657 266.518
198.574 181.447
210.838 174.424
224.704 171.221
237.500 171.965
250.171 175.373
289.184 182.438
300.279 183.779
311.764 187.697
320.773 193.601
326.802 204.254
271.932 182.503
277.432 186.364
281.188 193.815
283.841 205.337
247.225 232.274
260.059 234.170
274.564 236.063
285.226 238.090
291.091 240.833
214.879 197.329
221.827 195.854
234.499 197.093
242.451 201.105
235.294 200.344
222.961 199.162
287.948 207.977
296.326 208.202
307.122 209.976
310.959 213.991
306.807 213.591
296.909 210.792
234.995 269.553
244.348 261.088
255.417 256.117
273.349 255.847
288.405 259.568
294.971 265.884
298.773 274.837
293.446 273.551
285.115 271.219
272.013 269.306
256.496 268.196
245.033 268.778
237.415 269.298
253.547 263.930
272.572 262.335
287.105 267.295
296.425 275.089
284.742 267.126
271.883 264.704
256.107 264.550
232.371 192.934
305.700 205.530
