172.253 220.998
171.910 246.750
174.627 266.876
181.819 284.935
190.195 300.976
212.687 315.161
239.668 327.298
263.038 337.399
282.546 344.191
300.266 344.996
311.594 342.619
319.525 337.613
323.477 331.584
323.057 319.145
323.841 300.615
327.240 285.133
332.140 263.618
225.726 185.071
238.979 181.328
252.002 181.712
262.578 185.290
272.766 192.383
308.902 203.311
319.222 203.061
328.915 206.070
336.869 210.833
341.657 219.412
288.217 211.533
287.630 224.941
288.434 235.913
292.415 246.841
267.683 260.129
280.868 268.935
294.613 270.719
303.624 272.781
309.565 269.687
232.327 203.288
244.293 197.962
255.086 203.032
260.064 211.543
251.511 211.185
238.495 207.916
306.701 226.047
315.369 219.924
326.570 223.487
329.728 230.529
326.860 232.859
315.155 229.840
283.681 297.501
288.005 291.126
295.200 287.416
308.679 287.941
313.309 289.928
314.114 294.507
313.462 300.989
314.605 306.680
311.963 311.898
309.157 312.949
301.366 308.072
291.299 301.939
281.105 297.627
295.485 297.292
305.791 298.662
309.516 299.620
310.896 302.095
311.981 301.788
307.882 302.248
300.731 298.905
246.531 202.256
318.836 224.041
