203.862 269.700
203.200 292.763
202.751 311.328
195.377 332.251
190.361 349.389
185.595 365.610
185.209 378.819
188.402 390.378
200.984 398.353
222.113 396.457
247.210 391.349
276.135 383.995
301.490 371.319
316.190 353.738
325.994 331.004
331.650 312.353
337.499 287.500
171.249 251.006
172.297 247.934
177.213 246.696
183.145 248.410
190.766 252.805
224.254 255.904
235.818 253.283
249.768 254.060
262.928 257.242
277.417 262.749
203.465 267.999
197.332 285.092
191.400 298.683
184.257 313.104
187.837 320.057
189.521 327.144
194.724 330.572
207.577 330.268
220.348 324.649
180.247 273.389
180.747 270.915
190.006 272.630
197.860 275.869
188.718 279.675
180.933 279.212
235.622 281.156
240.650 278.844
251.634 280.800
262.117 284.377
252.882 288.820
240.474 286.734
182.512 351.305
181.892 347.074
183.555 344.202
190.505 344.811
203.283 346.856
212.987 352.225
223.882 358.811
215.718 362.742
203.587 366.284
193.657 366.199
186.069 362.467
182.949 356.205
185.238 351.493
188.492 350.989
193.887 351.630
205.596 353.864
222.651 358.174
204.393 357.519
194.093 356.681
187.273 353.814
186.850 273.442
248.495 281.649
