169.761 269.636
177.190 292.004
182.925 308.323
183.526 327.966
184.186 345.694
185.971 369.492
194.504 390.622
206.926 406.850
224.352 415.609
245.608 411.881
265.076 400.888
283.316 383.871
293.456 360.585
298.639 339.911
304.268 319.897
310.396 304.349
318.295 281.153
164.232 285.918
168.947 287.605
177.186 290.098
186.266 294.069
197.462 299.623
240.924 303.767
253.687 300.518
267.045 298.337
278.512 297.015
289.585 296.501
217.458 316.745
215.678 336.452
213.537 356.727
212.802 376.589
205.799 363.695
210.486 372.096
219.887 377.187
231.509 374.440
240.873 365.062
177.649 306.856
180.196 305.241
192.736 306.996
200.141 312.898
192.077 316.085
182.075 315.577
247.511 317.403
254.179 313.257
267.626 313.689
274.028 316.075
268.111 322.694
256.167 322.435
199.049 381.922
201.091 385.635
207.070 389.296
219.694 393.482
234.757 393.451
243.686 392.998
251.909 390.413
244.217 398.819
231.724 406.790
219.531 405.785
208.657 401.758
202.290 391.686
202.584 381.260
209.839 390.582
221.395 396.055
235.588 394.391
249.209 388.742
233.128 401.024
219.840 399.225
208.336 395.862
186.562 309.337
260.881 316.130
