169.685 250.172
176.588 276.666
184.577 297.653
197.612 319.957
210.695 338.916
235.240 358.655
261.513 377.055
285.091 391.534
306.680 396.472
319.488 385.999
319.725 369.498
316.805 349.001
313.628 329.630
309.950 310.796
308.385 288.037
309.174 268.329
308.628 243.127
230.274 210.280
243.174 203.035
257.814 199.138
270.891 199.376
283.876 203.554
321.058 201.345
327.965 197.055
334.084 196.825
338.373 199.739
338.610 207.081
307.460 220.332
314.330 240.885
321.728 256.782
328.030 274.544
295.622 292.099
306.940 295.582
317.194 295.709
322.260 296.030
323.355 290.854
242.939 236.135
254.376 227.333
266.168 227.498
273.751 235.982
267.279 241.010
254.259 242.168
315.576 234.673
324.211 223.825
332.806 224.893
333.673 232.410
333.978 238.533
325.608 238.270
295.789 337.010
304.649 326.212
312.259 319.954
320.432 317.728
326.096 320.162
327.226 326.105
326.261 333.914
324.865 343.783
324.180 351.385
319.423 354.042
312.280 351.897
303.561 345.067
295.747 335.022
311.122 329.857
316.814 328.820
320.619 330.210
322.767 332.636
323.045 340.445
318.118 341.232
311.374 340.932
261.608 232.254
329.214 229.707
