172.681 243.497
175.443 267.958
174.078 287.480
172.165 309.017
173.332 327.889
183.120 347.342
197.627 364.185
215.445 379.266
234.523 387.392
253.710 383.656
266.736 374.529
278.373 362.643
286.245 346.993
290.816 328.437
298.784 308.066
307.017 291.033
319.798 270.831
215.543 246.209
228.193 247.276
242.175 249.709
253.539 253.947
263.465 259.338
299.315 265.553
309.837 263.219
319.717 262.327
326.954 263.199
330.173 265.733
277.968 274.946
276.139 291.573
276.358 305.098
276.413 319.788
244.390 317.379
252.443 324.763
263.846 328.846
272.106 326.560
277.258 320.776
224.893 270.227
235.074 266.778
246.935 268.594
251.294 275.230
242.586 278.909
231.932 276.854
286.980 281.024
298.152 277.188
308.864 279.212
310.901 284.297
306.354 289.048
296.291 287.004
217.423 342.961
231.828 341.909
244.883 340.787
258.890 341.019
271.084 342.933
276.257 345.861
276.770 348.332
269.172 357.140
257.512 363.223
243.884 363.527
232.416 360.984
221.944 352.983
218.980 343.353
239.133 344.021
255.946 346.028
268.416 347.009
274.193 347.668
260.824 352.076
247.253 352.294
233.726 350.221
241.119 271.878
303.888 283.068
