180.286 236.231
181.592 259.713
183.912 277.835
193.516 296.054
204.950 310.999
227.284 322.955
256.161 331.901
285.232 337.127
311.491 342.468
332.922 343.829
343.723 346.093
349.038 344.547
347.884 341.288
345.001 332.251
342.904 314.557
342.128 297.534
343.352 275.433
240.670 195.367
253.721 190.942
267.376 189.931
279.105 191.779
290.612 197.076
326.226 206.532
335.535 207.048
344.376 210.638
351.803 215.677
356.380 225.318
308.434 210.650
311.677 218.699
316.817 226.216
321.176 235.628
280.961 253.491
295.914 258.563
313.030 262.301
323.232 264.471
328.669 266.394
247.096 206.407
258.180 201.204
272.893 205.571
278.055 214.822
270.567 210.818
255.859 207.598
327.771 227.909
334.169 223.435
346.175 223.263
348.262 232.369
347.614 230.936
336.883 227.967
271.661 290.875
283.144 276.144
296.681 269.979
316.777 271.516
330.873 275.005
336.195 284.058
338.233 299.592
335.492 304.939
327.037 308.438
312.422 308.877
298.172 305.556
284.808 300.128
272.401 292.557
293.694 279.043
316.320 280.246
330.446 283.744
335.743 299.370
326.626 297.873
312.677 298.133
297.903 296.319
268.291 206.924
344.000 227.467
