187.882 276.450
189.494 306.292
193.657 329.673
202.714 351.901
212.379 371.124
232.348 392.112
260.504 404.992
286.400 413.918
307.717 418.450
322.271 410.489
328.238 400.344
334.490 386.326
331.966 367.186
329.583 348.300
330.162 326.471
333.657 305.719
337.349 277.907
256.420 271.859
272.573 271.932
289.422 272.020
302.007 273.838
312.139 277.144
347.416 279.463
357.272 276.730
365.579 275.590
370.102 275.246
368.758 275.394
328.904 291.051
331.769 309.667
336.063 327.799
341.307 349.643
298.442 349.071
310.407 357.547
323.616 361.386
328.186 357.405
330.894 346.957
265.235 289.996
278.350 288.945
288.769 291.598
291.972 295.725
287.355 299.808
276.165 298.024
332.815 296.679
343.686 293.019
353.374 291.654
353.204 293.378
352.006 299.644
343.591 300.462
284.067 378.123
294.698 376.349
305.089 377.595
319.871 377.883
327.992 376.837
330.441 375.100
333.920 375.433
332.221 380.609
327.343 385.029
319.818 384.982
309.289 385.534
295.428 382.388
284.757 377.107
299.720 378.202
313.779 379.034
322.580 377.306
331.210 375.180
326.544 375.897
319.390 376.046
307.036 377.304
281.624 293.337
346.662 294.995
