183.038 250.786
191.287 271.274
199.250 287.242
203.402 305.025
208.017 321.130
218.940 340.019
232.520 357.355
249.005 371.740
268.022 377.030
285.637 368.387
297.570 352.813
307.342 334.410
314.046 314.803
315.835 296.572
319.853 278.821
327.177 262.199
333.067 239.419
202.316 256.727
210.781 257.487
222.332 258.908
233.778 261.536
245.802 264.959
285.044 262.597
295.821 257.349
307.457 252.925
317.487 249.651
325.028 247.306
265.949 277.018
267.069 295.455
267.682 312.461
269.160 330.852
248.722 319.744
257.024 328.504
268.318 331.990
278.250 326.689
283.883 319.428
215.095 275.259
221.588 272.586
233.004 272.002
243.817 276.071
234.080 281.337
221.437 282.416
283.056 274.267
293.264 267.970
305.670 266.530
312.345 268.039
307.356 275.714
293.867 277.163
240.285 340.531
247.358 341.075
255.960 341.712
269.472 342.245
281.947 340.709
289.467 338.459
293.888 337.238
289.202 347.612
282.898 356.638
271.278 360.663
256.526 357.139
247.425 349.683
242.302 339.467
255.604 343.765
269.049 344.414
281.928 342.382
291.728 337.293
281.927 348.799
270.339 351.757
256.156 350.221
226.815 274.516
298.488 269.411
