162.306 252.480
167.495 276.452
168.569 295.125
166.958 313.455
168.255 328.975
175.577 341.997
190.796 352.127
210.695 359.563
236.552 363.350
265.762 356.985
289.792 348.758
309.653 338.095
318.926 327.979
321.423 315.238
322.186 298.132
324.603 281.636
329.961 257.743
177.284 207.146
185.584 199.252
197.428 194.665
209.399 194.348
222.236 197.514
260.585 205.802
272.002 203.644
284.732 204.315
295.792 207.292
306.250 213.590
241.663 210.002
239.756 218.233
238.053 228.503
237.620 241.812
215.558 273.660
224.982 273.959
239.886 273.946
259.596 269.449
272.033 260.691
191.033 223.815
195.603 215.230
209.610 215.983
220.025 224.190
208.591 225.372
195.902 225.654
266.481 227.693
276.362 228.973
287.201 227.426
293.741 228.543
287.539 228.232
276.650 228.083
198.391 311.093
206.180 304.427
216.871 299.364
238.321 297.378
262.104 292.644
276.887 293.761
285.135 298.967
273.987 302.911
258.253 306.857
236.863 311.683
217.381 313.401
207.333 313.253
202.112 311.362
216.514 306.453
239.032 303.065
264.696 298.828
280.620 300.082
259.079 299.120
237.616 303.219
218.878 306.988
200.675 216.472
279.481 218.051
