177.009 244.931
179.371 272.071
180.127 292.685
177.641 313.943
177.623 331.952
179.309 349.746
188.469 363.801
201.006 375.223
220.173 381.436
243.452 374.509
269.155 364.131
299.298 349.914
322.981 332.516
336.472 312.710
345.695 288.513
349.339 268.500
351.755 240.586
162.451 231.058
166.940 228.902
175.694 227.597
185.096 228.560
196.609 230.970
235.676 228.667
247.667 224.806
262.112 222.596
276.367 222.029
291.890 223.794
215.351 241.476
211.667 257.343
207.354 274.838
204.851 294.861
198.288 296.655
202.935 304.444
214.558 306.845
229.418 304.207
240.322 297.782
177.522 245.199
179.746 241.306
192.295 241.883
200.141 246.012
190.819 248.799
181.755 250.028
251.278 242.881
256.036 238.109
268.135 237.004
279.199 240.133
271.144 245.005
259.077 245.345
191.841 328.465
192.009 320.878
198.378 314.830
212.001 312.930
226.630 316.508
235.748 322.664
243.346 329.640
232.768 333.305
220.166 336.185
212.726 336.165
202.594 335.297
195.081 332.359
195.303 328.150
199.385 325.016
211.921 323.258
225.464 326.150
241.362 329.440
222.842 326.195
213.717 326.550
203.017 325.514
185.720 242.914
263.904 238.730
