211.649 279.247
216.926 299.457
219.275 314.661
213.240 333.184
207.749 348.744
196.020 361.567
187.477 367.677
181.916 371.930
185.363 372.977
199.939 364.115
224.325 353.873
251.303 340.928
274.720 325.345
288.059 307.477
294.222 285.484
293.365 267.801
293.161 241.211
157.275 260.263
152.320 255.130
150.353 251.166
151.178 250.287
155.194 251.684
170.818 241.323
176.542 234.581
185.925 229.842
196.926 227.860
211.165 229.189
162.900 262.606
158.425 279.118
152.039 293.370
146.373 308.445
167.660 318.721
166.980 322.703
168.772 321.639
177.908 316.673
187.095 306.594
161.848 277.455
158.723 270.896
164.155 269.398
170.957 274.795
164.343 279.308
160.796 281.429
190.950 265.067
188.718 254.979
195.570 251.389
205.133 255.071
198.144 261.611
191.310 265.350
177.118 335.693
171.672 334.707
168.804 333.897
171.518 331.016
182.299 326.305
197.251 321.408
208.252 318.593
198.144 324.728
183.718 332.230
175.532 335.389
173.470 337.572
175.984 336.340
180.091 335.206
176.926 335.662
179.810 334.339
191.805 327.829
209.374 319.636
186.296 326.029
178.062 331.304
175.718 332.170
161.451 275.142
192.586 258.561
