208.429 231.722
209.480 257.591
208.682 277.879
201.901 298.136
195.574 314.665
180.309 333.212
168.682 350.146
161.722 364.996
163.486 376.569
176.342 378.699
197.546 376.273
221.973 368.183
246.119 353.816
262.634 338.892
273.508 319.761
279.095 300.424
281.781 270.947
149.449 222.266
142.320 221.598
140.445 223.435
141.708 227.032
145.366 232.892
157.685 241.549
162.744 240.849
170.903 242.556
181.082 245.505
195.962 250.460
146.694 250.330
136.979 266.289
127.983 283.685
120.992 303.580
151.310 299.101
145.834 308.600
143.771 316.520
152.948 316.400
165.091 309.850
155.412 240.295
150.552 237.452
154.846 240.805
160.225 248.993
153.787 250.191
150.598 247.132
175.676 260.854
173.773 256.023
179.257 258.515
190.306 264.892
182.650 269.951
175.210 267.695
155.756 326.453
149.306 325.320
144.053 326.823
144.002 332.485
152.187 335.591
165.179 339.407
179.076 344.637
169.350 350.153
157.961 353.588
150.912 350.514
148.369 344.313
152.248 335.350
158.496 326.851
150.521 330.337
149.617 336.602
160.628 339.653
179.554 343.503
158.758 347.537
151.374 344.974
148.670 338.291
152.031 242.783
176.819 261.697
