214.203 282.500
217.035 307.665
218.587 330.770
220.009 353.474
224.733 374.216
228.583 396.421
234.126 414.819
243.142 428.892
258.238 436.269
279.303 430.391
298.501 417.249
315.547 396.073
330.371 371.990
340.308 348.198
345.323 320.220
348.124 294.852
351.550 264.645
183.865 238.663
182.209 230.547
186.145 227.648
192.626 229.104
201.787 233.314
238.813 225.852
251.400 217.576
266.691 212.356
281.136 211.643
295.279 219.276
216.760 244.726
209.969 259.789
202.474 274.249
198.034 291.819
206.034 303.038
208.056 308.318
218.775 312.023
238.882 306.270
254.073 295.386
195.640 259.559
197.152 250.762
206.857 250.342
215.509 258.514
205.469 261.828
196.224 263.961
253.640 252.566
258.279 240.937
269.048 239.542
279.681 247.816
271.224 253.725
260.143 255.421
216.151 360.878
207.024 341.352
206.860 332.347
220.182 331.402
241.361 329.368
259.805 336.823
274.370 358.315
269.401 384.069
257.633 402.798
247.421 408.989
235.272 400.950
226.588 383.843
219.624 362.914
210.782 340.389
224.219 336.737
247.500 339.031
271.593 360.782
256.025 393.212
245.899 400.631
233.762 392.313
197.921 257.900
260.724 248.641
