175.010 274.584
187.434 296.074
196.776 313.644
206.264 333.949
215.152 351.328
227.993 372.874
245.926 388.256
263.288 401.844
284.323 406.241
304.137 392.985
316.354 374.642
328.703 353.405
334.102 329.207
335.680 308.242
337.273 287.638
339.399 269.151
341.970 245.405
197.086 296.343
207.066 298.631
219.378 299.018
230.367 299.016
241.325 298.601
276.036 292.224
285.786 287.785
296.866 283.383
307.150 279.119
317.441 273.277
259.875 303.068
262.039 316.931
264.053 333.652
266.133 350.324
246.126 338.350
257.099 344.502
269.730 347.170
281.641 339.776
291.485 329.111
209.383 302.542
215.111 303.754
227.439 302.799
235.906 300.957
229.818 305.508
216.746 308.702
284.987 292.876
294.047 292.999
304.572 289.626
310.196 285.669
306.650 291.853
294.173 295.522
244.399 360.588
247.874 355.943
255.753 355.447
272.726 353.640
288.885 348.813
298.696 346.298
308.100 348.559
303.661 364.468
294.376 377.783
280.096 383.827
264.385 382.157
252.939 373.274
245.383 359.696
256.331 357.375
273.561 357.636
290.204 351.328
306.136 348.573
293.957 372.330
278.815 379.266
262.040 376.940
221.110 303.002
298.702 289.049
