209.994 227.980
208.059 248.545
203.194 265.833
191.766 283.502
183.105 297.539
167.110 312.843
155.841 328.219
149.458 341.229
151.263 352.854
166.706 359.778
191.042 364.183
221.463 363.823
250.806 354.418
271.463 341.480
286.338 322.787
300.655 304.590
304.485 277.909
157.462 228.190
153.811 229.726
154.147 232.191
156.921 235.600
162.545 240.041
177.747 250.925
182.167 253.043
190.396 256.344
200.301 259.753
214.913 263.390
169.951 252.189
161.184 263.946
152.306 278.330
146.175 295.009
165.089 282.295
164.322 292.867
167.667 302.179
177.951 304.477
188.073 300.208
167.944 241.252
163.972 241.577
168.876 245.133
175.118 248.284
168.593 247.509
164.171 245.359
197.484 262.378
196.003 264.989
201.534 267.888
214.202 271.192
205.083 272.648
196.516 267.249
154.028 309.902
152.828 306.920
154.583 306.980
160.814 312.987
167.031 317.328
172.609 324.156
177.745 330.883
168.825 327.676
162.096 322.405
156.646 317.430
151.845 314.094
151.265 311.819
159.194 309.856
156.105 312.634
161.668 317.486
168.978 323.150
181.252 328.986
166.697 319.598
161.128 315.663
156.285 311.340
167.081 242.488
201.270 265.307
