169.410 323.811
178.164 340.261
186.939 353.204
196.109 365.529
206.034 375.731
224.179 390.020
245.796 399.253
267.527 403.488
284.975 398.642
297.524 383.997
302.053 364.312
303.245 342.227
299.266 320.767
297.217 303.843
298.298 288.625
301.435 271.064
305.608 249.139
237.978 345.252
252.595 345.502
267.595 343.569
279.289 341.427
288.509 337.730
319.944 319.003
328.278 310.464
333.942 300.711
336.583 292.207
334.512 284.466
301.665 335.182
305.584 350.764
309.350 365.597
312.167 380.009
274.875 369.416
285.503 375.176
297.378 376.102
302.815 365.763
304.113 352.228
250.116 349.264
260.298 347.829
270.768 341.544
273.368 338.800
269.938 346.752
259.577 352.474
307.085 318.998
317.677 314.866
325.075 308.333
324.160 303.967
323.590 313.071
315.346 319.290
262.265 387.037
271.549 387.230
281.782 387.356
295.302 385.061
303.051 375.867
305.839 367.380
304.619 360.080
302.450 369.963
297.765 380.256
291.223 384.997
282.123 389.022
270.119 388.937
262.642 385.122
277.460 384.793
291.399 382.626
299.609 373.409
302.446 360.151
298.618 376.598
291.234 381.886
281.109 386.078
264.807 345.586
320.106 312.183
