149.543 264.471
154.913 292.100
156.048 313.612
158.484 334.875
165.894 351.365
180.582 366.557
200.108 379.435
222.295 389.875
246.665 394.328
269.916 387.856
286.873 377.631
301.666 364.252
310.326 349.916
314.497 333.685
315.682 311.772
318.130 291.311
320.594 264.164
176.247 238.882
188.333 235.095
203.205 233.331
216.310 234.377
229.139 237.951
272.559 237.487
284.296 233.837
296.613 233.156
307.188 234.204
315.849 238.644
251.237 249.974
252.250 266.913
253.629 282.216
254.422 301.019
225.059 310.887
236.253 317.897
251.521 320.503
264.866 318.187
274.296 308.932
191.042 260.475
199.067 255.745
211.333 256.211
221.126 262.292
212.821 265.668
199.941 266.187
273.680 261.839
284.732 254.377
295.668 254.293
301.927 258.989
296.619 263.743
283.927 264.657
209.791 346.375
220.948 343.818
233.421 341.386
251.655 340.481
267.704 340.813
277.701 343.943
284.607 346.216
274.935 350.871
265.012 356.912
250.318 359.591
234.642 357.050
221.577 351.141
214.447 345.499
232.712 347.695
250.560 348.573
266.170 347.634
280.211 345.795
264.138 348.467
250.638 351.149
234.991 348.375
202.596 258.563
287.217 257.333
