183.889 292.911
190.133 312.447
195.759 328.259
199.823 351.263
204.596 369.755
216.073 392.985
231.799 414.294
250.190 430.398
271.063 435.493
290.844 424.934
305.941 407.601
320.332 386.496
328.990 363.173
331.080 342.135
334.568 321.695
340.680 305.896
346.860 284.548
202.374 316.824
212.463 321.432
226.767 325.584
240.457 329.266
254.263 332.750
302.682 329.531
316.297 323.787
329.940 318.243
340.086 313.410
346.112 308.279
277.733 344.251
278.227 364.193
278.755 381.685
279.121 401.362
256.783 389.207
266.183 398.176
277.064 402.616
286.817 397.816
293.979 384.396
217.331 335.436
225.163 339.397
239.952 340.255
249.281 341.568
238.702 347.336
224.025 346.260
300.402 338.078
311.096 337.528
325.306 334.164
331.103 330.507
324.609 341.313
310.949 343.670
245.374 407.165
251.529 409.644
261.388 412.627
276.249 415.345
289.430 411.495
296.387 407.918
300.252 403.770
295.619 411.516
286.245 422.874
274.288 426.346
262.560 426.187
251.899 416.650
248.242 405.895
261.350 412.119
274.562 415.508
286.810 410.451
297.206 402.345
286.144 416.089
275.153 420.488
263.197 418.771
227.947 341.515
313.502 337.190
