164.500 248.178
160.432 268.345
157.466 283.736
150.825 300.169
146.041 314.685
147.511 328.606
154.278 340.649
166.207 352.491
183.424 362.479
206.371 366.125
229.383 368.496
251.098 366.968
267.869 360.378
277.449 347.314
288.875 330.205
298.809 316.189
309.602 295.882
182.365 208.526
190.307 203.054
200.533 201.956
210.069 204.659
219.770 211.513
258.456 221.180
270.729 221.307
282.884 225.300
292.746 231.918
299.668 243.166
232.816 229.931
225.597 244.390
219.121 255.336
214.483 265.871
188.531 276.871
196.673 281.668
209.950 284.531
223.568 289.008
236.964 286.990
183.050 222.317
191.714 216.090
203.209 219.955
206.567 231.505
196.131 230.155
186.079 227.092
255.412 245.287
265.896 237.627
279.388 241.273
283.949 252.186
275.427 253.407
263.912 249.793
171.840 311.003
177.776 298.881
188.885 292.900
205.002 292.605
217.670 301.058
225.689 312.185
228.599 325.611
218.713 330.862
204.158 334.600
193.753 332.967
183.436 328.056
176.017 318.888
176.374 312.084
186.004 305.595
200.961 306.215
215.256 313.663
224.709 324.654
208.521 322.740
196.528 322.444
187.013 317.042
198.990 221.951
274.993 244.269
