240.584 237.255
250.230 260.751
262.583 280.032
284.179 302.443
301.494 322.156
330.227 341.176
359.041 358.442
380.927 372.315
389.452 384.436
381.007 387.421
362.890 388.225
341.356 383.240
319.336 375.061
302.989 364.399
289.720 347.496
278.513 331.569
268.375 310.293
321.977 198.787
332.231 194.769
341.242 195.508
347.100 200.504
350.110 208.829
351.942 226.200
348.969 229.314
343.608 235.925
337.489 244.133
329.393 256.161
362.113 229.012
380.601 242.353
396.974 254.675
411.395 270.478
369.250 274.911
383.204 283.041
390.624 291.491
384.636 295.938
371.880 295.962
330.030 224.858
340.702 220.322
341.693 225.373
339.188 236.546
345.324 235.074
341.597 230.890
342.820 256.286
347.631 252.774
346.157 258.382
338.277 269.456
347.231 269.141
348.949 262.762
367.642 313.032
380.518 302.900
390.509 301.101
396.800 307.550
391.465 315.558
382.514 324.674
367.678 338.839
373.566 346.382
384.399 348.310
391.415 345.037
385.841 335.409
376.012 326.389
366.691 315.606
384.688 307.364
391.653 311.846
384.781 321.173
367.011 338.064
383.147 344.043
390.882 340.687
384.527 331.572
341.724 225.996
346.941 259.122
