209.577 233.602
212.302 264.521
219.720 289.621
234.634 308.967
247.245 326.098
271.597 343.177
300.283 354.449
325.802 361.380
342.699 365.107
347.504 361.784
343.362 357.654
336.059 349.458
322.024 336.522
310.945 322.542
304.066 305.021
303.423 287.265
305.934 263.297
300.088 211.675
314.837 210.800
326.059 212.656
333.262 216.553
337.999 222.797
350.593 228.024
354.024 225.903
356.143 226.540
356.409 228.704
352.322 233.833
346.118 237.628
353.452 251.014
360.573 266.399
367.593 281.238
329.381 286.170
339.560 294.355
350.087 297.946
352.095 296.851
349.135 288.101
304.125 230.807
315.423 226.020
320.960 230.415
321.108 238.085
320.680 237.700
314.039 235.252
341.205 244.758
348.746 239.802
352.725 241.171
349.428 246.845
352.668 248.020
349.034 246.923
322.079 322.268
330.147 311.927
339.462 306.676
352.352 306.172
356.954 309.717
356.107 316.058
352.163 326.643
353.033 329.357
353.850 331.736
348.562 331.900
341.083 329.802
329.769 326.337
321.176 322.483
337.571 315.677
350.203 315.087
353.938 318.145
349.695 326.642
352.460 324.267
347.596 323.091
339.363 322.528
317.009 230.713
350.168 242.588
