196.036 222.943
197.749 244.633
198.580 264.078
195.708 285.279
194.210 303.288
187.636 324.643
179.678 345.484
175.158 363.556
178.753 374.587
189.882 373.399
206.168 364.785
224.675 351.309
243.291 335.085
255.020 317.750
260.998 297.782
266.276 279.464
269.143 255.914
135.457 219.832
129.810 218.855
128.267 219.443
129.076 222.419
132.385 228.631
145.519 234.380
149.889 232.341
157.363 233.570
166.274 236.674
180.099 242.290
141.087 248.358
138.485 267.632
134.782 281.577
130.601 293.692
145.986 291.635
145.546 299.211
146.329 304.356
153.905 304.766
161.509 302.943
138.680 238.884
134.171 235.680
137.391 238.357
143.308 247.198
139.032 248.354
136.034 245.770
159.910 258.274
158.302 252.370
164.279 254.689
174.195 260.747
166.384 265.954
160.377 262.876
155.675 326.896
147.086 321.197
143.171 318.467
144.913 320.228
151.820 324.014
159.707 331.176
172.247 340.164
171.139 349.505
166.004 356.737
158.838 358.637
155.711 349.485
156.333 338.851
157.426 327.020
148.763 324.878
149.739 326.796
157.073 330.438
173.247 338.807
163.282 350.307
157.210 352.399
155.418 343.458
136.634 241.658
161.864 258.316
