174.459 296.933
183.784 324.455
192.697 345.579
204.577 367.851
217.804 385.308
238.696 401.908
265.071 415.428
293.721 426.873
319.664 428.883
336.268 413.825
342.473 393.775
345.593 371.850
342.825 352.986
339.117 334.292
335.094 311.524
334.925 291.706
333.301 263.976
230.217 276.269
243.408 271.854
259.000 269.049
272.188 268.620
284.989 269.902
328.875 261.309
339.235 255.613
348.405 252.016
354.362 250.536
354.279 252.528
310.304 278.520
316.582 296.699
324.041 315.931
331.624 337.439
286.584 341.364
301.120 347.743
318.543 350.054
327.384 343.176
330.087 329.045
244.985 289.956
254.028 284.572
265.935 283.523
272.907 288.126
266.615 292.358
255.814 293.421
322.115 278.905
332.465 270.768
341.520 267.841
343.702 271.425
343.416 275.751
335.463 279.095
263.271 371.629
278.422 368.219
295.801 368.390
318.177 367.143
331.057 360.371
335.364 354.243
336.119 352.432
333.521 366.922
330.513 379.631
319.789 386.540
301.345 387.164
281.816 380.830
266.263 371.947
290.564 368.796
314.591 368.744
327.734 359.913
333.287 354.033
327.007 372.253
316.650 380.232
297.254 380.360
260.055 287.328
337.134 272.499
