179.583 256.609
178.814 283.625
179.422 305.056
178.232 325.979
178.590 342.852
179.647 357.787
184.901 369.799
194.296 378.977
212.250 382.666
235.825 376.917
262.445 366.069
290.125 350.941
312.660 334.649
325.459 316.523
332.236 292.965
334.953 270.766
336.247 243.889
154.311 230.113
157.895 225.132
165.603 222.420
173.265 223.351
182.131 226.828
219.758 224.341
231.867 219.373
246.096 216.983
259.401 216.974
274.752 219.922
198.831 239.221
195.347 254.361
191.375 267.923
187.924 285.965
181.649 299.453
187.074 304.437
197.196 305.009
212.591 303.222
226.578 294.417
169.097 247.171
171.264 241.618
182.541 242.320
193.162 248.217
183.309 251.678
171.220 252.387
232.842 244.762
239.468 239.373
250.354 238.623
261.342 241.493
251.876 247.683
238.509 248.280
178.098 336.179
175.291 328.939
180.211 323.713
194.395 321.869
212.624 321.594
225.269 327.068
236.604 333.784
228.524 339.458
215.107 344.959
198.800 348.309
185.111 346.320
179.442 341.084
181.501 335.259
182.365 333.154
196.520 332.699
214.810 331.822
233.948 333.687
213.085 339.801
197.607 341.202
184.262 339.744
180.993 245.702
249.196 240.370
