178.453 241.094
183.902 268.814
188.096 290.562
194.466 312.188
203.014 330.268
221.574 347.749
245.553 362.446
268.810 373.365
289.306 378.693
303.620 376.072
310.046 368.037
311.929 355.563
309.477 340.986
307.126 323.971
309.331 303.766
315.059 286.783
321.257 265.374
248.454 219.655
263.056 217.696
277.644 217.792
289.000 220.387
298.302 225.017
328.056 229.698
336.828 228.763
343.832 229.946
347.336 232.403
346.740 237.322
311.722 240.071
315.541 256.195
319.882 271.759
323.170 289.612
287.850 299.208
299.697 305.311
312.042 308.285
317.496 307.501
319.839 301.451
253.494 239.919
265.230 234.966
276.709 236.441
281.615 244.384
275.603 248.476
263.301 247.511
319.610 250.626
331.797 244.810
339.196 247.531
338.322 253.972
336.547 259.352
326.857 256.455
275.641 337.064
285.323 331.901
296.298 329.114
311.292 329.408
318.348 331.149
319.206 334.707
320.506 339.149
317.717 342.737
315.911 346.120
307.327 346.866
294.160 342.537
284.447 339.195
276.256 335.905
292.195 333.958
305.320 336.029
311.986 336.317
317.345 338.287
313.948 338.456
307.296 338.096
294.423 335.550
271.142 239.167
333.829 249.344
