180.004 279.459
181.486 309.506
184.546 333.513
194.274 357.126
205.800 375.578
224.307 396.241
252.410 408.315
278.963 416.787
302.976 420.488
323.111 410.113
336.125 396.457
348.107 378.884
348.196 357.540
348.772 338.158
349.752 315.510
349.134 294.850
347.452 268.489
233.781 271.730
248.285 269.268
264.024 266.662
277.038 266.268
288.313 267.689
319.779 266.005
330.061 263.295
341.220 262.014
350.460 261.360
356.018 261.997
305.478 277.637
310.760 294.828
315.709 312.027
320.476 332.648
281.520 338.584
295.384 344.859
310.714 346.266
320.866 342.165
326.421 329.792
246.472 282.431
257.468 280.992
270.449 280.056
276.455 281.609
270.281 282.817
255.849 286.167
320.360 277.055
326.560 277.013
338.482 273.353
343.175 273.800
340.148 277.840
328.691 279.140
268.925 372.911
280.582 370.011
292.922 367.825
311.264 367.073
324.685 363.395
329.527 362.555
331.340 363.817
326.154 371.972
320.019 380.084
308.994 384.125
293.469 382.496
279.748 377.586
271.682 371.586
290.168 371.764
309.397 372.157
322.035 366.866
327.667 363.461
320.121 372.722
309.496 376.143
292.611 376.015
256.403 279.352
328.150 273.131
