185.704 243.432
181.348 268.796
180.568 289.276
183.268 318.750
187.695 342.291
202.616 368.021
220.099 393.818
238.554 414.917
258.778 424.577
277.045 415.330
287.594 396.971
297.584 374.870
305.206 354.272
308.981 331.959
314.440 306.682
321.257 287.870
327.924 265.030
243.846 254.465
258.344 255.590
272.587 257.926
284.181 261.729
294.696 267.278
334.630 269.805
345.344 266.833
353.677 265.722
358.613 266.132
358.887 267.894
311.118 284.779
310.037 305.398
310.605 325.350
308.103 346.068
269.108 340.282
281.557 348.845
293.645 353.070
303.210 349.841
309.720 341.971
250.421 273.058
261.768 272.998
274.891 274.758
277.468 280.941
270.687 283.928
257.652 282.078
322.013 285.051
333.364 280.620
343.248 282.072
342.226 283.936
338.060 291.559
328.527 289.879
247.600 373.656
264.299 374.035
277.322 374.451
292.300 375.771
302.083 374.928
303.860 375.981
301.655 376.190
296.769 387.874
291.307 398.281
277.827 403.462
261.868 398.252
252.661 386.908
250.643 373.778
272.343 380.031
286.643 382.246
296.607 379.882
298.180 375.779
292.439 391.720
280.675 395.991
265.556 390.398
271.796 276.107
339.373 283.759
