196.632 246.578
205.910 271.542
211.365 291.789
219.420 309.874
228.468 323.768
246.094 333.571
266.608 341.552
288.435 348.448
310.055 351.966
329.105 346.677
342.312 338.983
350.820 329.272
354.263 320.518
353.241 308.561
352.755 290.768
352.291 272.665
356.045 248.983
233.154 200.736
244.365 194.255
257.898 190.906
270.232 191.387
282.827 195.454
322.241 199.819
331.984 197.070
342.159 197.441
350.366 199.974
356.255 205.629
304.656 209.947
307.074 224.820
310.832 236.081
314.848 249.362
289.052 270.263
299.777 273.295
311.504 272.345
321.530 270.868
327.837 263.780
247.251 219.470
255.957 211.584
269.693 211.196
278.380 219.975
269.595 222.285
256.231 222.446
321.477 223.003
330.076 219.199
343.071 218.327
346.865 223.656
343.052 225.577
332.154 225.025
280.419 303.864
288.658 294.683
299.085 288.292
314.012 286.004
326.547 285.522
334.263 290.210
338.381 297.768
334.306 305.489
326.939 313.215
313.684 317.171
300.455 316.691
289.381 310.742
282.933 304.113
298.406 298.438
312.383 295.952
324.941 294.835
335.027 298.582
324.909 300.073
313.105 303.478
300.264 303.959
265.220 213.424
338.204 216.002
