184.572 256.539
193.662 274.131
198.334 288.296
198.155 307.129
201.007 322.404
206.021 344.972
212.116 367.896
220.919 387.363
235.252 398.568
253.791 398.371
272.393 388.149
291.079 372.723
307.837 355.331
316.587 338.683
320.975 322.193
325.445 309.408
333.418 294.997
172.028 306.646
175.962 314.100
183.675 320.713
191.985 326.557
201.981 333.054
239.581 342.687
250.814 341.641
263.668 340.526
275.587 339.552
288.469 336.480
221.800 346.713
222.575 360.369
222.179 375.079
220.822 387.484
209.407 364.916
217.314 375.020
226.175 380.926
237.237 381.864
247.390 376.671
185.035 323.161
187.765 326.968
198.690 331.464
206.614 335.266
199.708 337.352
189.198 333.635
247.411 347.285
253.764 348.910
265.999 349.682
274.638 349.242
266.086 355.487
254.425 354.133
210.819 372.915
209.611 379.170
213.234 384.354
223.218 392.909
237.407 393.171
247.530 392.177
256.545 388.303
249.326 393.279
239.233 398.795
227.699 398.349
218.162 391.846
214.042 381.520
213.638 372.348
217.274 382.616
226.634 390.391
239.760 390.913
254.458 386.212
238.735 395.072
227.104 394.663
217.733 387.521
192.909 331.077
259.151 350.134
