202.889 231.034
207.921 246.338
215.330 258.015
226.395 269.428
239.097 278.374
261.457 281.705
286.560 284.957
312.992 291.454
336.705 300.451
354.952 303.913
363.899 308.924
365.689 312.139
363.224 314.930
360.373 310.692
359.388 298.464
359.104 289.022
356.901 274.911
261.227 165.176
275.565 158.317
289.945 156.777
301.598 158.656
312.333 163.943
345.189 177.811
353.426 179.023
361.957 183.873
369.097 190.636
373.178 202.495
331.687 177.387
339.845 179.898
346.760 185.141
353.588 192.673
317.578 218.444
331.343 217.930
345.697 219.584
353.168 227.117
354.744 230.473
278.724 179.579
288.686 174.220
301.275 177.607
305.595 187.440
300.989 184.474
288.397 180.479
343.063 200.419
351.871 199.836
360.656 202.743
363.395 207.779
359.752 204.620
350.224 202.080
311.586 244.289
320.996 232.418
330.715 227.412
347.432 230.510
360.115 238.775
363.898 249.126
363.456 262.595
360.825 263.330
356.668 259.495
345.921 253.591
331.650 249.842
319.573 247.715
313.120 245.838
330.303 237.583
346.489 238.394
356.948 247.869
360.176 262.992
354.676 252.938
344.982 247.169
330.963 244.198
297.141 177.798
358.236 198.151
