162.767 266.428
166.918 290.997
173.545 310.031
179.070 330.816
185.423 348.219
196.728 366.041
210.768 382.433
227.419 396.962
247.065 404.868
265.045 396.700
278.666 382.606
291.675 362.145
301.582 340.822
306.077 320.777
309.404 298.038
312.803 279.194
316.227 255.947
181.182 249.537
190.497 245.635
203.719 243.682
216.212 244.687
229.311 247.715
274.035 244.321
285.592 238.982
297.161 236.423
306.706 236.563
313.044 239.818
252.145 259.741
254.020 279.806
256.444 300.593
256.778 322.139
231.164 323.100
239.259 331.943
249.580 336.865
260.564 334.016
268.059 324.849
198.761 265.059
205.640 257.316
218.592 256.887
227.269 265.359
217.444 269.901
206.872 270.419
271.775 262.194
280.513 251.903
293.099 251.168
298.600 257.556
292.592 263.883
281.291 264.713
219.745 355.966
225.998 355.633
231.653 357.681
241.739 360.630
255.110 361.619
261.155 362.977
262.336 364.163
256.880 367.928
247.887 371.508
237.271 371.310
227.610 367.038
222.923 361.576
221.337 354.974
231.882 359.914
241.528 363.216
251.981 363.427
261.829 361.026
249.019 361.335
238.479 361.748
228.707 358.486
212.127 261.649
286.696 256.091
