175.675 248.498
173.707 272.440
172.399 291.316
166.246 309.573
162.362 324.834
160.946 336.924
168.545 343.616
179.652 348.324
198.252 352.851
224.663 351.551
253.112 351.199
284.482 346.369
308.314 335.370
322.674 319.391
333.480 297.153
339.898 277.462
344.059 252.263
162.267 211.753
168.616 206.416
177.642 202.822
186.552 202.820
196.696 206.386
236.607 205.951
249.247 202.792
263.660 202.968
277.015 205.532
291.313 211.871
214.172 220.278
210.621 234.469
205.486 245.868
200.395 259.529
187.952 273.869
194.668 278.403
204.067 280.176
218.636 280.013
233.215 276.400
172.524 230.147
174.822 228.174
186.680 228.297
194.226 231.018
185.789 230.998
175.347 231.207
249.074 230.829
255.012 228.802
268.349 228.344
277.453 231.117
268.383 232.217
255.617 231.832
176.478 307.993
179.614 299.362
186.811 293.464
200.945 292.989
218.396 295.654
230.394 303.148
239.987 313.817
228.404 313.110
214.051 312.218
198.837 310.768
185.086 308.691
178.331 308.182
179.444 307.321
186.514 303.095
202.063 303.770
220.372 305.794
237.243 312.411
215.295 303.490
200.720 300.590
187.356 300.665
181.735 225.907
261.141 227.015
