224.738 230.239
230.981 257.883
240.167 278.636
260.357 295.946
279.401 310.673
311.667 320.077
343.577 325.422
367.763 327.539
382.248 329.300
382.661 328.867
373.389 329.274
359.823 326.190
343.032 321.436
328.637 311.848
316.983 296.800
312.693 281.732
310.222 260.391
310.807 190.684
323.950 186.579
335.081 185.533
343.445 187.698
349.719 192.601
363.683 200.453
365.323 201.076
365.529 204.565
364.614 209.902
360.085 217.947
362.440 204.814
373.852 215.700
384.115 226.779
394.870 240.871
361.261 256.107
372.561 260.840
380.444 264.269
380.263 264.815
373.485 262.232
316.016 207.826
326.117 202.187
331.229 205.746
332.298 213.271
334.124 211.523
327.065 209.455
349.111 222.171
356.146 218.966
359.123 221.026
355.594 228.685
360.238 228.249
357.530 224.921
366.306 289.419
374.853 282.788
381.325 278.838
386.737 279.811
387.692 281.691
384.962 286.545
378.359 292.568
383.884 292.329
388.245 292.495
387.502 292.215
382.777 290.922
373.732 290.590
363.930 289.227
377.578 285.117
384.591 285.302
384.201 287.663
376.517 292.050
385.861 287.014
383.569 285.522
379.345 285.533
328.655 205.894
357.153 221.817
