197.003 250.009
195.248 274.266
189.503 293.297
179.121 313.362
174.058 330.603
168.427 346.938
166.130 362.452
166.834 377.592
176.449 388.968
197.817 388.256
225.553 382.986
255.085 374.657
281.680 364.025
299.526 348.127
309.570 325.490
321.109 303.336
320.627 275.143
159.152 228.507
158.333 225.197
161.645 225.146
165.520 228.028
170.946 233.523
199.469 238.368
210.227 235.787
223.450 236.412
236.373 239.343
251.823 245.571
179.025 248.938
170.261 265.440
162.543 281.633
155.573 299.743
165.449 304.628
165.135 309.993
172.537 313.815
186.514 316.725
203.836 310.749
168.040 246.458
166.690 243.339
174.828 245.995
182.442 253.491
174.834 253.949
166.780 252.700
212.908 259.865
215.656 254.741
225.864 256.205
237.135 260.794
226.775 266.591
215.963 264.644
167.693 326.413
161.651 323.030
161.854 322.134
171.086 326.686
189.254 330.908
207.704 336.221
223.769 341.654
209.744 349.171
188.915 355.040
172.827 353.953
165.777 347.726
166.583 337.278
170.030 328.033
164.973 326.863
172.892 331.918
195.273 335.548
220.810 341.478
191.768 347.198
175.291 346.592
168.560 340.253
169.957 246.738
220.150 257.996
