182.921 273.701
190.149 293.430
197.433 309.627
197.263 328.706
198.531 344.534
197.455 361.605
198.773 376.859
203.306 391.570
216.825 398.851
236.610 391.111
259.080 375.169
281.363 355.715
299.131 334.523
305.295 313.157
305.414 289.065
306.463 269.400
306.375 243.159
143.423 263.236
139.891 259.563
141.131 257.488
145.133 258.180
152.667 259.615
183.009 249.231
193.056 241.393
207.174 235.070
222.267 231.945
239.731 233.414
166.737 267.543
162.783 285.917
160.875 305.307
159.302 329.271
179.088 324.439
179.159 331.058
182.882 334.132
193.967 329.626
203.731 321.951
160.706 279.301
157.730 273.090
163.736 270.763
175.602 275.610
168.347 280.503
160.998 283.602
204.949 268.153
206.804 258.925
216.597 255.839
229.719 260.796
219.409 268.284
209.731 270.049
184.964 347.072
179.215 345.138
179.214 344.613
187.882 345.173
203.409 342.323
217.495 341.358
233.825 341.292
226.143 355.056
213.903 366.741
201.244 372.080
191.083 368.958
186.998 358.910
187.685 346.508
187.346 347.487
195.391 347.206
211.254 344.823
232.677 340.897
212.255 355.246
198.967 361.620
189.826 357.847
164.933 273.728
216.246 259.890
