165.842 259.589
168.003 283.240
169.954 301.669
168.982 319.989
169.537 335.644
175.557 349.268
188.158 360.439
204.807 370.038
227.136 376.691
253.453 371.650
275.945 364.802
297.178 354.989
311.841 344.218
317.695 329.708
322.506 310.120
328.941 292.794
335.711 268.675
177.513 215.362
186.646 209.729
199.314 207.451
210.484 208.674
221.650 212.630
257.721 213.445
269.951 210.782
283.771 211.537
296.443 214.789
308.083 221.795
238.057 224.418
236.408 238.364
234.029 252.394
229.913 268.607
211.311 284.650
218.609 290.201
230.948 292.583
245.896 292.619
256.961 285.822
188.066 234.063
195.455 227.495
207.640 228.959
216.849 234.739
207.273 233.488
193.906 233.831
262.720 237.423
273.102 231.450
286.002 231.433
293.844 237.455
288.168 237.994
273.476 237.488
197.685 322.693
201.972 314.132
209.997 308.899
227.659 307.355
245.294 310.169
255.832 315.955
262.466 324.637
253.616 329.441
240.161 335.704
227.132 336.931
213.022 334.013
204.093 328.028
200.974 323.251
211.337 319.316
227.440 319.121
245.232 319.995
259.324 324.677
240.461 323.340
227.905 324.355
215.389 322.711
202.491 228.830
281.404 232.539
