181.398 276.694
181.208 301.616
183.347 320.794
189.634 343.427
196.019 362.839
210.487 385.161
231.707 405.112
255.242 420.409
279.752 426.402
300.754 416.630
314.410 401.241
324.794 381.840
327.200 361.449
328.155 342.591
330.996 321.745
333.176 303.784
335.135 280.035
226.532 269.976
239.827 269.801
253.823 270.739
265.540 272.844
276.049 275.670
313.685 265.413
324.480 261.631
335.431 260.426
344.125 261.088
348.664 264.505
293.589 283.414
295.424 302.097
297.836 322.317
298.829 344.886
266.779 343.935
278.093 353.850
291.113 356.353
301.134 353.489
307.915 342.871
235.956 283.464
244.276 287.489
255.420 287.332
262.565 286.447
256.095 287.665
244.704 288.021
311.358 284.379
321.658 279.520
331.727 279.225
335.134 281.950
332.077 287.180
321.139 288.228
252.854 376.653
264.221 374.003
275.877 373.885
290.674 374.341
302.125 373.481
308.243 373.040
310.234 374.178
305.393 380.388
299.272 387.530
286.972 390.914
273.654 388.675
260.892 382.295
255.457 375.639
272.730 376.725
287.872 378.281
299.481 376.012
306.874 373.458
299.168 380.635
288.132 383.495
272.870 381.051
249.214 282.856
325.591 283.715
