194.224 240.412
201.604 265.265
211.379 285.217
228.683 305.750
244.648 321.950
272.136 334.150
303.296 342.320
331.237 347.623
350.491 351.040
356.247 343.392
352.261 336.297
343.492 326.090
329.096 315.006
317.550 301.173
309.620 282.015
309.366 265.135
306.208 242.719
270.399 202.660
285.310 197.194
299.662 194.280
310.641 195.100
319.420 198.773
345.445 199.902
350.345 197.361
352.943 198.234
353.174 201.505
350.091 208.086
336.520 210.009
346.326 223.088
356.564 235.638
366.719 251.875
323.450 267.361
337.197 271.780
349.402 273.783
351.851 272.821
348.198 267.381
284.685 222.262
296.005 213.942
304.214 216.021
305.618 222.770
305.396 223.064
297.000 224.802
335.050 223.577
345.200 216.241
350.883 217.578
349.393 224.466
351.668 225.279
345.937 224.112
319.468 302.775
328.155 296.071
339.706 292.449
352.244 291.286
358.657 292.996
359.839 297.072
358.868 302.413
359.612 306.939
359.186 309.166
353.113 311.030
345.790 309.840
332.386 307.499
319.246 303.731
335.151 298.568
348.853 298.854
354.669 298.892
356.025 302.959
356.588 303.471
351.133 304.124
341.660 303.609
298.838 215.879
346.831 217.741
