207.836 278.371
217.289 303.721
226.552 322.080
240.625 335.878
254.172 346.572
277.984 354.761
302.348 355.521
323.748 353.992
336.957 349.891
340.223 341.450
334.769 333.167
325.206 321.624
309.338 308.285
297.985 295.370
291.615 279.169
288.977 261.781
287.857 237.951
283.693 246.260
296.419 239.938
307.999 235.067
316.313 233.089
322.803 232.977
337.281 223.800
338.753 219.277
338.496 217.120
336.296 216.981
330.858 219.986
338.243 238.719
349.020 252.261
359.244 267.532
367.795 284.138
326.072 293.066
337.550 296.755
346.793 297.199
345.827 291.742
341.979 284.852
292.989 257.629
302.206 249.850
306.441 248.056
307.530 252.703
308.493 258.792
302.102 262.142
324.114 243.164
331.718 233.896
332.858 231.690
330.389 236.041
333.870 242.879
331.453 244.730
313.134 319.097
323.275 317.259
333.246 315.977
342.307 312.957
344.898 310.156
342.115 308.121
337.214 307.184
338.732 311.173
341.733 314.822
339.139 318.938
331.546 320.091
320.801 319.750
311.632 317.915
325.902 317.350
335.591 315.744
336.718 311.931
334.550 306.869
339.165 310.512
337.203 314.258
328.057 315.636
302.146 251.176
329.913 235.258
