150.382 240.736
151.416 266.791
154.172 289.337
158.446 317.960
164.965 343.804
179.641 371.056
194.240 394.305
209.477 412.114
229.426 421.315
251.332 414.658
267.156 401.103
284.474 380.812
300.057 357.091
308.956 333.034
316.742 305.891
321.285 285.845
326.550 260.466
190.286 198.707
202.220 191.200
216.360 188.407
228.778 190.586
241.086 197.673
284.631 202.337
296.117 199.738
307.529 201.654
316.953 206.594
323.671 216.433
261.683 219.125
261.143 236.441
261.615 250.876
261.241 267.101
229.715 287.044
239.843 291.618
254.327 292.154
266.728 295.818
275.514 292.322
200.884 225.997
212.055 218.938
224.055 221.340
231.638 231.272
221.924 231.984
207.897 230.885
281.262 238.037
292.126 229.461
302.938 232.071
308.713 240.985
304.568 243.902
291.961 241.543
210.811 345.492
218.876 320.102
232.798 307.797
253.148 306.100
270.980 312.045
278.278 326.531
275.571 352.698
265.032 378.042
252.476 398.198
236.483 404.702
221.367 395.274
212.664 373.949
213.125 347.330
230.066 319.353
252.167 316.391
269.682 323.461
272.163 352.142
253.023 384.130
238.965 390.406
224.993 381.011
216.531 224.678
297.957 236.256
