202.670 237.974
201.672 263.646
195.966 284.745
185.819 303.663
178.082 319.351
163.713 334.803
154.702 345.867
150.839 353.844
155.412 360.311
172.911 358.091
196.560 354.123
222.410 347.471
248.172 337.333
266.420 322.020
276.887 298.883
282.040 274.115
286.261 242.426
152.145 212.666
146.832 208.670
144.508 206.874
144.287 207.822
146.811 211.251
162.051 210.898
169.046 206.977
179.534 205.686
191.045 206.605
206.147 211.284
151.791 224.540
146.226 239.660
137.578 251.696
130.988 266.065
142.385 280.622
143.171 286.157
150.077 285.823
159.269 283.964
168.500 278.664
154.973 227.749
150.934 222.325
156.207 223.228
160.138 230.711
152.961 233.994
151.798 233.445
180.289 231.771
180.690 223.316
188.092 223.282
198.135 229.418
188.130 234.799
181.300 234.680
146.676 312.888
144.099 309.449
146.456 306.746
154.937 304.642
165.160 303.191
176.288 304.761
185.200 308.379
177.005 312.967
168.180 317.473
161.851 320.022
153.488 319.277
150.264 316.644
152.421 312.201
155.412 312.520
163.152 312.061
172.793 309.439
185.091 309.502
170.252 308.230
164.716 311.179
155.707 310.635
152.727 226.466
184.220 227.798
