184.834 244.532
189.332 269.196
190.547 288.919
191.791 312.241
196.810 330.528
209.572 348.433
225.717 363.900
245.239 375.571
267.635 381.080
290.519 373.546
306.231 362.572
319.672 349.641
330.005 336.909
335.363 320.528
339.838 299.860
342.800 280.708
349.888 255.297
200.953 232.849
211.287 231.514
225.499 231.841
238.449 234.557
251.495 239.362
297.184 243.520
310.357 240.628
323.986 240.257
335.601 241.183
344.393 243.548
273.303 253.667
272.767 270.319
272.478 284.787
272.656 301.814
250.626 308.419
261.087 315.526
274.269 316.686
285.209 314.114
294.973 306.566
216.011 250.128
223.808 245.554
238.119 247.176
246.158 255.460
234.702 257.716
222.379 256.144
295.722 259.886
306.750 252.961
319.813 252.609
326.095 258.850
320.016 264.697
306.737 264.617
242.120 335.176
250.631 334.032
262.303 331.259
279.119 330.447
292.546 327.265
301.037 328.185
307.208 328.394
298.904 336.098
287.792 343.926
278.891 344.989
267.266 345.448
253.283 340.400
244.060 334.182
261.126 336.515
278.239 336.233
291.083 332.048
303.492 329.088
288.275 331.512
279.098 332.923
266.345 334.279
229.899 249.643
313.610 256.258
