166.408 257.445
171.817 282.648
175.005 301.859
177.808 319.465
182.542 333.327
192.908 345.057
208.284 357.584
229.468 368.466
254.691 374.440
279.124 367.333
298.837 357.154
314.020 344.294
323.094 333.697
326.567 320.393
328.779 301.316
331.592 283.074
335.688 256.529
187.977 224.505
196.860 219.004
209.428 216.478
221.445 217.057
234.190 220.365
279.311 219.433
291.908 215.996
304.764 215.683
315.089 217.746
322.481 223.779
256.078 232.829
255.745 246.258
255.027 255.000
254.526 266.118
230.240 287.915
239.649 291.696
255.088 293.401
269.945 292.590
279.583 286.510
201.593 242.662
208.689 235.311
221.069 235.527
232.106 243.182
223.814 244.102
210.048 244.438
279.776 244.122
291.207 235.373
303.148 235.795
309.188 243.309
303.548 245.562
290.383 245.726
214.212 320.189
223.676 312.796
236.120 309.733
255.312 308.893
273.945 311.033
285.864 313.958
293.242 321.765
284.741 330.793
270.450 337.037
253.746 337.616
236.672 336.958
223.156 330.565
217.225 321.366
234.346 316.136
254.886 316.034
274.845 317.029
290.676 322.193
271.954 328.429
254.111 329.359
235.859 328.501
216.332 238.378
296.530 239.021
