189.987 278.127
194.288 303.309
201.845 322.870
212.507 345.604
223.583 363.585
244.336 384.169
265.231 401.498
282.873 413.805
299.843 415.546
313.964 401.602
320.376 381.889
327.605 359.046
332.883 334.850
335.040 314.267
337.059 293.809
338.110 275.607
338.789 252.734
239.250 279.830
253.470 278.879
268.757 277.446
281.783 277.373
294.123 279.121
331.373 273.182
340.825 267.922
349.877 264.775
356.784 262.393
359.454 259.776
313.766 290.633
317.792 308.879
323.089 327.589
327.014 348.282
290.233 347.449
303.720 354.404
317.930 355.383
328.237 347.121
332.954 333.948
247.213 291.357
258.799 288.120
272.191 285.995
280.410 291.493
272.331 296.399
257.170 297.360
325.867 284.047
336.069 276.874
346.646 274.759
347.307 275.644
346.548 283.759
336.055 286.286
288.819 389.321
298.785 384.029
309.927 378.157
321.430 373.856
329.631 372.024
331.231 373.419
328.270 376.125
324.779 388.525
321.681 399.840
311.472 408.060
300.018 406.723
294.026 399.523
290.172 387.573
306.704 382.112
318.925 378.406
325.256 376.637
325.286 376.360
322.481 396.422
312.933 403.350
302.344 401.840
265.653 291.236
341.078 279.531
