173.041 255.720
174.663 279.675
177.634 297.038
178.719 318.714
182.524 337.582
196.448 357.022
215.676 374.119
235.653 389.940
257.211 400.582
276.614 395.305
288.365 385.762
299.043 373.849
304.403 359.021
305.839 341.538
310.008 321.897
314.593 306.340
320.815 284.727
221.382 243.087
234.874 243.272
248.783 244.796
260.540 248.537
271.210 254.780
305.552 260.828
315.472 258.782
324.910 259.418
332.277 261.411
336.968 265.202
287.615 268.367
289.466 279.488
292.084 293.362
292.504 311.237
257.158 306.135
267.772 317.430
280.447 324.764
290.737 322.050
296.629 314.934
227.852 262.188
238.122 259.193
250.183 261.409
256.149 268.279
249.252 269.929
237.176 268.762
301.416 275.640
312.316 273.411
322.699 275.229
324.296 280.089
320.087 283.018
310.993 279.561
242.595 339.699
251.893 336.646
262.265 335.577
277.606 339.109
289.390 340.250
293.386 343.877
294.740 348.468
289.911 355.155
284.989 358.930
271.794 360.478
258.274 355.798
249.836 348.298
243.799 340.093
259.313 342.417
274.485 346.136
285.436 346.630
291.933 348.469
284.656 351.807
273.222 352.578
260.101 348.092
243.709 264.100
317.418 277.160
