189.308 242.234
193.889 268.421
195.191 288.350
202.635 308.918
213.402 325.384
234.235 338.469
259.504 349.665
286.893 359.550
313.619 365.434
333.532 357.279
343.432 346.677
353.532 334.646
357.347 324.068
357.256 310.360
356.197 290.044
352.191 271.712
351.261 248.294
235.525 204.136
249.076 198.718
264.326 196.702
277.172 197.866
289.074 201.418
329.319 201.701
339.596 198.476
349.098 198.322
355.672 200.842
359.067 207.532
309.137 213.995
312.426 227.061
316.319 238.912
321.506 253.072
285.894 269.711
298.662 274.859
314.602 276.125
325.294 274.375
330.243 265.674
250.112 221.530
261.333 214.825
273.567 217.006
280.171 222.862
273.513 223.333
260.863 223.020
323.892 223.294
335.532 216.262
345.954 217.159
349.232 222.975
347.267 224.112
336.194 224.179
266.913 301.928
279.125 292.080
293.475 288.462
316.417 287.693
333.430 287.358
339.380 290.485
340.761 299.380
338.186 312.965
330.799 321.164
314.204 324.568
293.175 322.102
277.108 315.139
268.024 303.987
291.143 292.760
314.534 291.126
330.642 291.327
338.566 300.924
329.189 314.899
312.305 319.190
291.500 316.130
266.937 218.477
339.733 219.436
