164.117 271.537
165.572 293.868
167.872 311.895
168.262 337.143
169.733 356.838
177.560 380.265
191.078 402.195
209.553 421.312
232.010 430.863
254.801 423.848
269.577 408.744
282.003 390.445
289.869 370.909
293.896 350.747
299.904 328.174
306.325 311.446
313.272 289.010
197.831 282.368
209.036 282.310
223.237 284.562
235.295 289.168
246.383 296.555
287.851 301.586
300.358 297.560
311.661 296.178
319.462 296.766
322.261 298.448
262.674 317.994
259.849 339.885
259.226 357.875
257.241 375.084
224.590 366.541
236.178 375.436
249.681 379.298
261.334 377.589
271.735 369.177
202.009 309.372
212.270 308.227
225.081 310.530
232.751 318.837
222.857 321.394
209.286 318.347
282.471 325.320
295.420 319.251
306.162 319.565
309.037 322.262
305.113 329.562
293.514 330.135
203.360 384.336
216.288 386.457
231.658 389.898
247.610 392.140
260.740 390.822
269.668 389.099
275.502 387.905
266.719 397.286
255.884 406.657
242.612 408.370
227.407 404.998
213.733 394.023
207.120 384.358
227.328 392.547
244.774 396.847
259.548 394.408
271.926 387.627
258.810 399.770
244.397 402.151
228.557 397.897
216.857 313.437
298.248 323.399
