177.582 272.051
180.154 297.994
180.092 320.806
178.266 347.075
179.320 367.182
180.035 389.176
186.835 408.125
197.750 423.246
217.427 431.863
245.322 427.971
273.579 417.916
302.532 401.651
324.113 380.664
337.212 358.530
345.117 331.118
347.931 307.716
349.545 279.170
160.463 272.703
163.989 272.567
172.057 273.519
181.262 276.316
192.481 280.849
234.721 282.005
247.320 278.373
262.291 276.631
276.372 276.115
291.778 277.293
214.075 295.207
212.669 312.420
208.393 326.914
204.396 344.591
197.893 348.810
203.344 354.554
212.783 357.627
225.999 357.741
239.148 353.511
175.445 293.589
178.025 292.005
189.419 293.007
199.378 297.236
191.029 301.108
179.042 300.964
248.959 300.003
254.651 296.625
266.851 296.658
276.590 299.388
268.548 306.368
256.086 305.767
191.008 378.459
190.872 375.221
195.976 373.059
210.850 375.232
229.727 377.225
243.448 381.874
253.812 386.336
241.520 392.873
226.439 399.398
210.501 400.122
198.316 395.363
192.848 386.255
194.410 377.853
198.819 381.203
213.672 383.341
231.898 385.732
250.276 384.867
225.946 390.728
211.557 389.436
199.512 386.505
185.525 294.380
263.265 298.639
