197.875 238.298
208.617 261.211
216.856 279.303
227.331 296.015
239.806 309.630
261.631 319.791
286.416 324.044
309.401 325.827
326.911 325.917
336.867 318.752
336.531 313.287
334.961 307.401
327.075 300.373
319.848 290.262
316.038 275.732
312.887 259.988
310.537 239.599
252.851 203.419
266.258 199.286
279.351 197.479
289.610 198.528
298.347 201.677
323.014 202.649
328.561 200.836
333.738 201.423
336.548 203.887
336.275 208.872
314.340 210.026
321.916 219.564
329.134 229.176
338.459 241.266
307.259 260.555
318.416 261.664
329.812 260.278
333.122 259.060
332.015 253.269
262.093 220.800
273.948 213.672
283.023 215.420
287.262 221.258
284.344 222.017
273.841 222.477
318.156 222.681
326.988 217.772
334.640 217.551
333.652 223.861
334.895 225.264
327.589 223.883
305.468 290.581
312.861 280.413
324.653 273.207
336.616 268.395
341.774 267.001
342.466 270.455
341.203 278.615
341.662 285.858
340.986 292.084
336.054 293.703
327.501 296.308
315.763 294.530
305.499 290.018
322.514 280.692
335.556 278.254
340.093 274.092
339.112 279.552
340.065 281.447
333.991 283.177
324.558 285.905
277.733 216.189
330.888 219.224
