177.330 278.391
184.736 300.760
189.203 318.808
194.721 340.089
202.260 357.442
216.575 377.602
240.012 392.764
265.614 404.518
290.969 407.460
311.080 395.085
321.299 376.870
330.891 357.000
331.486 337.491
329.915 319.462
329.597 299.121
330.883 281.809
334.404 258.576
214.558 276.045
225.998 274.338
239.451 273.403
251.925 274.193
264.564 276.697
305.522 270.866
316.144 265.626
326.751 262.234
335.091 260.379
341.136 260.110
286.574 287.054
290.854 302.720
295.175 320.174
297.999 339.827
260.284 335.645
273.760 342.483
289.605 345.330
301.939 338.173
310.152 327.470
227.609 293.183
235.313 292.554
247.655 291.583
257.726 294.245
250.802 298.364
237.191 299.757
306.558 287.931
315.912 284.049
325.928 281.048
329.955 280.535
326.877 287.371
315.994 290.168
243.231 360.452
254.830 356.928
269.646 357.063
289.943 355.676
306.087 351.448
314.905 347.370
320.654 347.333
314.301 362.842
306.034 374.605
289.736 380.927
270.405 379.732
254.902 371.581
244.544 360.193
267.757 359.790
289.471 360.875
306.524 354.636
318.005 348.284
306.293 369.270
289.976 377.202
269.176 374.293
238.178 292.903
315.778 283.141
