207.393 305.458
210.463 323.670
210.408 337.574
202.312 349.801
197.400 358.700
187.793 363.433
184.406 364.615
184.130 362.987
193.302 354.650
216.522 336.630
244.424 316.500
273.330 294.225
298.271 278.951
313.062 264.333
319.445 245.558
318.769 228.241
312.528 207.440
156.380 263.537
153.745 254.986
155.184 246.508
159.143 240.878
166.200 237.337
184.349 215.122
189.966 205.268
199.266 196.753
210.438 190.461
226.205 187.543
176.755 234.605
170.495 241.373
162.853 248.933
157.791 260.313
173.862 286.898
175.434 286.576
179.004 281.571
190.882 270.933
202.975 259.108
165.038 269.298
161.245 263.144
168.554 256.865
173.840 256.261
164.898 259.104
161.239 264.660
202.797 223.229
203.263 216.828
210.505 206.183
224.288 205.895
212.364 209.019
203.599 216.293
181.073 325.130
178.579 310.513
177.194 302.294
182.703 293.936
197.937 282.303
213.202 278.309
229.304 280.500
216.892 299.224
199.925 315.092
184.439 326.802
176.436 333.318
177.284 332.659
182.723 326.481
180.697 307.396
186.247 298.649
204.642 285.691
230.416 282.331
203.001 307.837
187.649 320.265
180.069 327.163
164.584 258.852
208.383 209.970
