165.595 235.557
161.247 261.142
159.293 281.479
153.717 300.610
151.222 316.896
151.919 331.696
158.048 343.216
166.554 351.725
181.678 360.802
207.412 361.882
232.188 361.992
259.304 358.222
282.380 351.338
296.184 337.688
307.674 317.329
319.926 297.832
333.385 271.259
166.424 200.291
173.990 196.665
184.478 196.414
194.171 199.226
204.332 204.182
245.238 211.335
258.374 211.273
272.219 214.687
284.146 219.864
295.889 228.490
219.280 217.014
211.850 229.736
204.934 244.474
197.075 261.358
187.570 272.955
191.771 278.507
200.890 282.335
215.438 284.107
228.481 279.598
175.109 217.062
181.506 212.268
192.667 217.063
198.643 223.714
190.102 222.388
177.826 220.452
250.048 233.271
258.693 229.706
271.741 232.972
278.668 240.065
269.294 239.105
256.443 235.449
170.614 308.382
175.029 297.909
183.101 295.209
196.822 296.593
211.680 299.875
223.983 307.279
229.421 319.969
217.231 322.613
201.674 323.013
190.922 322.794
181.219 319.479
175.324 314.729
172.858 309.490
182.893 300.963
196.609 303.740
213.934 306.700
228.633 319.892
206.202 317.220
193.644 316.341
183.911 314.174
185.573 216.371
264.838 232.962
