162.679 248.931
168.054 273.744
172.251 295.321
176.212 324.559
182.840 347.433
191.898 373.225
200.248 396.457
210.957 416.579
228.920 427.299
250.956 422.644
268.519 408.188
284.078 387.233
298.100 363.093
307.819 338.610
316.646 311.196
324.173 291.821
332.808 269.019
167.679 250.867
174.082 250.549
184.712 254.919
196.218 261.775
208.910 270.867
252.565 275.523
266.311 269.007
281.217 264.149
293.783 261.997
304.307 264.758
228.323 292.096
225.666 309.336
222.726 325.739
221.320 342.046
200.415 324.758
206.919 335.689
224.481 344.746
243.120 340.444
255.683 332.405
180.778 278.080
186.067 274.989
199.654 276.974
209.037 286.594
197.594 290.954
184.582 288.423
256.212 291.918
264.531 284.672
278.297 285.676
287.620 290.440
280.942 299.509
266.484 299.437
198.419 365.576
199.961 357.826
206.156 359.099
222.078 363.867
240.243 363.938
252.796 365.338
260.406 375.328
252.393 394.517
239.330 408.698
227.167 411.556
214.104 404.079
203.940 386.581
201.447 367.095
207.118 361.469
224.180 366.870
244.733 367.629
257.796 376.776
239.008 401.066
226.733 406.358
214.958 396.587
186.694 280.605
266.444 290.132
