185.907 249.803
189.219 278.238
195.329 302.099
204.074 324.394
213.703 345.038
230.940 367.334
255.692 384.418
279.049 398.528
300.508 406.660
319.960 400.873
333.053 390.116
344.694 374.969
348.041 355.949
350.585 339.239
353.910 320.341
356.849 300.679
359.330 275.039
251.199 210.900
265.928 204.851
280.821 203.183
292.988 205.888
303.799 212.465
340.246 217.949
349.400 215.736
358.307 217.413
366.039 221.863
371.367 230.944
322.485 231.934
324.790 249.505
327.426 264.530
330.030 281.175
293.240 294.005
304.863 300.780
319.815 302.989
328.604 305.037
333.154 301.293
263.728 236.303
275.239 231.463
285.599 234.861
290.134 242.822
284.330 244.381
272.542 242.981
335.373 250.630
345.634 244.212
354.896 245.607
358.265 252.136
355.455 256.855
345.842 255.636
284.671 339.324
291.854 326.881
302.879 320.669
319.173 319.732
330.313 322.985
335.011 330.549
334.069 343.990
328.211 356.486
320.559 366.211
310.743 369.537
296.666 364.540
287.169 354.162
285.334 340.513
300.708 328.786
316.968 328.170
327.910 330.676
331.461 343.308
318.896 356.030
310.626 360.843
298.967 355.975
278.856 238.159
349.278 250.693
