194.495 249.995
197.376 268.063
199.140 283.539
194.322 304.447
191.853 321.377
187.584 342.311
188.082 361.533
189.958 379.204
198.452 391.922
214.546 393.968
236.993 389.233
262.778 380.415
283.779 362.546
295.437 342.822
302.307 320.424
305.204 303.742
304.093 281.043
149.841 270.218
147.325 273.915
149.525 277.434
154.292 281.784
161.870 287.187
185.846 297.789
193.212 297.718
204.478 298.665
217.263 299.572
234.066 299.870
176.656 302.754
176.356 318.280
173.777 332.255
170.251 348.271
179.870 335.051
181.791 344.072
186.108 350.196
195.190 351.430
205.401 347.588
161.061 288.484
158.522 291.810
166.591 294.819
174.069 296.605
167.935 299.335
160.791 296.301
204.227 309.563
204.738 313.027
212.775 314.988
226.168 314.538
217.709 320.082
207.418 316.733
180.927 353.185
178.561 355.705
180.247 359.468
186.552 363.916
196.125 367.085
205.139 369.017
215.102 371.148
207.691 373.813
196.913 377.301
186.704 376.233
181.435 369.658
180.291 360.822
183.020 352.680
185.524 359.530
191.924 364.757
201.187 367.814
214.833 369.246
197.824 368.794
188.141 366.851
182.780 361.336
163.077 294.462
211.483 314.732
