188.859 266.378
194.956 292.275
198.168 312.998
197.473 333.002
200.598 350.527
205.174 370.977
218.469 387.477
233.878 403.254
253.751 412.185
276.789 406.279
298.795 392.937
320.385 377.461
333.100 357.760
340.379 339.131
344.965 319.806
346.832 299.955
349.703 273.063
180.348 280.355
184.861 282.979
194.337 286.123
204.527 290.059
215.948 294.856
257.944 296.200
270.319 292.061
284.988 288.546
298.219 286.074
310.703 284.094
236.886 308.429
234.896 326.013
233.400 343.093
232.836 361.697
224.705 349.172
231.253 358.712
242.921 364.418
257.322 360.977
267.678 349.038
197.470 295.496
201.236 294.920
212.936 297.108
223.043 302.508
211.805 307.005
201.057 304.454
267.390 303.448
275.759 299.273
288.268 298.441
297.951 300.020
290.381 307.964
276.132 308.951
217.183 358.764
221.102 360.066
228.315 365.814
246.231 371.235
267.805 368.640
281.993 362.963
292.150 361.663
283.401 372.548
267.806 383.891
250.127 385.951
233.963 380.755
224.167 369.261
219.376 358.669
231.154 364.615
248.698 370.134
270.882 366.974
290.707 361.554
267.598 376.894
250.417 379.683
234.004 374.301
208.326 298.661
283.229 301.667
