156.312 246.317
155.488 272.656
156.584 292.704
163.507 313.411
172.303 330.346
189.937 349.219
216.299 360.633
239.951 368.376
261.032 371.765
277.863 366.379
289.923 358.632
302.701 348.577
304.839 332.562
305.480 316.071
307.268 296.080
307.299 278.199
309.080 255.057
205.652 243.488
218.506 243.381
232.419 244.025
244.172 246.405
254.999 250.932
291.962 252.029
302.021 248.435
311.097 247.087
318.049 247.331
321.721 248.741
271.561 263.920
272.048 278.579
274.131 292.577
276.541 308.575
244.663 308.615
256.999 315.948
270.672 318.484
281.835 316.330
290.717 308.817
212.305 258.317
224.310 256.789
236.148 258.274
241.985 263.709
235.691 264.498
222.297 263.844
289.237 265.797
299.757 261.422
309.357 261.111
311.903 262.977
308.947 267.578
297.380 267.336
245.738 340.799
253.523 335.608
262.919 330.288
275.325 327.458
287.762 328.859
293.703 333.832
296.231 338.552
290.860 344.955
283.135 351.820
271.116 353.781
259.326 352.215
251.909 346.059
246.554 339.455
261.717 340.454
273.975 340.247
286.128 339.546
291.826 337.784
285.287 341.328
273.923 343.097
261.761 341.967
228.953 258.729
302.890 261.958
