166.653 291.522
178.616 317.509
186.801 340.112
204.651 364.350
222.615 382.141
254.548 394.997
289.965 401.674
320.913 402.890
348.626 398.100
366.375 384.965
372.282 371.684
374.787 353.147
371.345 335.637
362.437 317.370
352.230 292.941
342.811 273.973
331.890 251.220
214.706 239.500
230.038 229.777
247.075 222.905
261.841 219.922
275.453 220.051
315.253 209.823
325.236 203.984
334.750 201.777
341.697 202.836
344.776 209.185
299.286 228.331
307.540 242.379
316.756 252.895
329.177 267.338
298.980 306.790
315.162 304.538
329.941 301.331
337.871 297.782
340.252 292.756
236.947 256.346
248.132 245.326
260.952 243.486
269.265 249.374
262.486 254.954
248.735 258.966
315.450 238.528
324.797 227.464
334.522 225.928
338.372 232.778
339.027 237.358
328.172 239.393
306.531 355.117
314.355 343.368
323.878 333.543
342.323 327.050
353.855 323.185
358.820 328.946
361.840 338.039
361.524 342.673
356.784 348.434
344.832 352.471
329.227 356.091
316.611 356.644
309.041 353.427
325.383 343.439
341.753 337.109
351.997 334.418
358.157 337.561
354.325 338.524
343.772 341.956
329.214 346.398
252.613 250.026
329.029 231.590
