253.602 209.363
257.321 236.396
265.797 258.738
282.063 283.047
295.016 301.837
316.597 319.015
337.553 335.897
353.743 348.829
358.055 355.179
352.418 353.196
337.130 347.324
319.838 337.056
301.677 327.080
287.463 315.775
276.664 299.958
270.428 285.616
268.342 266.094
338.371 189.088
345.773 186.723
349.727 188.295
351.768 192.726
353.268 200.179
349.903 213.186
346.859 214.267
343.461 218.249
339.729 223.472
332.622 231.729
360.266 220.867
372.161 235.247
382.410 248.072
391.237 261.351
357.788 265.708
368.079 274.112
373.379 280.612
366.351 281.272
355.262 279.783
339.429 213.148
346.414 210.895
346.056 214.659
343.938 222.147
347.372 220.146
347.397 217.209
341.362 236.702
344.397 234.468
341.167 239.108
334.676 244.615
342.456 243.977
344.535 240.323
345.089 298.518
356.536 291.744
366.361 291.756
372.783 296.249
365.043 299.732
354.867 304.843
342.649 314.555
350.669 323.347
361.775 327.740
367.641 326.836
364.686 320.040
354.749 310.654
343.675 299.556
361.232 294.595
370.895 299.618
360.152 303.218
341.232 314.538
360.699 324.046
367.225 323.583
362.844 316.069
345.849 213.986
342.200 238.026
