174.351 242.968
170.499 264.835
165.029 281.096
154.441 300.005
148.924 315.206
145.038 326.901
144.562 336.960
148.261 346.141
161.022 353.300
186.045 352.892
215.097 349.770
246.352 342.646
274.004 335.085
289.662 320.894
300.431 299.683
307.518 281.622
316.695 258.807
154.661 194.681
158.844 187.143
166.763 183.394
174.213 183.480
181.560 187.689
217.232 189.183
229.698 186.426
243.312 187.980
255.573 192.516
268.919 202.269
191.652 203.999
181.606 219.496
171.237 232.144
163.235 245.537
154.242 261.124
157.759 266.078
167.395 268.868
183.939 269.518
200.752 266.282
157.575 211.500
158.982 204.513
168.243 205.665
175.396 213.323
166.079 214.170
155.707 213.905
221.106 217.153
229.052 207.989
241.859 210.084
252.580 219.166
240.007 221.041
226.017 219.250
144.621 298.186
142.800 288.024
146.153 281.646
158.166 281.384
177.241 284.174
189.423 294.331
200.957 306.737
188.106 314.532
172.166 321.116
152.983 322.057
143.010 315.629
143.907 307.211
148.216 298.468
148.653 291.570
158.104 292.656
176.406 295.233
198.076 306.153
170.437 309.500
154.710 309.877
145.676 305.425
163.222 207.181
234.531 212.208
