175.667 276.243
179.447 302.067
183.410 323.795
191.792 349.031
202.616 367.933
220.598 388.441
245.474 404.360
270.405 418.528
297.295 424.549
321.698 412.189
336.698 392.399
349.958 369.589
356.354 347.815
359.203 327.279
358.103 303.434
355.200 282.405
354.207 255.940
208.186 278.011
220.162 276.068
235.225 275.203
249.190 276.392
262.491 278.405
306.955 271.010
319.531 264.687
332.555 260.165
342.724 258.205
349.428 258.488
284.782 288.897
285.868 308.446
286.974 326.397
288.889 348.912
257.279 346.501
271.353 354.486
288.641 357.097
305.126 350.405
316.638 337.154
225.256 292.067
233.931 290.330
247.776 290.110
255.820 291.716
248.614 294.731
233.931 297.263
309.159 283.716
319.964 279.871
331.296 277.034
336.135 277.870
330.904 284.425
318.766 285.768
244.011 371.857
253.909 371.353
267.336 373.316
291.298 373.883
312.456 368.063
325.660 362.574
332.378 360.956
323.399 373.939
311.883 384.492
294.353 390.374
273.056 388.195
258.189 380.794
246.949 371.507
265.640 374.066
291.660 375.477
315.138 368.739
328.974 361.358
311.696 380.624
293.229 387.522
271.757 384.573
238.384 291.102
323.867 279.477
