187.369 258.672
191.161 279.590
193.651 296.359
195.907 310.381
202.280 322.241
216.082 330.310
238.127 334.607
262.818 338.913
289.014 341.480
311.960 338.620
327.298 336.036
340.129 331.035
343.696 323.565
343.823 312.595
344.221 295.801
342.940 279.808
343.782 259.005
217.650 211.258
228.582 204.617
242.357 200.701
254.847 200.639
266.726 203.986
304.709 203.574
315.161 201.361
326.216 202.736
334.589 206.791
340.350 214.323
286.678 214.893
289.198 224.779
291.350 233.360
294.539 245.368
263.848 268.588
275.010 270.688
290.236 270.865
303.064 271.240
310.976 267.496
233.371 227.700
242.109 220.521
255.064 222.561
261.490 229.326
253.840 228.845
241.219 228.403
304.861 229.560
314.354 221.644
325.242 223.132
329.812 230.463
325.905 230.947
314.533 230.733
248.798 294.931
257.647 288.282
270.195 284.580
289.651 282.447
308.039 284.460
316.969 289.521
321.938 297.979
315.485 299.679
305.067 300.158
289.222 300.109
271.543 298.981
257.822 297.346
250.780 296.030
268.376 291.065
289.201 289.724
307.423 291.594
319.301 298.734
303.734 294.705
288.512 294.481
271.249 293.701
248.154 223.180
318.861 224.933
