202.948 256.185
211.128 282.364
220.926 304.412
233.538 326.315
245.085 346.311
269.103 366.294
292.360 378.544
310.516 386.925
321.279 391.394
321.506 386.156
314.785 377.297
309.368 364.676
299.104 349.392
290.441 334.318
286.493 317.142
283.115 300.941
280.903 279.375
288.335 229.051
301.604 226.746
312.190 227.108
319.153 230.101
323.769 235.231
337.346 242.076
340.550 241.299
342.426 242.915
341.848 246.156
336.371 251.171
332.875 249.719
340.251 263.053
345.944 274.822
353.349 287.182
323.932 297.469
330.203 301.312
334.727 303.130
334.816 302.362
333.327 296.976
292.436 248.440
303.977 244.893
310.361 248.353
310.038 254.044
310.025 254.052
302.862 251.976
326.906 260.723
334.554 257.769
338.368 259.022
333.010 264.255
337.481 265.661
334.565 263.835
318.013 336.692
328.994 321.412
335.910 314.552
339.754 312.569
337.638 315.879
331.645 322.870
323.336 337.215
324.491 351.227
329.391 360.396
331.395 363.660
329.094 359.417
321.851 350.408
315.032 337.492
332.904 322.657
336.988 322.076
333.472 324.118
322.530 337.699
331.059 352.663
333.287 355.703
330.738 351.247
306.917 246.400
335.624 258.730
