201.607 279.438
200.923 299.898
197.907 315.859
189.275 331.262
184.494 344.584
180.370 353.800
185.573 359.629
193.420 363.386
210.277 364.516
238.827 359.416
268.454 353.511
298.643 344.581
319.588 335.475
330.099 322.540
336.237 303.776
341.886 287.038
350.772 265.014
186.859 223.999
191.620 214.287
198.687 207.486
206.213 205.134
214.691 206.874
247.675 200.799
259.063 196.416
272.288 195.951
284.147 199.264
296.899 208.166
227.709 219.153
221.245 232.721
215.157 241.899
209.799 253.854
206.496 278.072
210.888 280.696
220.110 280.309
234.370 277.619
248.073 273.720
192.330 238.821
194.724 229.016
204.620 228.128
212.479 234.724
203.728 237.175
193.499 240.068
254.738 228.609
261.295 217.894
271.754 217.938
282.147 226.322
271.952 229.346
258.880 229.385
195.896 314.540
199.706 303.119
206.059 295.804
221.335 292.392
242.234 289.910
256.577 294.675
267.409 306.954
255.216 317.603
236.965 323.340
215.409 328.334
201.285 327.142
196.901 323.504
198.759 316.458
207.281 303.080
223.617 297.781
245.763 297.195
266.506 308.651
240.688 320.417
218.813 324.844
205.007 323.784
198.760 233.345
265.408 224.125
