167.637 278.379
169.514 304.881
172.080 327.292
179.036 344.664
188.655 360.150
202.070 377.183
220.657 389.521
238.221 398.625
257.539 402.579
277.659 397.293
295.324 388.205
313.036 374.553
324.392 357.103
332.498 340.952
338.101 322.572
340.732 301.394
342.746 272.507
185.869 256.274
194.573 252.128
207.104 250.800
219.676 252.202
233.094 255.228
275.605 254.162
288.311 250.574
302.200 248.690
314.185 248.997
323.936 252.847
253.986 268.204
253.849 286.115
253.559 302.136
254.374 321.026
233.724 327.013
242.284 334.134
254.736 337.036
267.479 333.800
276.696 325.091
199.888 273.644
207.303 266.417
219.271 266.233
227.845 273.695
218.215 279.036
207.189 279.696
279.624 273.105
287.441 265.420
300.984 265.051
307.147 271.384
302.118 277.991
289.822 278.218
238.931 367.515
240.053 361.963
244.259 358.062
254.387 355.812
264.477 357.031
271.950 358.920
275.248 364.345
270.452 369.594
262.202 373.689
256.034 374.801
249.298 373.065
243.090 370.752
239.923 366.124
246.146 364.458
255.539 363.812
265.911 363.775
273.952 363.621
263.019 365.693
256.405 365.121
249.370 366.618
214.054 272.390
295.399 265.573
