195.425 245.892
196.175 269.597
195.510 289.214
188.720 305.825
184.327 320.840
175.258 337.347
168.697 351.377
165.564 362.206
170.954 370.367
188.370 371.579
215.397 370.924
244.198 362.081
266.936 346.450
282.600 330.020
293.152 309.361
298.700 286.121
301.501 254.465
152.773 229.964
152.476 231.587
154.699 234.609
158.535 237.475
164.742 239.920
179.296 239.037
184.045 235.099
192.394 231.913
202.574 229.978
217.949 231.408
172.911 244.688
167.091 254.142
158.523 266.219
149.895 280.816
163.068 286.865
161.725 294.023
164.471 300.563
177.945 296.605
191.018 287.335
162.693 243.223
160.582 238.612
165.747 239.781
173.479 246.292
166.141 248.258
161.259 247.738
201.325 248.095
201.382 242.295
209.036 242.246
219.187 247.219
211.415 251.648
202.900 251.314
165.548 320.902
160.457 313.139
158.407 311.053
162.595 312.720
179.088 316.183
192.351 322.055
205.281 332.826
192.459 341.522
175.731 346.789
165.565 345.992
161.532 340.917
162.673 332.761
167.769 322.203
162.803 315.870
166.224 316.489
182.673 320.395
204.722 332.128
180.201 342.366
168.270 343.069
163.125 337.875
163.376 241.660
206.748 244.599
