197.617 247.725
205.676 276.943
215.481 300.637
234.126 315.932
250.754 330.510
278.565 343.856
306.283 354.788
328.828 364.360
342.468 370.800
343.951 368.617
333.675 364.811
319.563 357.993
301.849 348.797
289.555 338.045
281.883 322.204
277.885 302.527
273.679 278.114
276.760 205.870
289.668 200.609
301.344 199.693
309.487 202.667
315.119 208.640
330.369 218.817
332.682 218.858
332.825 221.830
330.114 226.810
324.029 235.606
327.678 225.103
337.274 238.699
348.377 249.348
358.998 262.204
325.129 274.900
334.712 280.108
342.250 282.750
339.861 285.407
335.914 282.133
287.620 225.209
297.030 219.366
301.577 222.940
302.915 231.821
304.071 231.469
297.117 229.728
320.831 242.834
325.781 237.114
330.045 238.777
326.247 248.046
330.805 249.965
328.875 247.316
331.445 309.256
336.587 299.957
344.250 295.481
348.429 295.927
349.429 300.859
347.555 307.719
345.405 318.226
345.868 324.980
346.406 330.476
344.749 332.409
342.174 327.847
335.425 320.278
328.550 310.847
340.181 303.850
346.873 304.218
346.521 308.092
342.361 318.671
344.388 320.947
343.455 323.423
339.072 319.134
300.126 224.675
328.497 242.417
