174.361 268.672
178.779 289.945
181.264 307.401
179.144 323.627
180.762 338.357
187.485 351.543
198.450 363.577
215.922 373.155
238.625 377.404
263.393 371.888
283.386 363.145
300.360 350.434
312.038 337.281
316.582 321.465
319.883 300.947
323.364 283.488
326.928 261.248
180.197 233.109
186.182 227.110
196.355 223.169
207.134 223.053
219.202 226.641
259.431 224.615
271.389 220.009
284.357 219.051
295.728 221.000
305.572 226.987
239.029 239.780
238.280 255.036
237.400 268.866
236.216 283.879
215.692 298.196
224.716 302.574
238.077 303.528
253.092 303.324
264.700 296.485
188.569 250.534
192.747 242.939
206.334 243.167
215.545 250.001
205.867 252.322
193.392 253.102
265.518 248.973
273.338 240.366
285.883 239.575
294.809 246.338
288.917 250.090
275.305 250.635
203.254 325.543
208.916 318.427
218.755 315.569
236.578 315.513
256.465 316.172
268.945 320.204
277.646 326.903
266.735 335.327
252.228 341.275
235.986 342.560
220.300 339.366
209.564 333.680
205.347 326.389
219.329 321.359
237.421 321.719
256.976 322.439
275.332 327.475
253.199 332.952
236.553 334.304
220.486 332.099
197.471 245.606
277.925 242.764
