185.472 263.947
192.748 289.572
198.445 310.604
207.142 335.364
221.836 354.436
243.196 374.639
264.300 392.863
285.954 403.248
308.382 404.040
327.622 391.478
340.519 372.549
349.927 346.116
358.476 319.480
362.023 295.887
359.954 270.948
356.714 250.630
353.009 224.685
196.169 236.882
203.728 230.389
215.150 226.062
226.868 224.747
240.522 226.653
287.841 216.738
298.955 210.335
311.329 206.892
322.210 205.634
332.599 207.322
268.143 240.077
272.796 258.215
277.555 273.705
282.011 290.786
257.445 307.072
270.574 313.475
285.965 312.933
298.577 308.303
306.893 298.296
211.193 253.689
217.493 246.982
229.508 245.428
242.220 251.423
234.074 256.475
219.105 259.852
296.766 239.683
303.985 228.234
314.799 226.323
324.548 228.982
319.917 238.950
305.801 241.753
264.159 358.499
267.629 348.259
276.967 341.843
292.218 337.148
307.574 334.702
317.460 336.305
325.166 343.205
323.676 361.666
317.586 378.298
304.428 387.758
287.031 385.720
274.065 374.707
267.116 358.901
277.240 345.956
293.134 341.536
309.277 338.647
322.465 344.191
315.997 372.429
302.738 382.572
285.944 379.926
224.338 251.055
309.156 233.328
