177.570 270.224
185.079 291.566
190.835 308.259
190.987 327.930
194.749 345.999
201.880 364.855
214.798 381.992
229.721 399.181
249.158 408.577
271.297 401.253
291.154 385.878
311.430 366.278
325.046 344.140
330.486 322.645
332.156 300.024
333.512 281.071
334.546 256.978
163.746 281.352
167.416 283.782
175.514 285.629
185.038 288.135
196.961 289.930
238.888 278.182
251.814 271.821
267.207 266.376
281.707 262.928
295.292 261.671
218.542 295.398
219.117 311.686
218.790 327.325
218.071 347.286
211.324 337.930
217.121 348.237
227.865 355.408
239.441 353.783
247.860 344.570
178.398 293.683
181.032 295.799
194.206 294.870
202.025 294.218
191.725 299.464
182.567 299.471
252.987 288.267
259.386 282.981
271.222 280.986
281.417 284.166
275.540 292.188
263.092 294.088
210.413 355.425
212.506 360.152
217.629 364.335
232.023 370.559
249.238 371.778
261.648 370.830
271.678 367.240
260.363 373.859
246.680 380.801
236.396 378.571
223.696 369.857
216.997 360.606
214.003 354.680
221.725 362.514
235.459 369.726
252.400 370.674
269.161 366.269
248.485 371.260
236.501 369.411
223.062 362.788
185.779 291.979
266.711 286.135
