158.954 264.912
165.824 284.189
169.260 301.757
174.166 326.570
179.254 346.546
190.259 369.793
202.213 391.301
214.452 408.831
231.285 416.424
249.973 409.338
266.630 393.902
284.226 373.957
299.685 351.808
305.763 330.190
309.738 308.890
312.744 291.868
315.954 272.472
161.212 306.177
168.987 312.107
179.699 315.612
189.525 318.318
199.059 321.362
224.038 322.324
233.111 320.011
245.061 317.886
256.958 315.033
270.146 309.781
211.806 332.123
213.563 348.510
215.053 364.930
216.287 381.487
202.691 361.531
211.585 370.973
222.267 375.272
232.797 370.444
239.615 362.448
168.365 316.711
174.503 322.913
187.374 324.040
195.598 322.761
188.272 325.941
173.542 324.448
237.136 324.948
244.626 328.279
259.216 326.405
267.563 321.737
257.582 330.025
243.826 329.414
206.531 386.108
207.428 384.751
213.655 385.664
224.922 386.669
236.407 383.977
243.660 383.282
248.524 384.965
244.122 392.261
237.090 398.358
227.411 400.848
217.260 399.441
211.042 393.898
207.154 384.592
215.438 387.447
225.892 389.806
236.733 386.389
248.439 383.882
236.831 394.156
226.410 395.868
216.378 394.277
184.588 322.504
250.030 326.061
