189.970 277.083
188.197 302.878
186.672 321.946
182.573 342.244
181.731 359.731
186.014 373.518
195.227 382.359
205.611 390.486
223.649 397.012
248.272 391.960
272.975 385.941
302.138 376.999
326.107 364.370
338.632 347.503
347.332 325.060
352.532 305.385
357.455 278.145
185.160 241.853
192.108 237.202
202.827 234.619
212.814 234.282
222.766 236.232
251.671 235.165
261.427 232.057
274.014 231.544
287.095 233.047
302.352 238.113
236.259 246.624
231.893 259.827
226.437 272.963
219.813 288.984
207.435 300.928
212.116 306.717
222.773 311.585
239.905 311.697
254.505 304.199
196.886 255.917
201.371 248.532
212.685 249.175
219.941 255.511
210.459 256.181
200.018 257.307
266.735 255.206
272.872 247.493
284.836 248.925
294.678 255.849
285.822 257.915
273.029 257.074
199.670 336.413
199.732 325.701
203.011 320.859
214.789 321.989
232.855 327.124
245.213 334.802
254.209 347.047
244.806 354.267
232.561 359.781
219.017 360.118
208.123 354.976
203.992 346.429
202.828 336.793
206.623 327.898
217.174 331.117
235.952 336.762
253.213 346.364
233.551 349.923
220.884 349.189
210.577 345.512
205.445 252.179
278.808 252.071
