190.383 261.639
194.239 283.993
194.431 301.970
195.048 327.448
199.274 347.472
206.326 370.875
218.976 392.239
234.694 409.515
255.864 419.298
280.574 412.928
302.256 398.713
324.398 380.081
340.126 358.441
350.474 337.232
356.084 312.084
357.444 292.144
361.380 266.959
188.795 267.227
194.873 267.559
205.082 268.486
215.195 270.958
226.455 275.127
267.965 275.914
280.187 272.229
293.971 270.613
306.978 270.115
320.543 270.902
246.510 290.366
246.012 310.264
245.310 327.926
244.011 347.287
228.399 344.264
237.942 353.552
250.086 358.469
264.258 354.676
276.224 345.587
201.793 286.847
206.271 286.361
217.779 288.168
227.622 291.570
216.538 296.023
206.757 294.525
276.153 293.286
282.899 290.793
296.022 290.055
304.190 290.976
295.596 297.870
284.495 298.313
224.369 372.658
227.830 373.120
235.608 374.536
251.441 376.210
269.716 374.989
281.360 374.944
290.058 374.887
281.762 381.343
269.174 387.300
253.946 390.110
239.064 385.695
231.008 379.522
227.695 371.785
238.327 377.275
253.695 379.392
270.933 377.997
287.301 373.645
268.636 381.507
253.915 384.068
239.632 380.304
211.473 288.622
289.484 291.590
