209.799 249.140
215.027 272.143
219.995 291.462
222.854 316.237
228.885 338.279
233.921 365.421
236.049 387.918
239.848 405.807
250.239 418.663
263.130 421.943
277.353 415.802
291.321 403.587
304.581 386.570
312.926 367.212
316.669 346.845
317.716 329.491
316.549 305.105
150.620 269.162
146.178 272.050
146.613 276.664
149.418 282.450
154.966 289.730
176.316 301.345
183.817 301.412
195.313 303.379
208.239 306.701
225.369 310.861
165.154 313.590
161.564 333.482
157.027 348.572
152.861 365.637
176.094 347.098
174.908 358.596
177.170 366.589
186.818 367.666
197.337 362.214
166.878 289.117
162.508 291.346
167.955 295.015
178.192 301.556
170.424 303.632
165.946 299.100
203.252 317.389
201.978 316.737
209.254 321.122
224.614 324.094
215.700 329.540
205.537 325.872
197.406 378.289
183.098 375.267
176.759 376.066
180.068 380.572
193.711 387.680
209.989 392.976
229.619 398.640
236.571 407.718
235.186 414.710
228.625 414.577
218.050 403.882
209.370 391.063
200.229 378.521
184.640 378.063
186.792 383.063
202.684 389.653
228.756 396.236
229.344 407.209
224.459 408.533
215.242 398.971
167.289 296.181
208.782 322.164
