187.878 226.339
188.851 253.951
186.779 276.429
182.929 301.869
182.624 325.741
191.765 351.671
201.226 372.238
210.692 390.353
223.602 401.242
239.774 398.584
250.698 387.790
264.546 374.802
278.542 359.026
287.076 339.858
298.266 319.405
306.182 302.000
321.680 283.979
248.055 206.448
260.991 203.704
274.123 205.750
283.989 211.737
291.852 221.657
320.199 234.352
329.211 233.662
336.757 236.924
341.305 242.626
343.122 251.833
301.797 247.737
297.937 267.297
295.902 279.625
294.688 290.951
264.864 291.251
271.665 299.747
280.766 305.205
286.658 305.953
293.842 304.702
250.422 235.246
263.040 231.579
273.583 236.927
277.008 247.926
270.007 247.212
257.575 241.853
310.045 263.084
321.535 256.932
329.683 262.273
329.352 270.938
327.056 272.545
317.295 268.337
235.146 331.879
251.413 318.417
266.383 313.295
278.504 314.746
285.792 319.831
286.133 329.395
279.543 345.756
265.865 368.750
253.440 384.892
240.257 389.001
231.048 376.238
230.246 356.655
235.103 334.417
259.804 321.798
274.098 323.023
281.051 329.057
276.486 346.519
258.476 375.068
246.107 378.955
238.196 367.547
266.173 237.639
322.985 263.456
