187.890 264.696
186.588 289.817
184.556 309.296
179.098 329.956
178.346 347.758
179.045 367.215
184.236 384.887
193.419 400.097
212.338 409.540
239.146 405.977
268.952 396.145
299.543 383.230
322.071 368.053
335.719 350.496
343.944 328.109
346.570 307.378
349.661 280.003
169.419 252.205
172.388 250.656
179.036 250.781
186.770 252.929
196.610 257.070
234.848 260.625
246.641 258.497
260.610 258.081
274.149 259.130
288.988 262.432
212.998 270.496
206.762 284.589
200.452 301.840
194.938 323.697
189.475 315.319
196.188 327.526
209.159 333.878
227.525 331.617
244.289 321.036
180.796 267.823
181.451 267.237
192.978 268.406
202.631 273.794
191.574 274.715
180.390 274.346
246.312 277.719
251.137 274.041
262.312 274.312
273.704 276.644
262.179 281.781
250.840 281.464
185.234 340.072
186.348 337.720
192.796 339.884
208.191 342.208
227.532 343.795
247.593 344.429
265.176 349.267
247.981 363.073
226.879 372.659
208.661 373.025
194.481 366.527
188.244 354.476
188.065 341.267
194.022 345.373
209.765 349.884
233.212 350.055
262.319 350.055
229.647 364.119
210.324 365.670
195.750 358.842
185.166 271.572
254.844 278.124
