181.443 273.774
191.788 299.566
199.962 320.335
213.008 342.727
225.879 360.775
250.146 378.557
279.720 390.209
307.264 397.316
329.654 395.639
344.439 382.820
347.379 364.518
348.534 342.903
344.872 321.728
339.915 302.374
337.764 281.061
334.734 262.573
336.532 237.117
247.239 261.572
262.314 257.300
277.124 253.190
289.978 251.970
302.336 253.324
340.408 243.842
348.944 238.097
356.014 235.383
360.530 234.591
361.349 234.905
324.251 263.301
332.170 281.543
338.668 299.816
344.921 320.804
303.871 325.857
318.761 333.183
335.071 333.167
343.435 327.543
344.755 315.994
260.632 275.925
273.782 271.175
284.462 268.006
290.478 271.894
285.481 277.640
273.736 281.105
331.858 262.978
344.365 254.563
351.852 252.621
350.497 254.321
350.573 262.498
342.484 264.760
297.478 360.488
308.566 355.140
321.837 350.764
339.732 346.556
349.428 342.097
351.613 341.852
347.523 344.338
348.346 352.750
345.508 362.806
337.199 368.883
321.931 369.647
308.628 364.971
299.367 358.769
319.510 358.450
336.521 356.095
345.627 350.056
344.694 344.365
344.522 354.842
336.052 360.318
322.152 360.953
279.222 272.139
346.675 256.584
