159.165 224.977
157.345 249.383
157.213 268.050
156.882 290.100
159.050 309.125
167.294 331.773
182.555 352.165
199.458 368.753
218.002 376.835
238.551 373.854
256.007 363.989
273.596 350.244
285.066 331.904
292.612 313.825
300.297 295.092
307.470 279.514
317.281 258.308
193.164 230.202
205.618 231.321
219.910 233.920
231.576 238.137
242.226 244.923
282.044 250.203
294.413 248.248
306.446 249.083
315.460 251.375
320.517 254.718
257.772 265.434
253.986 286.529
250.525 305.836
246.930 325.094
224.607 317.617
231.121 327.479
239.970 332.165
247.833 331.494
255.531 321.816
202.087 252.186
213.507 253.668
224.300 257.267
228.215 262.846
219.764 265.994
207.824 263.157
276.554 271.565
287.135 268.579
298.882 270.354
302.486 271.619
295.514 279.241
283.563 276.958
203.101 339.611
211.172 341.860
221.042 345.112
234.708 348.969
244.920 349.920
251.612 350.553
255.544 350.244
247.544 353.099
238.197 356.041
228.782 355.964
217.530 351.750
209.949 345.322
205.598 338.346
219.184 345.304
231.776 350.834
242.943 349.709
252.818 348.109
240.092 350.500
230.232 350.808
219.995 347.031
216.938 257.603
292.635 271.762
