163.984 260.055
167.853 281.372
166.664 298.543
160.835 314.224
160.748 327.322
164.802 334.646
174.053 337.021
185.958 339.710
203.817 341.004
227.393 334.100
250.186 327.025
272.616 317.084
290.746 305.128
300.157 290.304
306.096 269.589
308.728 251.208
311.701 226.903
139.559 207.920
145.199 197.847
153.196 191.130
160.378 188.695
168.365 190.252
206.072 180.496
217.288 174.467
230.810 171.973
243.739 172.447
258.453 178.125
186.706 201.316
184.909 216.639
181.025 221.532
177.652 228.681
163.948 255.843
171.685 255.049
184.717 250.238
200.193 251.171
213.524 246.018
149.383 229.146
152.916 216.903
163.419 215.236
169.852 222.837
160.163 225.681
150.227 229.246
217.260 209.472
223.422 197.608
236.896 195.293
249.451 203.564
239.108 206.604
224.742 208.363
165.605 288.353
162.408 276.120
168.189 264.080
183.714 256.274
202.843 260.971
217.317 273.359
232.573 289.221
226.727 295.687
214.476 302.869
198.759 303.032
183.044 302.246
172.919 295.889
169.227 289.377
171.284 274.302
185.172 267.951
204.956 272.563
229.875 289.582
210.864 288.673
196.282 288.624
181.033 288.818
155.751 220.577
229.750 201.511
