176.609 287.937
187.790 311.183
194.959 329.702
197.986 351.282
203.270 368.575
208.285 391.382
218.251 411.093
233.421 424.340
252.529 430.601
274.028 422.587
296.105 406.712
316.699 383.125
329.907 357.697
336.092 335.951
335.776 313.604
334.955 293.763
333.541 266.806
157.737 299.819
160.561 299.910
167.479 300.893
176.286 303.570
188.326 307.332
227.806 300.382
238.625 292.671
252.657 286.842
266.628 283.521
281.679 282.027
212.546 320.008
216.424 339.228
217.329 355.942
218.599 373.988
211.705 369.866
219.558 378.380
229.728 381.015
242.936 376.097
252.580 364.501
174.262 319.661
174.249 318.272
185.302 317.889
197.460 322.612
188.125 329.389
178.072 328.398
245.359 316.271
248.303 309.596
261.223 307.094
274.126 307.557
267.358 317.323
254.039 321.258
211.833 401.576
213.386 400.278
218.028 398.704
229.854 397.115
246.021 396.264
256.901 395.953
265.702 395.911
258.026 402.756
247.915 410.356
236.738 412.988
224.285 410.465
216.032 405.882
214.706 399.171
222.465 402.456
233.944 401.753
248.261 399.572
264.283 394.846
245.004 401.417
234.287 403.280
223.443 402.812
180.562 321.968
256.207 312.833
