201.937 244.505
209.740 268.016
213.896 287.595
210.279 310.300
207.977 330.019
205.109 352.247
205.345 372.350
210.479 390.618
226.088 400.906
248.902 396.516
273.870 384.044
298.601 367.084
316.665 345.784
323.844 323.794
327.885 300.863
331.997 280.866
332.559 253.826
166.014 253.856
166.127 254.875
171.525 257.293
178.274 261.127
187.008 266.202
217.977 268.564
227.480 265.002
239.771 262.713
252.154 261.633
267.109 261.607
203.837 280.572
201.560 297.431
198.288 313.106
195.687 330.450
195.982 324.494
201.822 333.427
210.722 339.119
225.118 338.504
236.158 328.434
178.482 270.733
178.363 270.892
188.241 273.355
196.685 278.945
188.207 281.992
179.659 279.594
232.606 283.176
235.523 278.325
247.098 277.991
258.443 279.712
249.387 287.713
238.238 288.153
198.534 346.396
195.807 346.167
198.796 348.383
211.211 353.183
229.211 353.531
243.776 353.364
253.827 353.602
243.656 361.540
229.533 369.637
217.331 370.669
206.304 366.074
201.435 355.840
201.795 346.468
203.248 352.564
214.896 357.387
232.907 357.101
251.815 352.815
228.880 362.672
216.739 363.948
205.729 359.281
184.182 275.331
243.163 281.457
