175.291 268.223
188.148 291.148
199.309 309.388
207.506 328.886
215.407 345.104
229.775 361.400
249.045 375.313
269.958 383.985
289.514 386.856
306.872 376.845
320.551 361.985
329.456 341.832
333.051 322.610
332.006 303.509
331.746 280.549
335.509 260.193
337.021 233.974
201.332 255.683
210.906 253.250
224.624 251.440
236.540 251.202
248.752 252.490
286.114 245.864
296.546 240.090
307.982 236.167
317.734 233.132
324.474 231.786
269.080 261.852
272.890 279.782
276.906 297.575
280.995 315.993
257.470 320.068
267.454 325.845
280.221 325.784
291.944 321.565
299.084 309.630
212.409 269.249
220.402 266.214
233.666 264.968
241.156 267.382
232.951 270.565
219.732 272.252
292.957 257.237
300.164 251.918
312.979 248.148
318.178 248.366
314.242 252.808
301.399 256.688
263.521 356.360
264.347 347.744
268.812 341.802
282.344 337.778
296.318 335.600
303.771 338.736
309.694 345.031
305.737 351.838
297.251 358.708
287.716 360.199
278.081 362.472
269.384 360.021
263.497 355.309
273.408 348.388
283.909 346.066
295.586 343.871
307.090 345.090
296.946 347.360
286.535 350.432
275.853 352.564
224.579 264.849
305.137 248.783
