167.770 218.662
170.104 239.903
171.033 255.255
178.186 268.289
188.595 279.002
211.077 284.585
237.139 291.144
263.471 298.824
285.866 306.628
302.802 311.048
314.014 316.725
320.688 320.113
321.084 323.045
320.917 318.867
320.937 304.973
319.525 290.424
320.862 271.144
225.138 167.843
238.868 163.022
252.536 162.514
263.807 165.094
274.731 171.380
311.073 184.314
320.142 186.108
328.576 191.421
335.025 198.446
338.971 209.988
293.595 187.109
297.316 194.767
303.301 198.104
307.975 205.670
268.903 225.805
283.156 228.973
299.017 231.360
308.973 238.187
314.867 240.783
235.579 184.071
247.457 176.630
259.252 181.104
263.961 189.844
259.975 188.206
247.881 185.144
310.869 207.172
320.037 201.396
329.743 207.337
330.803 219.202
329.033 216.163
318.957 210.526
259.694 255.606
270.233 246.064
283.228 241.150
300.837 243.066
313.794 250.765
318.851 262.262
319.573 275.323
315.700 277.452
310.566 275.922
299.154 270.029
282.012 265.687
268.419 261.028
260.874 257.746
281.243 250.465
298.854 252.547
310.238 260.275
316.423 275.610
309.682 267.776
298.000 262.016
282.125 258.450
254.349 181.876
325.277 207.928
