148.286 272.941
156.197 297.731
163.028 317.526
171.471 342.208
181.799 360.276
199.074 377.061
221.768 390.712
246.355 401.616
272.224 405.422
295.238 393.345
311.311 377.226
325.359 357.848
332.510 338.377
334.206 317.665
337.141 291.807
338.878 271.478
337.554 245.763
184.625 258.584
197.240 254.289
211.765 251.669
223.935 251.713
235.947 254.554
277.533 246.233
289.287 239.564
302.011 236.532
312.938 236.290
322.539 238.808
257.302 266.166
261.326 285.385
266.403 303.009
271.496 323.820
237.234 325.238
251.301 333.621
268.092 336.901
281.375 330.064
289.461 315.192
203.091 275.259
212.549 269.829
225.161 269.297
232.816 273.895
226.363 277.896
213.869 280.132
278.875 266.531
290.304 259.408
302.089 257.663
308.287 260.970
302.913 267.740
289.122 269.131
228.793 358.758
237.932 352.998
249.922 351.032
269.393 352.011
285.678 345.649
295.128 345.272
302.442 347.534
295.920 358.124
286.560 368.858
271.162 375.005
253.541 373.682
239.471 366.623
231.118 357.600
249.496 354.074
268.540 355.725
285.076 349.547
299.488 346.989
284.411 360.866
270.688 366.974
254.086 365.218
216.399 272.023
293.805 261.058
