197.973 257.947
195.989 279.916
190.341 297.303
178.574 316.229
171.186 332.016
161.489 348.711
154.660 364.791
151.791 379.025
158.176 390.803
179.158 394.551
205.018 393.267
235.133 387.025
263.649 376.359
282.551 358.978
296.085 334.502
303.929 314.451
311.256 289.415
153.283 236.715
152.800 234.747
155.871 234.514
159.947 236.854
165.435 242.285
188.410 247.657
197.434 246.003
209.038 247.541
221.302 250.777
236.357 256.873
173.390 257.910
167.055 274.223
158.387 287.329
149.090 302.419
153.209 307.353
154.799 313.985
159.693 316.944
170.679 319.105
184.179 318.356
157.014 251.944
153.689 248.362
160.991 251.398
165.840 259.312
157.503 257.291
150.182 255.673
198.929 268.208
201.967 262.722
215.364 264.467
229.600 271.625
215.465 273.585
201.203 270.378
147.157 336.777
141.892 329.917
143.630 325.287
151.554 327.691
166.256 334.777
176.662 345.553
188.879 357.053
176.318 364.610
161.700 370.440
146.968 366.320
140.655 358.913
142.476 347.101
149.285 337.669
142.940 337.578
150.071 340.802
164.680 347.773
186.295 355.484
161.290 356.931
149.193 351.158
141.205 346.179
154.703 254.660
207.245 269.375
