213.671 234.654
221.987 260.436
232.529 281.970
248.752 296.653
262.827 309.642
289.051 319.850
315.833 327.353
338.430 334.279
351.364 340.878
351.689 343.817
340.950 346.661
326.315 346.816
311.096 344.781
300.402 337.163
295.115 323.726
292.414 309.988
288.172 289.903
294.176 200.353
305.586 197.767
313.979 198.819
319.763 202.300
324.750 208.960
337.053 222.989
339.266 225.229
340.677 230.639
340.319 237.236
335.529 246.361
336.371 227.154
347.785 237.386
357.895 246.751
366.066 258.814
338.161 271.764
346.908 277.105
353.946 279.387
354.486 283.437
350.643 281.563
302.468 220.373
311.503 216.468
316.752 221.469
318.106 230.956
318.442 230.169
312.791 226.293
332.769 246.922
337.502 242.161
339.593 246.626
335.548 255.693
340.408 257.213
338.198 252.444
333.190 298.128
342.799 293.766
351.233 290.799
358.145 292.219
358.730 297.059
354.948 304.869
349.016 312.928
351.801 312.222
355.600 311.141
355.533 308.700
349.694 305.017
339.450 301.749
331.536 299.478
345.843 298.559
353.765 300.346
353.616 305.263
346.228 312.611
352.470 305.237
351.923 302.689
346.078 299.734
315.223 221.491
338.393 247.050
