166.304 263.018
172.340 285.484
175.669 303.843
175.221 322.806
177.817 338.646
181.253 357.614
189.969 374.537
201.919 387.725
217.782 395.902
237.514 390.478
258.014 378.068
279.361 359.507
296.285 338.732
304.769 319.354
308.101 297.871
309.005 277.376
308.205 250.304
141.959 264.317
143.848 264.455
150.546 264.793
159.279 265.528
170.426 267.300
201.799 264.764
211.793 260.351
225.192 257.073
238.798 254.509
254.560 253.002
187.370 279.196
187.019 296.856
187.038 312.995
185.855 331.819
183.288 328.169
188.740 336.162
198.784 341.597
212.535 336.454
222.353 324.819
154.398 280.520
155.218 279.609
166.302 279.203
176.273 282.293
164.806 285.962
155.846 284.644
219.490 278.778
222.122 275.319
233.501 273.463
245.195 273.318
238.957 278.843
226.641 281.131
181.379 359.778
183.521 358.442
186.449 358.210
198.215 359.939
212.213 359.136
223.005 359.265
231.569 360.677
222.709 368.003
213.235 374.106
204.513 374.706
193.972 372.229
187.867 365.871
185.994 358.282
191.761 361.957
202.826 362.633
216.214 362.312
231.076 359.298
212.539 364.636
203.422 364.453
193.397 363.931
163.310 278.807
233.539 273.083
