193.600 298.531
202.834 319.133
212.444 334.726
229.302 357.781
245.160 374.727
275.354 387.685
306.097 393.096
328.760 392.913
343.712 387.413
351.963 373.933
352.997 358.643
350.549 340.548
342.475 322.425
333.139 304.819
327.047 284.758
322.751 269.395
320.683 248.397
260.704 287.053
275.092 281.509
288.658 276.635
299.502 274.720
308.552 275.173
335.168 266.367
342.639 260.032
349.398 254.974
353.469 251.781
354.154 250.184
323.703 283.596
329.545 296.878
337.332 307.685
347.413 319.320
320.328 333.826
333.894 336.272
343.942 331.935
345.898 323.220
345.375 312.259
273.248 301.454
285.413 297.682
295.952 293.867
298.460 294.634
295.996 300.630
284.267 305.051
332.855 279.490
342.872 274.889
349.537 270.942
347.545 269.295
349.634 275.692
341.864 279.584
339.020 365.775
344.593 359.904
350.470 351.560
357.617 341.894
357.786 335.211
356.758 334.830
353.261 336.281
356.783 344.939
358.977 354.725
358.305 363.868
352.703 368.888
345.434 368.046
335.038 364.731
348.985 358.555
356.663 351.912
356.129 343.733
352.504 338.175
357.871 348.723
358.190 357.036
353.019 361.271
291.639 296.291
345.585 273.221
