179.336 239.942
181.208 266.368
182.252 286.947
180.216 309.960
179.211 329.410
180.265 351.812
188.431 371.957
199.263 390.175
216.550 403.195
240.931 400.387
264.585 391.135
290.101 378.422
309.398 360.985
319.964 341.046
329.227 318.443
337.009 298.943
346.555 272.408
176.062 240.110
179.959 241.104
189.348 244.518
199.290 249.635
210.557 256.170
250.556 264.624
263.753 262.700
278.945 262.027
292.763 263.082
305.132 265.636
226.907 275.339
220.497 295.140
215.035 314.568
209.856 335.737
203.725 325.460
209.387 334.766
219.653 341.105
233.989 339.406
246.447 331.175
187.537 263.895
191.715 264.220
202.915 266.713
211.929 272.352
200.336 274.884
189.051 271.635
253.329 281.783
262.310 280.127
275.363 282.338
284.377 284.919
274.180 291.083
260.874 287.953
194.942 348.735
198.142 348.021
205.068 350.208
217.661 352.994
232.942 355.261
245.491 357.087
253.533 360.775
244.114 366.032
229.626 369.929
218.151 369.602
207.143 365.244
200.154 356.653
197.354 348.862
206.613 352.322
220.280 356.951
236.472 358.189
252.096 360.271
233.137 361.043
219.838 361.500
208.483 356.492
197.565 267.182
268.719 283.603
