205.360 246.217
209.244 269.883
210.850 289.476
205.815 311.213
201.935 329.264
194.359 349.671
191.277 367.676
190.906 383.339
198.863 393.723
212.027 393.775
232.867 386.996
256.831 374.841
279.230 358.126
293.226 339.047
301.382 315.624
305.703 296.961
309.001 271.808
155.141 248.650
151.222 249.976
151.517 252.151
154.313 256.235
160.127 261.935
185.645 269.376
194.150 267.824
206.292 267.842
218.546 268.658
233.567 270.028
171.339 278.391
166.720 297.305
160.874 313.793
155.760 331.316
177.211 326.004
175.957 334.553
177.371 340.307
186.923 340.350
196.425 335.895
165.587 272.038
162.917 275.266
168.738 276.675
175.647 276.941
169.179 277.824
163.851 277.746
205.640 285.911
206.437 290.536
216.068 291.661
223.888 290.439
212.841 293.231
205.902 289.742
179.563 349.645
175.299 349.346
175.019 350.439
179.546 355.558
189.722 357.759
199.042 360.482
207.391 362.905
200.953 366.516
192.089 367.910
184.698 365.684
180.003 360.616
179.815 354.939
181.763 349.461
180.812 354.424
185.166 358.904
195.474 361.119
208.078 362.006
192.765 361.810
185.949 359.267
181.467 354.992
165.171 272.315
210.131 287.266
