151.809 248.390
148.659 275.480
149.110 297.307
151.731 318.674
156.044 335.898
166.819 352.623
183.937 366.415
204.553 378.265
227.353 386.229
250.741 382.583
271.584 376.818
289.980 366.658
301.864 353.146
308.901 336.739
316.425 314.381
320.209 294.805
322.419 268.108
181.514 217.799
192.748 212.655
206.353 211.668
218.203 214.091
229.653 219.975
270.637 224.336
282.267 221.350
294.153 221.675
304.425 224.453
312.555 232.249
247.995 236.796
246.444 254.808
245.303 270.293
244.789 287.027
214.509 296.287
226.191 303.176
240.351 306.512
253.457 306.524
264.650 301.282
193.556 236.912
203.124 230.313
216.147 232.930
220.289 243.723
213.704 244.576
201.642 242.478
273.640 248.997
282.227 240.443
293.531 239.188
300.123 248.212
293.166 252.617
280.828 252.036
203.612 333.159
210.421 324.060
221.895 319.847
239.496 322.378
256.999 324.567
264.521 330.277
264.996 339.980
259.103 346.222
246.789 351.373
233.766 349.774
219.018 347.352
208.141 340.802
206.931 333.429
220.682 330.914
238.616 333.069
255.359 334.646
262.346 338.957
249.282 340.640
234.954 339.600
220.620 337.121
212.744 235.785
291.114 244.676
