186.401 260.343
195.589 283.255
202.761 301.374
204.582 320.267
207.105 336.248
210.786 352.309
216.294 366.820
227.808 378.258
245.216 383.139
266.106 376.867
287.330 364.808
306.996 348.212
320.693 329.336
325.849 310.385
330.802 289.383
336.507 269.341
340.181 242.918
172.605 249.254
176.031 245.892
183.873 243.497
192.909 243.786
204.316 245.967
242.070 240.706
252.761 235.062
265.950 231.363
279.125 230.080
293.669 231.924
224.431 256.922
223.807 274.438
221.252 289.906
219.162 305.823
214.778 315.233
220.350 321.072
229.668 323.375
243.042 320.445
252.995 310.341
189.950 265.112
191.257 260.158
201.480 257.633
213.027 264.120
202.911 269.290
193.532 270.072
254.349 258.483
259.502 250.665
270.496 249.449
281.477 253.186
274.796 259.882
262.579 262.015
213.119 346.575
214.647 343.909
219.572 342.501
231.485 342.712
245.277 342.398
255.974 342.933
264.507 344.742
256.037 350.802
244.571 355.926
234.599 356.111
223.314 355.084
216.413 350.451
215.799 345.660
223.313 346.518
234.996 346.793
248.813 346.087
262.784 344.582
244.629 346.506
233.949 345.354
222.311 346.512
197.455 260.341
266.522 253.013
