199.662 283.041
204.493 307.973
209.874 327.600
212.799 346.246
215.348 361.889
217.902 376.655
223.600 388.409
232.382 397.985
248.198 402.637
270.347 396.256
291.991 386.234
313.106 372.977
329.953 356.431
338.712 337.298
344.657 312.734
347.966 291.267
350.233 262.274
187.741 258.591
191.452 257.960
198.541 258.312
205.728 260.237
213.509 263.494
234.407 259.115
242.087 252.993
253.231 248.091
265.789 245.043
281.502 244.532
223.331 272.734
219.156 286.708
216.442 305.543
215.429 325.433
219.050 327.196
222.761 335.394
229.665 338.505
241.350 333.199
250.817 323.358
199.596 277.469
200.613 271.253
212.808 271.252
219.766 279.040
210.035 281.459
200.897 282.117
252.777 275.314
254.584 265.513
266.797 261.630
277.410 266.869
270.435 272.410
259.598 275.392
218.566 359.680
218.732 352.259
221.826 347.977
233.089 346.810
251.073 345.194
263.326 347.800
272.282 355.316
265.364 366.281
251.804 377.859
240.750 381.278
231.222 378.015
224.852 370.003
221.864 360.554
225.716 353.667
236.347 350.550
253.971 349.517
271.922 355.910
252.194 365.433
241.106 370.979
232.369 368.822
204.721 273.776
260.972 266.121
