173.439 242.952
172.510 268.160
172.630 289.444
166.077 310.523
163.901 329.004
161.472 348.708
165.323 367.397
171.970 384.348
185.183 397.069
208.123 397.826
234.464 392.647
261.880 382.357
285.780 368.934
301.766 351.876
311.884 329.925
318.010 309.023
325.678 282.003
145.294 241.980
147.682 242.313
155.218 244.243
163.220 247.547
172.779 252.569
208.532 261.383
220.039 261.478
233.578 263.440
246.805 266.095
261.622 269.965
186.631 270.305
180.290 287.786
173.956 304.700
169.203 324.050
168.496 317.050
172.833 327.844
182.291 334.564
196.927 334.525
212.706 328.309
155.905 258.827
157.049 259.078
167.419 261.938
176.443 266.022
166.750 268.502
156.993 265.850
219.562 276.692
223.980 277.342
235.755 280.742
245.274 283.655
236.519 287.367
223.605 283.765
166.523 335.977
165.217 338.237
168.829 342.585
182.070 348.605
201.639 351.983
217.138 355.141
233.625 359.249
219.678 366.853
203.102 371.004
182.837 369.382
171.026 359.923
168.176 348.320
169.331 336.921
171.762 343.659
184.042 352.421
205.608 355.245
231.829 358.714
204.559 365.412
185.140 363.248
173.216 353.930
161.459 260.841
229.045 279.404
