147.286 266.899
154.758 290.344
161.680 307.886
163.179 324.617
166.550 338.655
173.751 349.184
187.509 356.173
203.305 363.134
224.811 367.252
248.314 359.482
268.142 350.190
287.730 340.364
300.239 328.798
305.874 313.874
309.795 293.725
314.810 274.766
320.638 249.108
155.264 227.556
163.478 221.223
175.025 216.856
186.202 215.936
198.007 217.858
236.286 212.833
247.854 207.837
261.394 206.231
274.388 207.149
287.081 212.129
217.183 228.668
216.156 245.172
214.660 259.061
214.726 276.286
200.349 291.570
207.805 296.919
218.655 297.749
230.594 294.695
240.783 285.795
173.332 246.262
178.900 244.922
189.993 244.406
197.574 243.154
190.964 244.704
179.561 247.178
244.808 238.534
251.801 238.858
262.537 237.327
270.528 237.478
263.299 239.779
250.753 239.363
194.756 323.058
200.193 319.615
206.279 316.876
219.624 314.422
235.447 313.909
246.210 314.168
255.146 316.234
245.670 320.525
234.533 325.346
220.212 328.795
206.695 327.555
200.234 324.476
198.447 321.970
209.383 323.252
221.900 321.402
237.574 320.162
251.656 316.111
232.961 318.735
220.081 321.634
208.014 321.000
185.173 242.354
257.342 234.898
