182.253 255.976
184.483 277.743
186.517 295.299
180.402 318.309
177.314 336.448
173.360 354.442
169.990 370.148
171.503 381.591
184.013 388.622
204.850 383.318
228.359 373.188
254.741 355.628
279.213 334.656
291.756 312.852
298.629 288.540
303.003 269.936
305.007 245.034
140.015 243.273
138.031 241.088
141.137 240.100
146.673 240.960
154.626 243.953
183.264 240.187
193.565 234.414
207.520 230.885
221.634 229.424
237.648 230.603
169.422 255.944
167.750 272.095
163.375 286.656
158.437 302.335
161.473 303.582
165.003 311.279
170.954 314.258
181.403 311.991
192.347 304.178
149.997 258.645
146.666 255.167
156.438 254.853
166.429 258.893
158.562 262.478
149.575 264.081
202.394 256.149
205.566 249.235
216.957 247.469
231.005 250.867
222.823 258.586
209.153 260.207
153.904 346.138
155.527 337.842
158.206 332.591
164.914 331.423
173.014 332.994
179.150 339.386
185.362 347.138
179.523 352.732
172.923 356.140
167.361 355.949
159.828 356.294
154.245 352.579
156.713 345.638
162.360 343.132
169.488 341.912
176.256 342.955
187.536 345.894
171.307 347.349
164.879 346.898
157.195 347.529
150.230 255.484
208.856 249.584
