187.237 243.080
190.414 269.710
193.728 290.277
191.939 311.149
190.507 328.639
192.341 345.210
200.541 357.932
212.431 367.973
231.420 376.365
256.669 373.583
278.512 369.082
300.226 361.274
316.244 349.166
323.999 333.100
332.696 313.769
343.645 295.372
355.902 269.384
197.821 213.394
205.779 209.967
216.371 209.584
226.200 212.115
236.441 217.828
275.486 222.906
287.592 220.820
300.549 222.242
312.004 225.624
322.679 232.353
251.797 235.788
246.341 253.624
240.868 269.262
236.631 286.923
220.172 295.385
226.680 301.592
237.531 305.003
250.579 305.779
263.447 300.498
204.164 235.934
211.820 231.564
223.056 233.519
229.733 242.634
220.047 244.194
207.630 242.247
275.629 249.404
285.329 243.039
296.175 245.195
304.875 251.829
298.303 255.953
283.797 253.757
209.595 327.661
214.625 321.782
222.771 319.722
235.862 320.069
248.338 322.115
258.953 327.116
268.787 334.295
259.406 337.200
246.509 339.758
234.804 338.448
222.845 335.599
214.769 330.890
213.129 327.404
223.284 326.132
235.049 327.269
249.095 329.354
265.617 333.477
247.440 334.208
235.434 332.539
224.010 329.809
218.298 234.795
293.213 246.460
