160.022 240.116
164.055 265.603
166.469 283.718
170.453 298.544
174.538 312.815
190.102 322.925
214.905 330.794
241.818 338.068
269.547 344.238
293.629 342.488
309.157 340.005
324.467 335.067
333.346 327.661
335.034 315.326
338.182 298.556
340.410 281.616
344.668 257.811
204.891 200.105
217.162 196.753
230.966 194.901
243.484 195.532
255.468 198.409
297.266 195.264
309.394 194.596
320.890 197.186
329.799 201.480
336.522 209.484
274.199 205.315
274.808 215.880
275.922 226.275
276.840 240.242
241.174 251.989
253.112 260.319
270.914 263.737
284.620 266.285
292.618 263.426
214.441 217.848
222.391 216.291
236.050 217.224
243.648 217.537
235.859 217.877
222.823 219.065
294.800 221.198
307.079 216.151
318.731 218.911
322.584 226.646
318.200 228.754
306.367 225.285
223.716 285.595
232.377 277.921
247.356 273.584
272.544 276.224
291.054 281.299
298.270 289.373
299.028 300.829
295.222 300.694
286.336 300.800
272.755 300.603
251.393 297.354
233.881 292.081
227.020 286.502
246.367 280.707
273.101 283.659
289.982 290.452
295.263 299.660
286.117 293.952
271.559 292.849
249.736 291.556
229.508 210.662
312.131 219.808
