209.916 280.085
206.766 299.832
203.021 314.154
192.309 328.256
182.427 340.539
165.870 351.055
152.789 357.951
143.793 363.780
144.427 369.328
159.845 364.574
184.720 359.300
213.733 350.315
239.593 339.504
256.313 326.729
268.459 310.025
277.413 293.312
285.073 269.059
164.710 239.602
160.044 231.497
158.745 226.624
159.080 225.917
160.702 228.227
174.754 223.586
181.819 218.247
191.650 215.898
202.466 217.144
215.681 224.418
161.010 240.991
151.913 257.390
142.297 268.347
132.896 280.231
153.833 295.181
149.743 298.991
148.157 300.291
157.383 299.210
169.585 292.675
165.110 260.190
161.573 253.947
166.352 254.278
171.698 258.206
164.199 260.721
161.394 262.527
188.761 255.893
187.977 247.299
194.007 246.737
202.594 251.066
194.515 255.341
187.801 256.978
143.584 323.614
143.601 318.706
143.014 316.072
146.128 315.491
154.887 316.639
164.469 319.004
172.033 322.964
159.506 325.608
146.610 326.968
139.827 325.603
136.911 326.378
140.203 325.178
146.683 324.024
148.142 322.620
152.616 322.083
161.064 323.530
171.841 323.290
151.878 320.596
144.862 319.943
141.847 320.692
163.736 256.223
191.746 250.290
