228.117 263.398
234.737 291.228
240.293 312.575
252.525 333.542
264.110 350.378
286.192 369.108
309.671 380.372
328.624 386.322
339.325 385.919
342.060 372.680
337.240 357.952
330.236 340.654
319.550 322.951
312.182 307.775
308.189 291.155
306.117 274.559
304.854 252.656
319.861 221.894
332.363 212.618
341.420 208.770
347.953 209.655
352.761 215.504
363.888 215.491
365.199 211.047
364.402 210.992
362.973 214.011
358.019 222.257
359.252 238.434
364.258 261.100
373.356 274.263
382.535 285.862
349.641 305.308
360.290 308.428
368.472 307.178
367.398 304.388
362.030 295.114
328.335 253.605
340.105 247.075
343.510 247.206
343.501 252.843
343.829 257.178
338.527 258.762
358.055 249.912
364.402 243.820
366.183 244.179
360.423 247.884
364.842 251.715
363.340 252.524
337.011 347.089
350.992 337.081
363.177 329.653
373.521 324.954
372.833 323.360
367.101 327.098
356.124 334.417
359.233 346.434
360.565 358.581
359.594 364.078
354.114 364.128
346.290 356.638
337.519 345.904
356.832 335.932
368.397 331.405
366.854 329.722
355.125 334.511
362.534 348.806
361.211 353.967
355.705 354.732
341.603 250.449
364.214 246.277
