153.087 229.871
158.990 256.307
161.830 277.362
160.585 300.204
161.092 320.251
162.802 343.416
168.625 366.144
178.807 386.924
198.094 399.034
224.705 397.149
249.328 384.691
273.020 366.577
290.219 344.872
300.548 323.947
308.664 301.470
315.089 282.480
322.011 257.004
138.623 250.856
142.835 255.656
152.037 261.145
162.093 266.859
174.394 272.436
220.198 280.641
233.495 278.922
249.049 277.258
263.485 276.034
277.635 274.149
196.713 288.685
193.898 304.966
190.246 321.006
186.031 340.371
177.901 323.986
182.881 334.456
194.335 344.031
208.943 344.217
221.560 335.120
157.637 271.329
160.517 271.793
171.947 273.995
181.997 279.631
172.236 283.082
161.035 280.381
231.205 289.200
238.736 287.669
250.538 289.074
260.739 290.805
253.311 298.045
240.167 296.790
168.220 345.134
171.576 344.334
178.781 347.233
194.027 354.998
210.870 359.016
222.499 363.336
232.249 367.649
222.714 371.760
207.756 375.170
196.332 370.365
182.772 363.909
173.805 352.700
171.766 345.527
181.184 350.998
195.188 359.356
212.263 363.615
229.829 366.319
209.494 368.533
196.287 364.106
181.553 356.368
166.368 275.329
244.912 290.402
