202.610 253.707
204.143 274.721
203.272 290.789
196.609 308.353
193.470 323.784
190.501 342.164
187.127 361.032
188.045 379.974
198.827 392.213
217.232 395.322
237.931 389.259
258.159 379.484
277.121 368.310
288.050 352.439
296.840 334.459
306.450 320.313
317.495 301.224
179.488 254.589
180.795 256.346
185.318 260.390
190.542 266.024
196.965 274.164
227.439 287.285
238.116 286.616
250.532 288.133
261.918 290.526
274.024 294.378
209.970 293.964
205.429 308.337
199.376 319.391
192.960 331.011
185.046 326.626
188.541 335.096
195.641 341.537
208.027 345.822
220.657 343.158
182.903 274.887
183.868 274.312
193.583 280.001
198.134 287.246
191.163 287.412
182.072 282.092
232.896 303.418
239.057 300.549
250.823 304.290
260.308 309.059
249.442 313.594
236.847 309.534
178.905 342.185
178.242 340.084
181.289 341.549
191.441 348.765
207.459 354.910
219.417 361.419
230.514 367.836
218.477 378.386
202.917 386.794
188.577 384.458
179.863 374.184
178.684 357.698
181.344 343.571
181.955 348.525
190.969 357.176
207.820 362.108
228.586 367.221
202.778 378.399
188.449 375.808
179.776 365.229
187.858 278.715
244.475 304.257
