164.611 234.904
165.594 257.689
166.875 274.652
166.355 289.793
167.380 304.544
176.432 318.457
192.266 333.051
212.499 347.729
234.960 357.523
255.570 359.437
270.678 357.565
284.028 354.129
290.866 347.529
292.812 334.740
301.347 318.085
307.998 304.603
314.507 286.063
214.226 196.803
227.192 194.918
240.386 197.158
250.736 201.894
260.000 209.945
296.813 223.228
307.997 223.648
318.003 227.334
324.888 232.635
328.055 241.009
273.419 230.968
271.145 243.040
270.316 252.293
269.112 262.749
236.658 270.584
246.429 278.407
260.699 282.200
271.695 288.006
280.351 285.945
220.362 217.621
231.495 214.035
242.474 220.012
246.344 228.256
241.657 226.261
229.459 221.312
292.522 245.272
305.793 239.945
315.337 244.823
317.461 251.738
313.843 251.138
303.457 248.617
211.117 298.179
225.458 286.070
240.434 281.837
262.296 284.267
279.998 294.696
284.758 305.915
283.428 321.625
274.543 331.118
260.330 335.554
243.777 332.965
227.962 324.530
214.411 312.479
211.221 300.363
237.459 289.200
260.356 291.677
276.338 301.399
280.897 321.687
263.767 326.890
246.287 323.909
229.165 316.034
236.027 218.444
308.092 243.939
