169.544 256.911
173.481 281.924
177.156 302.619
185.639 320.856
197.164 337.340
222.086 351.199
251.083 361.787
277.383 370.038
299.616 374.020
314.511 370.091
317.061 362.453
316.721 352.096
312.758 341.548
307.588 329.348
303.252 313.595
301.163 296.922
302.805 276.311
223.949 218.111
238.922 213.934
253.742 212.348
265.684 213.785
275.733 218.084
305.572 223.982
313.146 223.732
320.080 226.154
325.093 229.974
327.596 236.778
292.952 230.487
297.740 241.413
303.754 251.003
312.200 264.567
272.999 285.550
287.076 289.681
301.042 291.276
308.617 293.087
309.544 290.399
231.417 235.847
243.733 227.927
254.475 230.733
259.887 239.573
254.739 239.565
242.847 239.283
300.969 244.942
310.030 238.480
317.341 240.567
317.737 249.701
317.245 251.105
309.488 248.470
270.751 326.152
279.617 316.178
290.477 308.690
306.073 308.944
315.783 312.349
317.983 320.590
317.290 331.601
320.916 336.475
319.614 336.877
312.120 335.318
296.920 334.179
282.533 331.632
271.699 326.206
288.531 317.392
304.735 316.371
313.682 321.216
315.868 330.839
318.344 328.800
310.579 326.549
295.971 326.368
248.777 229.505
312.433 240.559
