204.012 240.070
199.192 261.488
196.839 278.426
189.933 294.736
184.879 307.800
173.433 321.326
164.650 335.174
163.836 348.798
171.594 357.551
187.154 357.752
209.166 352.557
236.499 345.437
262.991 334.866
278.384 320.019
288.497 301.189
296.296 283.625
303.666 260.155
158.599 225.526
157.639 223.917
159.962 223.632
163.395 225.438
168.201 229.553
186.803 232.369
194.488 230.827
205.280 232.025
216.407 234.773
229.862 238.781
175.212 241.563
169.026 253.415
161.374 263.204
153.658 275.980
162.681 280.146
161.552 286.497
164.784 291.663
175.468 290.677
184.698 289.633
165.163 240.245
161.298 236.280
169.196 239.222
174.256 243.990
165.433 244.461
160.587 242.679
199.471 249.697
201.733 247.076
212.520 248.096
225.304 253.994
211.438 255.134
200.996 252.282
145.315 311.794
145.933 306.166
147.945 301.582
154.594 303.766
162.764 306.238
166.457 313.589
170.797 321.513
165.123 325.793
159.642 328.136
155.096 327.235
146.147 323.012
143.779 317.634
150.947 312.243
148.477 311.433
154.615 312.810
161.373 315.689
174.551 321.486
161.169 318.518
155.246 318.068
148.846 314.846
163.918 240.139
206.886 249.941
