202.390 283.667
209.293 305.318
215.906 322.252
221.794 341.976
225.691 358.429
231.051 371.718
240.271 380.591
253.481 387.734
272.538 390.867
293.211 378.823
313.446 365.482
333.359 350.155
345.986 332.766
350.633 314.242
354.608 291.769
356.794 271.429
356.596 245.298
189.462 257.423
193.270 251.500
201.708 247.181
210.966 246.155
222.075 248.307
258.825 240.182
268.482 233.850
280.620 229.975
292.693 228.603
305.792 230.157
244.296 259.783
246.825 276.987
246.222 288.886
246.868 299.313
232.268 319.334
241.411 322.901
254.477 320.622
268.623 317.199
280.189 307.055
203.029 275.034
205.285 267.680
217.154 265.349
223.931 270.605
217.415 274.042
206.654 276.676
270.424 260.149
274.797 253.088
286.666 249.435
297.197 253.720
289.030 259.446
276.735 261.347
233.470 348.361
236.153 343.294
242.453 338.556
255.165 335.002
270.901 332.153
281.162 333.078
291.689 336.364
284.641 344.821
272.816 354.779
261.005 357.344
248.806 358.388
239.715 353.921
236.442 347.744
246.259 345.732
259.588 344.135
273.586 339.476
289.806 336.743
270.637 343.744
259.292 347.176
247.161 348.456
212.025 268.612
282.765 253.171
