232.584 193.035
245.889 213.501
258.434 226.198
279.255 237.019
298.289 247.871
326.606 259.242
351.832 272.361
370.486 285.306
377.606 300.939
375.096 312.667
361.286 323.893
341.935 334.972
318.549 342.043
299.822 339.804
285.652 331.177
276.313 321.749
266.027 308.269
294.230 172.030
301.801 173.968
306.767 180.171
310.388 187.643
314.204 196.937
319.751 222.093
319.416 227.609
318.952 235.698
317.272 244.780
312.634 256.428
325.888 215.551
339.621 220.112
352.789 223.691
364.113 229.158
347.410 235.955
356.030 239.556
360.086 244.485
359.537 253.064
351.553 257.771
306.360 193.751
312.140 192.839
314.420 203.015
315.925 211.226
318.771 207.633
315.985 199.664
321.643 240.993
322.873 239.844
324.116 248.168
321.440 258.732
327.698 255.379
327.285 247.273
365.251 248.089
368.554 244.150
372.375 244.420
375.111 248.766
376.697 258.270
375.102 268.730
371.581 279.931
376.235 279.485
383.122 276.955
382.963 270.146
380.335 263.166
371.769 255.944
363.495 251.042
372.187 252.226
376.032 257.378
376.262 265.908
369.135 279.289
379.463 269.114
379.642 262.308
376.959 255.666
315.146 200.013
325.237 248.039
