168.271 253.265
171.678 274.782
172.623 293.367
173.178 317.911
176.990 338.657
185.760 365.049
193.282 388.837
201.834 407.313
217.459 417.434
235.241 416.896
251.382 404.871
269.332 387.881
288.231 369.098
300.095 349.989
309.726 330.485
315.128 313.969
322.653 293.592
161.785 282.188
166.031 286.694
175.287 291.929
185.548 297.234
196.566 303.333
230.867 313.379
242.721 312.533
256.873 312.728
270.158 312.585
282.323 311.768
211.548 320.715
207.517 338.923
202.460 356.604
197.410 376.217
189.435 359.834
194.307 371.217
204.354 380.325
218.021 379.290
230.478 370.227
170.252 298.318
173.333 300.330
185.041 303.628
194.318 311.133
182.645 313.189
172.218 308.211
236.997 323.235
245.484 321.958
258.258 323.773
267.776 324.928
257.053 332.392
244.081 329.364
189.856 392.577
188.981 390.429
192.227 393.356
202.729 399.049
215.903 401.199
225.752 401.778
231.225 404.095
227.258 413.051
219.338 421.426
211.870 422.080
200.949 414.705
195.780 403.282
192.173 391.837
195.314 394.304
204.987 399.406
218.302 402.344
228.969 402.665
218.976 416.357
210.485 418.675
201.400 411.006
178.536 303.896
250.964 324.051
