196.096 262.019
197.330 287.505
199.278 308.939
205.282 331.797
213.466 351.032
231.202 370.539
254.117 384.212
276.599 394.492
295.495 397.527
311.966 390.015
322.563 376.734
330.301 357.901
330.648 336.443
330.494 316.636
332.417 294.865
337.306 275.426
344.082 250.571
257.984 269.317
273.234 270.562
289.266 271.779
301.843 274.155
312.047 277.013
348.068 270.259
357.664 264.755
365.764 260.431
370.452 257.770
369.854 256.746
329.252 287.822
328.799 307.405
330.348 324.405
331.020 342.871
291.075 334.159
301.256 342.664
315.416 347.723
323.267 344.137
329.798 332.349
267.039 288.941
277.988 290.177
288.014 288.706
293.908 289.015
287.558 295.668
276.272 296.150
334.481 284.697
349.757 281.060
355.813 279.884
355.336 280.741
353.566 288.561
344.461 289.802
271.563 356.130
282.622 357.681
295.725 361.066
311.485 363.948
322.391 363.157
326.553 360.913
327.504 360.270
322.467 366.003
317.261 372.914
307.494 374.331
292.114 369.477
279.708 361.397
273.040 355.144
290.374 360.590
306.643 365.159
318.026 364.283
324.463 359.586
317.212 365.599
308.161 366.621
291.779 360.895
282.006 285.322
349.316 280.027
