137.591 275.065
141.953 302.288
146.297 326.372
157.501 356.003
169.334 378.094
191.963 403.731
220.034 424.325
245.757 436.057
269.864 438.104
290.979 426.159
304.804 406.278
315.696 379.008
320.467 352.054
321.516 327.583
321.038 299.312
318.959 276.652
316.447 248.736
186.682 280.647
201.047 278.894
215.971 278.041
228.190 278.829
240.094 280.852
281.513 273.361
292.802 267.660
303.488 263.344
312.122 260.600
317.856 259.396
260.683 291.514
262.794 311.158
265.851 330.442
269.992 350.264
236.855 356.016
250.723 362.107
267.250 361.527
280.858 356.350
288.519 343.694
205.609 294.460
215.726 290.929
228.174 290.936
232.125 296.106
225.521 300.006
215.134 300.796
281.264 287.175
290.260 280.472
301.049 278.432
305.818 279.094
301.780 286.943
291.403 289.841
242.330 397.263
245.554 389.918
254.034 384.139
271.234 380.250
285.760 377.849
292.968 379.217
294.327 385.186
290.167 392.083
281.720 399.832
273.210 401.148
261.953 403.137
250.644 400.801
242.763 394.783
256.527 389.891
271.532 388.030
284.350 383.763
291.893 383.333
281.586 389.656
271.037 390.822
259.791 393.875
219.229 291.691
294.534 279.803
