206.381 251.429
204.390 276.225
200.477 295.997
192.439 313.657
186.394 328.995
175.083 345.852
165.988 361.963
161.746 376.900
168.648 389.143
190.535 391.244
218.664 386.913
247.652 376.519
273.653 363.676
289.859 347.239
300.534 324.931
310.520 303.784
318.570 276.230
163.861 230.079
160.773 227.002
161.980 226.597
165.230 229.646
171.274 235.290
199.816 239.825
210.415 237.036
224.057 237.498
237.488 240.453
253.048 246.624
182.706 251.505
175.141 268.491
166.915 284.033
158.704 301.587
166.564 302.906
166.486 310.620
171.050 316.023
184.239 316.878
198.725 310.436
172.376 248.272
170.126 244.114
176.561 245.997
185.923 254.791
177.369 255.347
169.618 253.901
214.962 260.679
218.740 253.839
227.887 255.598
239.475 262.687
228.647 266.443
218.047 264.654
159.985 333.211
157.987 325.465
158.513 323.426
165.856 328.647
180.596 332.185
193.583 339.496
206.575 349.107
193.394 355.609
177.440 359.889
166.219 356.525
158.688 351.599
158.816 342.494
162.772 333.936
161.484 330.896
168.815 335.564
184.197 339.904
205.602 348.325
179.512 351.192
168.740 347.513
160.857 343.341
173.976 247.667
223.721 257.780
