189.676 284.095
194.861 309.559
199.741 329.548
204.304 352.342
209.637 370.946
216.151 390.475
227.724 406.243
241.864 418.958
261.889 425.149
284.341 417.431
305.273 402.999
325.371 383.668
340.128 362.291
348.152 342.321
351.280 319.953
351.354 298.386
350.127 269.405
170.025 281.394
173.303 280.229
181.923 279.704
191.808 281.257
203.404 284.230
238.952 280.328
249.783 274.592
263.814 270.415
277.894 268.289
293.264 267.972
222.503 295.669
221.871 311.993
220.488 327.185
219.148 345.494
215.268 343.019
221.779 351.628
232.121 355.802
246.015 350.433
256.942 337.058
188.325 300.790
190.184 299.680
201.563 298.281
212.418 300.707
201.999 307.413
191.721 307.002
251.892 297.011
257.526 293.644
269.308 292.161
279.628 292.043
272.303 299.463
259.036 301.259
216.937 374.995
216.567 369.579
221.480 367.252
234.414 368.679
250.384 366.643
264.025 366.660
279.185 372.177
274.188 384.500
263.897 393.560
250.721 395.975
235.391 392.171
225.814 383.944
219.930 374.727
225.850 370.452
238.544 371.069
255.914 369.518
278.838 372.543
262.201 382.838
250.074 385.677
234.892 381.973
195.135 299.143
265.356 294.027
