190.843 249.923
193.838 272.444
192.537 289.868
190.856 302.671
190.278 313.226
188.605 321.246
200.033 322.655
214.604 320.627
235.431 319.508
263.294 318.605
291.369 320.635
319.733 317.555
333.917 308.879
345.748 298.001
356.593 279.957
360.499 261.496
364.039 236.400
189.641 200.920
194.021 192.327
203.215 186.434
213.399 184.394
225.438 185.499
267.229 180.669
280.097 177.153
294.581 177.048
307.632 180.070
319.903 188.309
244.093 194.127
240.758 206.559
236.818 217.801
233.320 230.963
223.768 257.563
230.320 258.942
240.534 258.486
253.467 257.393
265.596 254.617
199.733 215.452
204.062 206.230
215.638 205.937
225.668 213.036
214.689 216.301
203.516 218.534
274.646 208.503
282.089 197.783
293.870 197.824
303.202 205.906
294.603 210.202
281.453 209.950
212.571 290.338
218.234 283.983
225.719 278.271
240.489 275.074
257.420 276.365
268.875 281.132
277.479 286.403
264.653 284.790
250.366 283.528
238.731 282.414
226.674 284.360
218.672 286.734
215.363 290.210
227.947 284.876
242.176 282.602
258.358 283.755
275.303 286.955
253.517 280.571
240.403 279.714
228.442 281.192
208.474 208.400
287.771 200.888
