191.012 212.375
192.275 231.710
192.853 248.767
186.455 267.802
182.130 284.186
174.551 305.129
169.620 326.063
172.681 342.809
182.964 354.407
199.241 357.226
219.574 353.462
241.461 343.644
261.164 330.611
275.011 316.250
285.335 299.001
294.366 283.872
303.207 262.418
150.115 216.819
146.842 219.418
147.935 224.585
151.296 231.136
158.076 238.918
186.843 255.449
196.801 256.031
209.918 257.750
223.574 260.059
239.422 262.565
171.257 258.060
165.595 274.069
159.811 289.728
156.134 307.679
162.038 298.189
165.424 308.043
172.225 315.253
184.605 314.445
195.605 306.412
157.834 235.266
155.515 235.682
162.432 240.736
171.117 248.968
162.379 249.566
156.285 244.249
201.702 266.561
204.586 265.033
214.996 268.738
226.596 273.112
215.999 278.675
205.260 274.392
161.311 322.035
161.348 324.293
165.670 327.275
175.402 330.784
185.836 331.679
194.910 332.051
205.679 332.369
196.767 337.440
187.248 343.298
177.651 344.060
168.349 339.209
164.823 330.492
165.229 320.226
169.949 329.312
178.144 334.719
189.542 334.062
203.660 331.873
184.924 338.161
176.169 339.008
167.601 334.114
159.097 240.780
209.973 269.444
