160.768 280.265
167.295 304.377
175.085 323.366
181.778 349.346
189.583 369.753
204.816 392.673
225.172 413.293
247.626 428.930
272.013 435.256
295.522 425.128
312.894 405.900
326.697 380.957
335.074 356.637
338.660 333.412
340.555 306.981
343.740 287.361
344.815 261.317
193.346 289.698
204.592 289.894
218.135 289.194
230.267 289.451
242.771 291.192
284.084 286.792
295.667 281.741
308.130 278.183
319.339 275.792
329.078 273.780
264.283 301.613
265.636 320.113
266.530 338.146
268.383 358.576
241.409 354.822
253.170 365.673
269.687 369.402
284.668 363.661
294.371 347.382
209.585 303.851
218.304 303.336
230.453 302.508
239.306 305.358
231.325 310.119
218.534 311.349
286.385 300.258
296.006 295.658
306.760 293.595
314.206 292.146
309.343 300.626
295.880 303.453
237.409 389.574
244.228 386.072
254.357 384.933
272.013 385.388
287.685 381.704
297.786 380.221
303.525 380.725
296.806 393.232
285.544 404.010
273.682 406.794
258.869 405.473
246.151 398.469
238.920 389.119
255.466 387.465
272.291 388.303
287.499 384.368
301.133 380.697
285.103 395.542
272.694 398.666
258.414 397.860
223.582 304.025
300.731 295.870
