188.660 271.578
197.554 293.678
205.249 310.808
214.075 331.617
222.403 348.857
238.757 365.156
261.807 376.819
286.311 385.705
309.733 388.681
328.997 375.133
342.930 358.301
353.554 337.576
356.364 317.327
354.594 298.350
352.465 277.254
349.689 259.021
347.994 234.636
210.571 254.401
219.831 249.188
232.925 244.847
246.048 244.153
259.921 246.517
300.536 238.290
311.139 231.105
322.953 226.704
333.347 224.877
341.786 225.913
283.676 258.040
288.681 277.806
293.902 294.432
299.555 312.437
273.155 319.553
285.494 327.087
299.340 327.567
310.363 321.681
315.613 309.516
228.311 271.790
235.307 264.472
248.022 263.052
259.310 269.329
249.118 275.081
236.338 276.073
306.102 260.354
313.835 249.495
325.550 245.276
332.795 249.120
329.201 256.904
317.162 260.869
266.787 348.135
274.983 347.273
286.143 345.206
303.255 344.181
315.971 337.848
324.352 335.349
329.598 333.621
325.111 343.679
318.045 354.676
306.768 359.537
291.304 359.762
278.007 353.835
269.696 347.244
285.805 347.910
302.370 345.964
315.812 341.178
326.088 334.279
315.115 345.492
304.136 349.206
290.127 350.526
245.267 267.467
323.413 251.169
