202.499 230.794
202.242 255.393
204.610 275.398
214.213 295.311
225.803 311.916
253.582 324.898
285.380 335.039
313.634 344.226
336.138 350.854
348.877 347.930
348.427 343.029
344.843 336.966
336.857 329.197
328.087 316.448
322.198 298.544
320.070 283.700
319.723 263.599
271.968 197.743
287.355 195.297
302.953 195.200
314.969 197.917
324.190 202.825
350.201 212.630
356.353 213.490
360.926 217.021
362.948 221.622
360.760 228.475
340.438 215.004
347.790 225.856
354.777 237.880
362.080 253.557
318.304 263.317
332.184 269.742
346.615 274.860
351.368 274.217
350.237 271.050
278.037 217.800
290.618 212.114
300.540 215.261
303.775 222.977
300.725 220.568
289.428 218.874
337.809 234.153
347.356 230.156
354.748 232.974
352.717 240.869
354.999 240.407
348.777 236.870
307.429 296.068
320.218 291.135
333.577 287.882
348.285 288.139
357.318 291.966
359.340 297.863
356.764 304.525
359.221 308.201
356.031 309.508
347.361 308.325
334.940 305.548
321.559 300.900
308.541 296.659
329.136 294.806
344.031 295.321
353.395 299.280
354.421 304.519
355.598 301.746
346.634 299.778
334.191 297.717
295.218 214.955
350.785 233.466
