178.356 247.794
176.778 274.094
174.457 295.844
175.450 319.871
179.525 339.126
187.581 360.473
201.759 380.039
221.235 394.940
246.159 403.705
273.139 401.460
296.893 393.807
318.037 378.973
331.103 361.137
339.448 343.068
345.861 320.828
348.515 299.695
352.201 272.483
202.082 236.053
212.337 234.045
224.439 234.889
235.621 237.716
247.225 243.478
291.382 249.122
303.462 247.513
315.761 248.543
326.410 251.007
336.067 255.810
266.730 260.893
264.395 275.478
262.247 288.362
259.358 302.767
230.290 314.322
241.981 321.416
256.477 323.809
270.578 326.081
284.549 322.724
211.841 253.954
218.973 251.651
232.140 253.752
238.260 261.764
229.456 262.884
218.430 260.627
293.613 270.648
302.027 265.375
314.131 266.377
320.345 271.010
314.144 275.284
302.162 274.782
218.690 349.186
224.676 343.406
235.646 340.279
254.778 342.259
272.185 345.681
283.236 351.964
288.820 359.094
280.029 364.884
266.101 370.201
251.654 369.668
236.992 365.005
225.481 356.756
222.265 349.270
235.204 348.965
253.601 351.335
271.940 354.680
285.494 358.344
267.649 360.827
253.043 359.834
238.595 355.938
225.566 254.999
307.878 268.041
