201.869 254.502
209.572 280.147
216.695 301.601
230.734 319.885
246.385 333.599
272.377 344.195
299.548 350.490
322.681 354.781
337.772 355.284
345.435 347.653
342.451 338.770
335.253 327.721
324.068 315.822
316.109 302.862
311.155 285.316
307.564 268.075
304.689 245.750
277.166 223.587
293.016 219.099
306.897 216.373
316.899 216.219
324.584 218.556
346.541 218.621
350.775 215.695
353.096 215.417
353.319 216.806
348.883 221.243
337.353 229.759
342.196 244.147
348.163 254.930
355.833 266.592
324.220 284.842
336.668 288.829
347.748 288.973
349.680 287.207
347.373 281.983
286.319 241.537
297.963 235.207
305.412 234.350
307.930 240.135
306.241 243.655
298.461 245.989
333.348 238.083
341.391 231.873
345.096 232.865
341.960 238.296
344.187 242.306
340.180 241.256
321.120 319.185
331.521 312.767
341.729 306.443
353.249 304.201
357.690 302.672
357.077 305.961
352.110 311.884
352.792 317.084
353.038 322.606
347.260 326.377
337.799 326.375
327.523 323.004
321.007 318.648
337.355 315.159
349.622 312.524
353.461 311.180
349.932 312.144
353.222 315.321
348.944 317.767
339.386 318.370
302.445 237.164
341.824 234.899
