171.978 269.585
181.745 295.595
189.443 316.690
198.400 336.871
208.179 354.471
225.577 373.207
250.005 386.875
277.090 394.980
300.835 395.164
318.906 383.195
331.291 365.409
340.477 342.966
341.128 321.300
338.676 301.336
336.628 279.135
336.698 258.445
337.487 230.080
215.694 270.989
229.084 269.279
244.361 267.611
257.491 267.879
270.126 269.103
311.163 259.944
322.094 253.023
332.725 246.881
341.422 242.221
346.589 239.243
291.854 278.163
296.667 298.016
302.747 317.451
308.062 338.384
267.741 334.657
281.245 341.449
298.335 342.056
310.323 336.088
316.678 322.978
234.221 286.336
242.894 284.210
253.693 282.708
259.703 284.206
253.896 288.263
242.382 290.134
311.367 272.057
322.043 267.925
331.127 264.316
334.458 262.050
332.321 268.030
321.771 272.153
247.551 354.939
258.093 351.170
274.239 351.610
298.091 350.977
316.472 344.151
324.755 337.724
325.963 337.394
323.028 353.137
315.366 369.070
301.806 375.879
283.015 376.337
263.484 367.330
250.815 354.891
271.673 354.131
297.563 353.933
316.635 345.113
323.449 337.510
314.495 359.600
299.819 367.400
280.043 367.653
247.109 283.980
325.836 265.353
