153.856 239.767
155.959 267.318
157.916 288.852
160.815 308.943
166.607 325.649
181.647 339.420
202.771 350.327
228.357 358.319
256.400 363.102
282.319 359.404
301.097 354.605
316.372 345.003
325.620 333.336
327.756 317.086
327.989 294.410
329.631 273.736
331.028 246.021
182.892 202.011
194.936 196.774
209.804 194.925
222.942 196.537
236.142 201.009
285.210 200.563
298.294 197.690
310.981 198.022
321.199 200.691
328.241 207.533
259.460 214.814
260.065 230.016
260.679 240.371
261.073 254.512
227.418 269.547
241.551 275.739
258.626 278.786
273.560 279.671
284.901 273.667
196.812 221.677
205.361 217.297
218.691 218.335
229.866 224.041
221.162 227.046
206.560 227.406
282.723 225.735
296.829 218.968
307.699 220.368
312.578 227.398
306.801 231.912
294.111 230.342
215.910 305.857
227.052 299.672
241.668 296.623
259.965 297.993
275.301 301.137
285.400 307.107
293.505 313.740
285.757 317.237
275.079 320.517
259.361 320.075
242.709 316.929
227.469 310.810
220.091 305.730
238.326 304.104
258.305 305.497
275.068 309.352
289.809 313.430
273.939 310.998
259.634 309.723
241.772 306.935
212.430 216.664
299.719 220.866
