220.793 272.180
224.549 302.174
229.984 324.970
248.365 350.144
263.758 371.109
293.735 391.792
327.805 406.055
356.831 413.592
374.392 412.167
379.523 398.922
371.624 382.419
359.572 362.303
343.945 343.559
333.071 325.914
326.445 305.442
323.952 288.318
322.823 265.180
322.945 261.202
339.841 259.522
353.750 259.075
362.435 260.069
367.430 261.562
382.500 261.433
386.569 259.129
388.111 257.783
386.456 257.167
379.397 258.256
376.175 271.261
384.214 287.133
392.983 304.011
403.210 322.747
356.586 331.423
370.407 338.084
382.381 338.966
382.191 333.345
376.343 321.658
327.288 276.650
338.214 273.737
344.472 272.895
343.657 273.835
345.565 275.786
338.404 277.661
363.805 271.687
371.474 272.119
376.275 271.088
372.142 273.234
375.735 274.992
372.300 273.343
350.858 368.907
361.831 362.547
373.380 357.614
385.655 353.443
389.206 350.141
386.287 349.891
380.469 354.267
384.524 361.898
386.334 372.159
382.107 376.593
372.431 378.138
360.375 374.203
350.613 367.522
367.454 365.091
379.481 362.352
382.894 356.818
378.151 354.293
385.458 360.653
381.912 365.808
372.002 367.805
340.514 272.602
373.214 270.459
