218.296 250.485
222.990 270.215
226.238 288.212
229.581 311.765
236.468 330.633
243.545 352.024
251.841 371.084
260.708 387.466
271.102 398.076
281.471 398.388
292.814 391.166
304.619 378.208
317.109 361.594
325.633 342.564
327.872 317.828
324.739 297.057
321.762 273.983
170.354 256.461
165.353 257.701
164.723 263.459
167.641 270.846
174.259 279.391
197.991 287.220
205.687 281.972
217.166 277.364
230.020 274.427
246.172 276.335
189.031 297.403
188.443 313.054
187.805 326.758
187.250 340.027
199.547 322.833
201.958 333.629
207.560 344.046
219.182 342.545
228.368 335.799
179.730 282.442
174.435 283.456
180.090 286.053
189.462 291.116
183.611 293.514
178.103 290.775
216.694 300.679
215.571 299.358
224.352 301.438
237.264 303.502
227.476 309.353
219.571 306.922
222.646 357.277
208.477 350.874
202.988 352.321
207.455 361.191
222.106 362.547
236.384 365.270
255.336 371.958
264.003 385.038
262.018 394.935
254.022 395.754
244.250 385.398
235.449 371.635
225.590 358.672
208.887 356.432
212.743 364.661
228.578 369.016
255.066 372.497
257.601 389.028
249.700 390.192
240.488 380.040
178.466 286.989
221.330 302.396
