188.679 273.241
193.827 299.593
197.831 320.988
203.228 344.699
210.300 366.378
223.275 391.338
239.508 412.061
255.917 427.136
276.301 433.275
296.762 424.737
312.435 408.657
326.982 385.457
337.668 359.905
343.683 337.654
346.482 311.973
347.607 290.593
350.380 263.915
203.296 242.333
212.120 236.386
223.987 233.385
235.649 233.773
248.563 236.566
293.991 233.103
305.907 229.882
318.052 229.544
328.030 231.288
335.960 236.371
271.406 248.999
271.399 263.713
272.123 276.986
273.666 292.854
251.934 310.173
261.367 314.902
274.355 315.582
285.770 313.575
293.496 305.997
217.052 263.875
224.564 255.671
237.570 256.307
247.639 263.180
237.714 265.165
223.934 266.646
295.415 259.982
305.144 251.551
319.166 251.617
325.235 258.982
319.678 261.917
306.002 261.768
251.566 371.106
253.464 351.401
260.638 339.534
275.491 333.814
290.658 337.376
298.464 347.030
303.334 365.785
297.536 386.565
288.115 403.169
276.648 411.371
263.923 406.308
254.443 391.352
253.037 371.267
261.047 350.453
276.181 344.499
291.280 347.200
300.466 365.139
287.117 391.635
276.659 400.182
264.536 395.026
230.281 258.651
309.588 255.120
