182.698 271.310
187.624 295.005
189.505 314.742
188.099 336.818
190.173 356.933
196.887 381.484
209.622 402.285
223.347 419.022
241.391 429.130
261.663 423.679
279.399 411.189
298.376 392.627
312.200 369.753
318.507 347.799
322.147 324.040
326.151 304.347
333.490 279.565
183.121 259.281
190.957 257.210
202.327 257.128
213.282 259.802
224.700 265.096
265.803 266.948
278.071 262.507
291.804 261.128
303.645 262.201
314.206 265.775
243.795 281.912
242.228 300.744
240.487 314.551
237.849 331.218
218.013 337.538
226.666 343.792
238.446 346.199
251.835 347.859
263.224 341.507
194.376 282.816
199.556 279.739
211.679 280.872
221.008 286.395
212.177 289.891
199.919 288.704
270.258 289.112
279.405 285.001
291.609 285.043
299.364 287.986
293.459 293.450
280.055 294.328
214.533 376.935
215.189 368.230
221.063 363.532
235.159 363.129
249.135 368.431
258.593 375.340
263.841 384.234
259.553 396.351
250.232 407.414
239.908 410.339
228.216 403.925
221.030 390.866
217.415 376.969
223.252 372.779
235.037 373.100
249.363 377.262
261.879 383.455
250.647 396.816
240.643 398.839
230.029 393.705
206.365 283.923
286.119 289.122
