202.857 250.139
213.951 272.442
224.557 289.298
239.984 304.923
255.515 316.561
282.916 321.795
313.089 326.094
338.631 329.233
356.878 331.004
363.072 326.782
358.208 323.546
346.850 318.798
333.054 314.180
319.965 304.279
309.105 287.558
305.091 272.523
300.287 253.433
270.681 211.925
282.969 209.004
294.391 207.207
302.749 207.500
309.040 209.880
327.754 211.994
333.032 211.127
337.244 212.175
339.361 213.906
337.825 217.362
321.148 218.248
332.059 224.424
341.746 233.134
350.688 246.006
316.503 260.045
328.756 264.205
340.643 266.344
343.335 264.387
340.873 260.773
274.520 227.307
284.235 223.481
291.185 224.253
295.311 228.719
293.160 226.111
284.599 226.360
320.141 230.472
328.332 227.242
333.234 226.866
332.038 230.985
334.590 229.805
328.029 229.395
330.655 285.819
334.919 277.003
339.439 272.894
349.152 273.181
357.455 273.151
362.085 277.555
363.629 285.297
367.780 286.884
366.675 288.990
358.359 290.693
349.042 289.472
339.924 287.989
328.041 288.575
341.543 281.824
351.004 281.434
358.584 281.836
358.550 287.494
359.566 281.318
352.786 282.371
343.939 282.195
285.954 220.714
328.302 224.240
