188.549 254.831
192.967 275.988
197.252 292.153
213.565 311.892
230.251 328.483
259.803 340.640
291.754 350.663
320.862 360.695
343.542 368.311
354.959 366.645
354.404 363.344
350.528 357.886
341.959 350.893
332.970 339.351
324.705 320.288
317.322 305.937
310.513 287.393
253.862 202.302
266.464 195.945
278.912 193.678
289.806 195.078
300.599 200.577
332.217 208.581
337.669 208.610
342.176 212.675
344.966 219.049
345.325 229.984
320.646 217.502
327.800 227.622
337.338 233.088
347.914 240.257
309.787 258.731
327.227 261.579
342.988 264.026
350.363 268.344
348.738 271.477
262.093 222.634
273.802 213.587
285.315 215.353
291.362 226.550
287.534 225.366
274.736 223.914
328.389 236.919
336.306 229.501
343.768 233.770
341.611 246.114
344.813 244.263
337.144 239.668
306.976 295.550
322.152 278.249
336.481 268.837
352.350 269.395
360.980 276.794
361.722 290.560
355.664 310.391
360.621 322.937
361.502 331.090
354.160 330.491
338.879 324.187
320.721 311.387
309.615 297.815
334.510 279.554
352.066 279.303
359.703 287.726
353.620 310.202
358.719 318.907
351.875 319.034
337.154 312.643
283.590 218.878
342.340 237.000
