164.504 265.491
173.854 291.007
180.791 310.963
188.056 336.528
195.814 356.062
213.776 372.699
235.486 386.661
258.755 396.902
281.686 400.611
300.966 389.560
315.410 375.285
328.492 357.303
336.741 339.053
336.095 317.963
333.878 291.936
334.143 271.408
336.973 245.068
201.777 249.263
213.047 244.463
226.308 241.659
238.333 242.085
250.397 245.695
289.027 248.497
299.486 243.342
310.343 240.492
319.337 239.393
326.975 240.099
271.227 261.782
274.496 279.947
278.545 296.664
282.193 313.592
249.793 320.260
263.020 326.620
278.724 327.823
290.901 322.987
298.581 313.554
216.082 270.307
224.708 263.064
238.881 262.614
244.280 269.381
237.188 272.872
224.834 274.858
295.204 266.300
302.606 264.223
315.416 261.538
321.586 260.940
315.543 265.776
305.344 267.081
246.771 356.583
255.435 350.930
266.125 347.077
281.882 345.357
295.075 342.623
302.377 344.248
307.784 347.657
302.381 355.567
295.216 364.083
283.255 368.514
268.747 368.289
255.899 362.729
249.426 355.790
265.824 354.072
281.335 353.288
294.174 349.929
304.972 347.899
292.319 354.501
281.116 357.846
268.032 358.070
232.091 264.205
310.534 255.815
