189.298 241.002
187.532 264.996
181.825 284.440
171.565 300.878
165.192 317.251
155.112 337.134
149.540 355.224
147.124 371.492
153.107 385.039
167.937 390.266
189.299 391.882
218.909 391.977
249.882 382.609
270.459 368.208
283.560 350.449
292.899 329.649
300.711 306.477
144.139 238.919
141.643 240.748
143.054 243.989
147.046 249.078
153.987 256.091
177.243 270.646
184.751 272.666
195.768 276.818
207.717 281.329
223.415 287.138
164.474 274.785
155.932 290.653
146.962 304.526
138.226 318.976
148.428 314.117
148.112 323.806
149.380 330.694
157.362 335.635
168.336 336.297
150.042 256.604
145.176 258.647
154.745 262.910
160.621 269.575
152.774 269.337
147.411 265.461
190.890 289.646
191.013 289.178
201.609 293.437
213.779 297.174
201.797 301.042
192.365 296.287
140.419 339.761
141.180 339.993
140.902 339.413
143.326 344.318
150.633 352.393
153.718 360.953
158.923 367.782
151.250 367.038
145.727 364.759
140.461 357.886
136.228 349.819
137.406 344.331
141.562 340.299
144.910 344.817
148.052 350.435
152.256 356.944
162.039 365.206
146.176 357.171
141.198 350.541
138.407 343.521
148.645 260.952
195.692 292.147
