213.879 256.419
216.249 283.024
220.833 304.273
232.300 330.733
244.721 350.524
267.871 367.248
291.038 380.237
312.631 391.191
326.487 393.352
330.345 380.913
326.406 364.683
321.824 347.995
313.057 332.757
305.509 316.486
301.138 296.314
296.794 280.643
292.609 259.965
293.504 237.956
306.098 233.911
316.234 232.208
323.223 233.119
328.555 237.118
343.142 238.619
346.225 236.138
347.885 236.413
347.975 238.126
344.422 242.600
337.420 251.425
345.609 264.231
355.217 275.995
362.723 290.255
325.289 298.506
338.304 305.302
349.197 307.988
350.898 304.697
346.993 298.982
300.120 255.469
311.722 251.974
318.491 251.979
318.653 258.222
319.463 259.788
311.137 259.690
336.262 259.154
344.005 254.175
347.058 254.255
341.871 257.571
346.568 260.555
343.950 260.921
304.860 332.287
323.051 322.257
339.535 318.540
353.816 317.945
355.032 316.610
348.543 318.500
337.325 325.726
339.273 343.633
343.780 358.335
339.891 367.923
327.143 363.463
314.502 350.293
305.530 334.116
334.295 325.390
352.692 326.112
351.520 322.637
335.907 327.518
342.953 350.174
339.630 358.090
327.700 353.739
315.074 253.336
344.372 255.220
