186.134 277.893
193.775 300.946
202.108 319.851
213.158 344.663
223.749 363.601
241.907 383.959
267.078 398.095
292.074 409.252
315.471 410.716
334.937 397.908
347.305 378.662
358.269 355.594
359.765 330.738
356.512 307.208
353.520 281.119
352.903 260.954
352.775 235.968
233.618 286.491
246.386 283.940
260.664 281.612
273.139 280.908
285.446 281.849
325.767 269.062
335.817 262.016
346.063 256.699
354.421 253.155
360.109 251.940
308.556 292.054
313.259 313.073
317.267 331.311
321.106 350.172
289.937 347.862
302.312 352.606
313.128 352.525
321.701 346.541
327.876 336.702
250.826 303.724
260.257 303.789
272.713 301.240
278.214 299.626
274.447 304.410
261.591 308.370
326.466 284.737
335.571 284.070
346.526 281.251
349.181 277.189
345.957 285.907
334.986 287.271
276.475 372.642
285.637 369.300
296.729 366.587
313.632 363.815
327.299 358.191
334.127 356.361
337.541 355.893
334.035 367.605
326.758 378.578
313.781 386.201
298.537 386.238
285.499 380.626
278.949 371.645
296.264 370.113
314.120 369.277
327.075 361.944
334.369 356.197
324.485 373.551
313.007 380.327
298.023 379.967
267.605 302.999
341.888 282.312
