174.555 274.706
173.924 295.992
172.470 312.141
165.885 328.473
160.257 342.535
149.046 353.957
143.439 361.184
144.430 366.008
153.681 367.034
171.541 360.268
196.882 351.764
225.148 339.319
248.564 325.193
262.923 309.665
273.774 288.751
280.252 269.688
285.342 244.712
129.003 237.947
127.765 232.000
130.274 227.862
134.321 226.318
140.442 227.444
165.467 212.366
174.216 206.229
185.422 203.082
196.905 202.571
211.625 207.318
150.329 232.709
143.678 245.509
135.659 256.016
128.387 268.137
135.767 293.266
136.465 295.253
139.759 292.756
151.095 291.611
162.625 284.585
129.584 251.597
128.416 250.372
136.522 246.128
142.280 247.100
135.444 250.388
129.251 252.671
175.025 235.564
176.113 225.418
186.855 223.417
196.596 228.727
185.885 234.185
176.966 236.760
131.378 324.557
130.823 317.696
130.651 312.233
135.303 307.696
148.121 307.522
158.409 311.065
168.248 317.056
161.170 322.614
149.195 327.885
140.154 331.524
132.968 330.741
132.601 328.245
135.058 325.152
137.088 319.784
140.604 317.200
152.729 316.261
168.852 317.601
149.334 319.208
139.029 321.472
133.456 322.471
130.866 245.597
179.985 229.910
