158.351 259.012
164.438 282.424
172.899 302.117
180.103 324.785
187.373 343.068
201.002 361.320
217.596 375.503
236.004 384.802
256.976 386.865
277.499 379.374
290.695 367.249
300.958 352.260
308.447 336.495
310.568 317.842
312.252 294.553
317.120 275.319
322.066 251.730
176.715 248.866
186.028 246.580
197.619 245.327
209.022 246.555
221.059 250.228
261.449 250.045
273.125 246.038
285.296 244.448
295.627 244.318
304.942 245.928
240.586 263.022
241.091 278.773
241.963 293.953
244.582 310.156
224.523 319.820
237.066 325.104
249.881 323.491
260.519 320.416
268.266 315.664
188.212 268.728
196.310 266.893
208.271 267.047
215.928 269.840
209.312 273.631
195.559 274.269
264.328 269.963
273.940 267.537
286.285 266.098
292.367 267.242
285.553 273.399
272.367 272.353
232.113 353.000
234.495 348.328
243.665 345.061
258.923 341.025
270.714 337.336
277.438 337.706
283.541 339.211
283.062 347.072
277.142 356.676
267.269 361.111
253.087 360.864
240.599 357.013
232.834 351.457
244.911 350.833
259.358 349.077
270.247 344.307
281.281 340.535
274.588 346.954
264.799 350.917
251.762 351.737
204.132 268.545
281.326 267.825
