155.631 266.640
167.833 288.243
174.738 306.022
180.351 327.134
188.139 344.184
201.057 363.435
214.367 381.878
228.970 397.501
246.305 403.560
263.040 398.216
279.748 382.926
297.642 362.839
316.701 341.961
323.526 320.481
324.150 298.256
323.208 280.759
322.214 256.749
143.706 292.950
148.785 295.669
158.492 297.623
168.493 300.972
179.993 305.936
216.664 310.537
226.255 305.685
239.219 301.865
252.475 298.573
267.545 293.247
203.022 320.493
205.969 337.353
207.681 351.807
208.686 366.222
204.518 362.422
211.286 369.447
217.308 370.836
227.994 371.324
237.209 361.252
164.880 312.459
166.911 313.388
178.533 313.578
187.604 317.402
179.481 322.393
169.785 321.553
232.692 319.252
238.573 321.040
252.420 318.396
261.695 312.512
252.257 321.683
240.915 322.770
207.636 379.288
204.034 379.254
206.963 378.316
217.367 379.193
232.788 379.064
245.175 380.189
253.027 380.880
251.399 389.383
244.358 400.730
232.208 402.943
219.984 398.767
211.998 387.942
210.168 377.546
213.390 382.590
224.084 386.270
237.288 383.931
251.511 379.500
236.819 389.504
227.318 390.675
217.329 388.220
172.442 317.607
243.962 316.915
