243.918 246.700
245.806 275.224
251.205 296.484
268.015 319.933
283.422 338.204
309.546 354.642
334.742 367.654
357.766 378.846
373.115 386.941
373.751 386.746
365.266 384.296
352.898 376.782
334.950 365.008
323.169 351.611
315.966 331.987
311.279 314.724
308.778 292.356
341.684 228.902
355.186 227.874
364.199 229.362
369.898 233.178
373.391 239.464
381.601 246.785
383.079 246.592
382.842 249.436
380.586 254.095
373.015 261.216
379.674 256.323
390.683 270.204
400.650 284.206
408.246 300.058
366.410 304.067
376.737 313.109
386.018 318.798
387.214 321.963
383.131 318.628
345.644 248.570
355.359 246.932
358.993 250.116
357.016 255.886
359.106 255.150
354.908 253.429
369.379 267.987
376.728 265.515
378.293 268.767
371.343 274.639
376.213 276.171
375.002 272.113
348.676 330.916
361.737 329.450
373.764 331.200
385.894 338.379
389.398 341.487
387.113 346.636
381.249 352.360
381.832 353.718
383.041 353.910
377.948 351.881
367.976 343.682
356.307 337.025
348.958 332.338
366.583 335.907
379.780 343.457
383.834 347.005
377.752 351.623
382.242 347.245
376.769 344.671
367.513 337.705
355.662 249.205
375.936 268.489
