192.661 228.623
192.256 250.386
194.199 267.797
196.712 287.118
199.576 303.490
207.509 322.639
221.135 338.648
236.603 352.387
254.720 359.235
274.532 355.699
290.137 346.384
304.327 333.215
313.663 316.397
319.496 299.962
326.773 282.496
333.350 266.809
338.776 245.857
214.266 229.791
223.929 229.731
235.724 231.960
246.036 235.884
256.070 241.138
292.935 244.567
303.965 241.192
314.974 239.369
323.904 239.284
331.010 241.369
271.928 256.360
269.852 274.753
268.428 290.642
267.768 307.260
245.137 296.548
253.653 306.329
264.253 312.285
275.595 307.998
285.084 299.171
224.375 246.798
232.692 242.420
245.261 246.195
250.447 254.987
241.641 257.938
230.200 255.938
289.700 258.472
298.101 249.939
311.685 250.602
316.784 255.711
309.818 263.157
297.482 262.520
235.643 322.029
242.201 322.292
250.258 323.513
262.607 326.754
275.103 325.693
280.616 326.241
285.187 327.269
280.074 331.370
271.430 334.447
261.414 334.982
250.354 332.569
241.430 327.689
237.202 321.379
250.399 324.261
261.606 326.887
272.439 326.763
283.567 326.139
271.853 329.446
261.505 330.485
250.426 327.159
235.930 246.833
303.375 253.047
