171.530 261.687
180.988 280.448
188.047 296.082
195.423 316.595
203.855 332.647
220.840 348.438
242.930 360.309
268.015 367.820
290.133 365.509
304.272 351.431
309.017 333.766
310.189 316.091
307.174 299.651
301.791 283.164
298.491 264.650
298.689 248.882
298.954 228.088
204.957 248.409
215.338 242.024
227.541 237.659
239.100 237.065
250.799 239.827
284.666 232.804
293.448 226.568
302.214 222.743
308.865 221.530
312.895 222.866
270.368 254.171
276.035 271.755
281.736 284.559
286.156 298.313
258.195 310.655
270.947 312.846
283.236 309.817
292.095 302.805
298.557 294.005
218.614 270.195
227.353 264.763
240.089 262.783
248.090 265.719
241.985 271.229
229.245 274.432
286.895 255.929
298.543 247.675
308.115 243.806
310.123 245.446
309.019 252.288
298.473 256.008
248.079 334.818
258.248 332.910
272.196 329.859
288.469 322.867
300.307 314.637
305.550 309.430
308.403 304.850
306.597 314.337
303.413 326.172
292.501 336.166
275.943 339.216
260.236 337.164
249.929 333.638
269.402 331.744
287.183 326.998
299.090 317.214
305.526 306.364
301.389 321.692
289.967 330.508
272.716 334.514
233.865 266.911
302.490 249.397
