207.164 295.202
203.329 316.901
199.724 333.971
193.864 350.397
191.463 362.773
185.979 369.955
183.192 373.401
185.959 374.917
196.740 375.180
217.608 368.014
245.496 362.175
277.203 353.478
305.923 343.236
324.545 328.572
334.590 306.643
340.217 287.518
345.386 262.127
172.456 243.461
171.211 234.482
174.808 228.455
180.292 226.184
188.302 226.868
217.208 218.455
226.547 212.991
238.936 210.450
252.250 210.715
268.516 216.331
202.028 234.957
194.559 246.300
185.834 255.271
178.020 265.432
180.209 294.899
180.594 295.586
186.327 292.495
200.877 291.132
215.293 285.346
180.836 256.919
179.003 251.385
187.030 249.900
194.742 250.916
187.732 255.086
179.906 258.231
230.088 242.605
232.263 237.194
242.156 233.814
255.340 237.094
246.014 241.729
234.070 244.029
176.938 331.470
173.969 322.716
175.118 315.487
182.896 310.857
196.690 309.553
208.877 313.991
218.845 321.128
208.957 324.897
195.079 327.311
183.848 330.907
177.460 331.816
177.114 332.987
180.079 331.237
179.537 323.249
187.638 319.251
200.675 318.012
218.290 322.246
198.154 320.764
187.051 322.570
180.418 325.213
183.661 251.905
239.413 237.426
