159.306 255.000
158.779 280.323
156.222 299.103
157.695 315.108
161.066 329.268
173.027 339.383
188.626 349.796
207.449 359.674
232.423 367.151
259.412 367.077
282.731 364.612
304.033 359.706
321.261 355.090
329.592 343.238
334.120 322.135
334.662 302.416
338.908 277.318
185.873 208.312
198.676 204.129
213.520 203.243
225.843 205.277
237.520 210.160
284.559 208.043
298.091 206.439
311.435 209.279
322.986 214.691
331.971 225.029
257.339 220.143
254.423 232.554
252.220 243.422
249.844 256.643
219.351 276.637
229.366 280.508
246.282 281.129
263.170 285.783
275.514 283.142
194.524 227.608
203.940 225.212
217.565 228.942
225.643 230.120
217.960 230.044
202.497 229.827
282.838 236.629
296.421 229.495
309.164 232.411
314.633 242.771
308.342 244.493
293.943 240.894
206.146 310.076
210.747 296.573
222.870 289.092
244.757 288.100
265.399 295.063
276.712 306.719
278.309 322.604
270.222 323.743
255.455 325.681
240.019 321.866
223.225 319.147
211.535 314.395
209.738 310.650
222.523 302.718
243.221 303.974
263.685 308.581
274.671 321.357
257.045 312.863
241.782 309.282
225.858 308.115
212.925 223.842
303.684 237.344
