197.221 237.753
196.899 259.174
193.121 275.837
188.610 293.560
186.762 307.957
185.790 320.035
193.047 328.023
206.674 335.116
227.105 339.682
253.165 337.186
279.585 333.351
307.748 326.905
326.592 316.138
336.047 301.486
341.813 281.621
343.210 263.631
347.995 240.433
186.233 201.470
193.561 196.817
204.405 194.113
214.790 194.526
225.691 198.065
262.618 197.949
274.906 195.343
289.073 195.472
301.932 197.752
315.162 202.795
241.759 209.244
237.974 219.108
233.208 227.754
228.701 240.314
212.983 259.004
220.954 263.827
232.760 263.728
247.769 265.633
261.783 260.596
196.888 220.049
201.151 215.595
213.856 215.867
223.517 221.254
211.363 222.497
198.724 222.392
269.086 222.375
277.725 216.847
291.500 216.750
301.546 221.588
292.439 224.649
277.535 224.735
202.654 289.961
205.214 282.659
213.424 276.716
228.783 273.734
243.006 276.995
251.920 283.443
256.517 292.053
246.592 296.695
234.173 299.412
225.425 299.246
214.222 297.336
206.163 294.106
205.252 291.034
213.902 287.286
227.572 288.104
241.104 288.230
255.594 292.889
235.206 288.470
226.261 287.970
215.992 287.231
207.087 216.657
284.962 217.091
