176.413 247.814
183.322 267.754
187.662 283.665
187.902 299.464
189.239 313.771
196.776 323.188
210.284 329.002
228.447 334.923
250.561 339.624
275.346 333.191
296.533 327.522
314.721 319.455
325.409 309.050
326.523 293.518
329.080 273.322
333.681 257.226
340.716 235.136
183.749 206.856
190.458 200.363
201.653 196.080
212.856 195.778
224.539 198.566
264.772 194.561
276.863 189.897
290.399 188.543
302.335 190.090
312.427 196.109
244.206 209.450
243.529 224.014
242.116 236.418
241.916 252.212
223.483 262.410
232.940 270.252
246.067 272.302
259.622 268.222
270.696 258.118
196.414 219.761
202.283 212.211
216.074 213.461
221.750 218.170
214.093 218.451
201.423 220.209
271.340 214.513
279.066 209.061
292.802 205.925
299.270 210.843
293.982 212.800
281.187 213.515
214.501 289.006
218.531 285.609
229.821 283.211
246.748 282.594
265.665 279.537
279.350 280.148
285.155 285.158
276.846 289.367
262.401 296.092
248.286 298.247
234.403 296.454
222.837 292.113
217.649 289.936
230.141 289.172
248.765 287.923
268.698 284.931
282.690 285.668
263.190 285.628
248.004 288.742
233.765 287.696
207.639 215.086
287.889 209.518
