205.670 282.884
207.635 302.420
211.304 317.374
220.286 341.981
230.431 360.389
251.887 375.424
276.260 386.201
299.356 395.020
317.128 394.436
326.418 378.248
325.392 357.288
323.297 334.346
317.366 312.038
310.690 291.042
307.405 268.149
308.283 251.258
310.446 229.712
281.749 286.522
297.076 283.728
311.677 279.686
322.642 277.725
331.065 277.438
356.571 264.036
362.359 256.307
365.973 249.750
366.949 245.018
362.699 241.686
346.068 284.549
351.055 301.318
355.754 315.424
362.214 331.093
318.152 334.157
330.441 339.354
342.610 340.393
344.918 331.803
344.963 319.299
289.468 297.528
301.393 292.833
311.032 289.540
310.768 292.077
308.901 299.837
298.567 303.054
341.141 274.560
350.308 267.449
357.168 262.892
354.177 262.919
356.051 271.809
350.652 276.094
293.465 359.220
308.082 358.053
322.488 356.633
338.030 353.389
345.004 344.448
343.383 338.580
337.199 335.030
337.771 350.533
338.572 366.120
331.929 375.689
319.975 377.086
306.157 369.061
295.552 358.300
317.021 359.328
333.812 357.055
339.600 346.603
334.938 336.482
338.176 358.382
332.344 366.931
321.095 368.982
307.593 292.310
355.122 265.550
