198.612 267.369
196.518 291.339
195.704 310.406
196.534 331.829
201.107 349.568
212.468 368.710
227.358 387.337
245.130 403.254
266.266 411.369
287.291 407.061
303.718 395.478
318.884 381.105
329.708 366.180
336.330 350.810
341.245 331.774
345.060 312.465
349.682 287.989
221.916 257.919
232.918 256.713
246.706 257.370
258.980 260.291
270.474 265.140
311.789 265.111
323.999 262.977
335.865 263.867
345.270 266.800
351.801 272.115
288.659 278.051
287.897 295.077
286.671 311.541
284.839 330.655
256.202 333.087
267.080 340.477
280.122 344.809
292.467 344.886
303.580 339.738
232.756 276.254
240.442 275.739
253.096 277.587
260.363 279.726
253.024 282.726
241.056 282.698
308.639 284.627
320.963 281.604
331.478 283.616
335.261 288.897
328.415 294.199
316.423 291.033
245.875 368.129
251.852 363.225
261.222 362.261
277.237 366.083
292.967 366.327
299.862 370.334
301.928 376.045
297.066 382.508
288.330 387.786
273.436 388.499
257.607 383.728
249.146 376.169
247.910 367.813
260.269 369.879
275.613 374.172
290.766 374.331
299.392 375.184
288.917 379.607
275.172 378.737
259.949 375.055
248.554 274.619
326.067 285.179
