158.435 285.114
160.803 312.997
165.823 335.188
169.342 359.278
173.422 379.781
184.276 400.756
200.115 419.898
219.158 434.536
242.985 441.383
269.621 434.376
290.577 420.483
308.491 400.954
319.980 380.981
324.721 360.356
329.201 337.263
333.144 315.822
335.857 287.575
178.755 288.034
187.975 288.643
200.857 288.950
213.030 290.547
225.398 292.344
262.594 291.966
275.068 290.117
288.736 289.028
300.456 288.373
310.333 287.849
242.781 302.205
241.534 319.593
240.709 339.306
240.771 362.107
216.398 360.932
226.382 370.607
241.988 375.516
258.304 371.234
269.234 357.631
190.817 299.201
198.025 299.206
211.108 299.560
218.989 301.094
209.948 301.857
196.116 303.261
267.345 301.090
277.307 300.533
290.051 299.318
297.162 300.126
290.817 302.406
278.151 303.161
209.057 396.233
214.988 393.285
225.165 393.657
242.007 395.294
259.165 393.784
269.158 393.497
278.016 394.499
268.738 400.847
255.423 407.578
242.919 408.344
229.028 407.418
217.191 401.283
211.787 395.588
225.939 394.996
242.301 397.231
258.616 394.803
275.264 394.147
256.028 398.775
242.908 400.543
228.879 398.336
198.898 298.800
279.179 299.413
