156.740 266.627
164.572 292.978
169.712 313.702
173.448 332.862
178.522 349.316
187.229 366.071
203.649 378.247
222.939 387.025
244.109 390.201
265.502 379.937
286.698 365.432
307.329 346.813
320.078 327.081
326.312 307.882
329.205 283.988
327.914 262.163
323.549 232.874
155.892 245.687
162.115 241.661
171.960 238.485
182.448 237.764
194.502 239.034
233.663 224.926
245.083 218.615
258.634 214.813
271.494 213.256
284.612 215.221
214.546 244.928
215.897 261.570
217.200 277.356
220.010 294.174
207.152 311.192
215.360 315.772
227.272 315.108
240.609 311.899
249.188 301.123
170.807 260.372
174.621 256.939
188.910 255.075
198.109 258.397
188.191 262.036
176.742 264.114
242.869 245.996
249.174 235.214
262.701 232.357
272.686 237.137
264.814 243.930
252.713 246.338
204.996 348.525
207.792 341.005
213.759 335.211
228.363 332.217
244.959 330.866
256.141 333.558
264.521 339.018
258.011 344.677
247.459 352.014
233.953 354.809
219.501 354.705
211.214 351.430
207.543 348.092
218.609 341.606
231.336 340.045
246.209 337.372
262.315 338.764
244.941 340.547
232.363 343.333
220.173 343.764
180.910 254.727
256.767 237.574
