161.074 257.627
170.922 281.565
178.689 301.103
186.039 323.870
194.043 341.927
207.139 360.750
224.905 375.245
243.921 386.678
265.237 391.561
285.387 382.479
300.605 367.630
314.293 348.866
322.424 327.403
326.700 306.697
329.580 282.661
332.615 262.521
335.217 237.310
180.886 260.657
190.891 260.031
204.408 258.789
216.920 259.101
229.859 260.598
274.211 255.561
286.220 250.800
299.104 247.623
310.222 245.441
319.170 243.760
252.983 271.772
254.661 290.968
257.069 308.032
259.362 328.548
239.855 328.041
247.466 335.057
259.037 337.809
269.343 332.942
275.426 323.179
201.749 276.478
208.153 270.926
222.265 269.346
231.527 274.898
222.480 280.188
208.817 282.223
274.934 269.333
284.306 262.299
296.873 261.505
302.868 265.383
296.857 272.624
284.808 273.480
230.702 355.877
239.227 357.097
246.273 357.032
259.080 356.571
272.263 354.236
280.266 352.742
288.961 350.262
281.964 356.164
273.554 360.014
261.480 361.751
249.225 362.154
239.889 358.911
233.824 353.347
248.058 357.847
260.117 358.779
271.832 355.720
285.867 348.841
272.146 354.339
260.868 355.536
249.094 355.710
215.500 273.886
290.035 265.612
