188.517 274.656
194.678 295.023
196.231 311.400
193.408 325.765
193.382 337.455
196.963 343.030
206.027 344.758
215.672 346.012
232.379 346.883
256.495 342.012
281.692 338.623
307.812 332.632
328.040 325.012
337.245 312.468
340.870 293.941
345.135 275.465
352.597 251.684
185.265 227.653
189.304 221.986
197.135 217.027
206.058 214.770
216.649 214.998
246.444 207.567
256.718 202.504
269.602 200.955
281.655 202.099
294.116 206.662
231.897 223.304
228.787 234.906
224.717 241.828
220.983 249.663
216.682 275.687
222.339 276.803
229.538 275.031
241.512 273.801
252.877 270.092
195.366 239.137
199.025 232.842
209.810 231.057
217.387 233.988
208.236 235.043
197.512 237.475
259.284 227.337
264.278 220.656
275.322 217.261
286.458 221.357
277.936 222.723
266.361 224.662
210.927 307.775
212.533 301.160
215.770 294.393
230.081 289.681
248.090 288.268
258.265 292.723
267.001 299.120
256.749 300.572
244.614 302.748
229.997 306.504
217.389 307.707
213.294 307.497
214.126 307.360
220.638 302.012
233.369 297.250
250.653 296.010
264.936 299.074
245.173 295.759
231.657 298.604
219.139 300.982
205.804 230.523
273.723 218.195
