205.313 256.193
202.598 281.477
198.908 300.468
187.788 318.260
180.160 333.291
165.998 346.728
152.184 359.917
144.780 369.824
148.283 376.628
164.816 371.487
190.319 363.484
220.749 349.226
249.699 335.214
270.619 319.081
284.252 295.867
291.746 272.835
297.938 242.654
143.508 225.882
140.044 221.188
140.231 218.463
141.946 218.427
146.151 220.617
163.357 207.715
170.586 202.357
180.854 200.576
191.655 201.390
207.267 206.562
152.086 227.144
143.617 243.340
134.676 258.322
126.858 274.993
142.351 284.847
140.312 291.912
142.225 295.565
149.649 295.038
163.313 288.545
148.973 238.079
145.215 237.079
151.405 236.585
155.154 236.227
150.087 238.347
144.509 240.242
174.273 231.536
174.171 222.741
181.546 220.906
193.915 227.058
182.071 232.339
174.474 233.885
146.904 319.457
139.615 312.355
134.863 309.123
134.178 311.246
141.390 314.117
153.409 319.747
169.502 328.276
157.588 334.055
144.515 338.789
136.085 339.881
136.103 338.296
141.903 329.919
148.991 319.538
138.388 315.930
136.358 319.187
146.522 323.511
167.863 327.766
144.232 331.490
138.622 332.345
138.632 330.775
147.194 232.707
178.052 226.940
