167.456 296.048
181.215 319.052
190.340 339.208
196.745 359.008
205.086 375.050
220.614 391.614
239.715 407.467
261.841 421.331
284.840 423.721
304.027 410.610
316.141 390.116
325.740 367.777
330.827 346.936
330.182 328.290
329.977 308.149
332.242 286.889
336.826 259.717
197.946 288.373
207.385 285.622
219.749 283.810
231.454 283.840
243.701 285.364
280.362 275.498
290.619 268.710
301.628 263.928
310.647 260.956
318.345 260.935
264.239 296.432
267.871 315.756
270.835 331.379
274.280 347.283
251.025 352.166
261.403 357.409
274.293 357.903
285.313 351.723
292.415 342.182
213.694 306.295
221.918 303.099
234.036 302.214
240.915 304.747
234.195 309.066
222.348 310.501
286.002 293.168
294.491 287.268
305.832 283.421
310.602 284.437
305.054 291.670
295.011 293.797
236.660 379.038
245.440 372.355
256.181 370.383
276.578 368.614
294.364 361.206
304.086 357.791
310.195 360.904
306.152 376.871
297.901 391.997
281.214 401.923
262.784 401.886
247.920 393.207
238.582 379.444
255.791 373.449
277.757 372.239
295.563 363.357
308.411 361.306
294.674 383.183
279.760 392.389
261.680 393.068
229.289 303.577
301.286 285.943
