215.730 285.077
215.996 310.226
213.396 330.498
206.052 346.796
200.941 359.872
187.700 372.674
178.678 379.011
173.720 381.990
180.450 381.361
198.775 372.048
227.569 360.660
260.880 345.426
291.134 329.100
310.781 311.760
319.126 288.715
321.031 266.068
322.482 237.305
162.806 255.470
158.658 248.621
158.889 242.146
161.440 238.848
166.843 237.628
188.051 224.558
195.756 217.870
207.038 213.914
219.783 212.354
237.022 214.024
175.514 240.475
167.506 253.156
159.561 266.912
153.628 285.882
172.374 301.481
170.356 304.080
174.686 302.791
189.143 295.765
203.484 286.488
172.295 262.154
168.893 254.957
175.435 251.570
183.778 253.382
175.590 256.209
170.628 261.539
208.853 240.719
208.772 233.043
215.549 228.928
226.506 231.881
218.087 235.387
209.449 238.690
173.034 335.865
166.647 323.509
166.089 316.805
173.489 313.836
185.295 307.891
198.932 309.092
211.862 317.845
197.627 329.391
182.004 338.018
174.837 340.857
169.210 342.384
170.547 341.580
174.473 336.002
168.006 323.459
175.489 319.123
190.105 313.645
210.764 318.428
185.493 329.765
176.910 333.558
171.288 336.526
173.224 254.389
214.540 231.915
