187.999 263.835
197.030 285.141
205.921 302.708
209.415 321.366
212.497 336.871
214.248 356.212
218.879 376.284
229.785 392.936
246.967 398.464
264.936 392.694
282.573 376.050
298.694 354.074
312.293 333.019
318.173 313.939
319.623 292.978
323.011 273.215
321.504 246.452
166.312 256.083
164.955 253.021
170.042 252.187
177.453 253.800
187.234 257.653
220.423 253.307
230.733 246.669
243.688 242.377
256.625 241.140
269.759 243.523
203.309 273.911
202.627 296.580
201.560 317.355
201.804 338.117
206.137 335.447
210.102 341.934
217.182 346.576
229.770 341.570
239.493 330.306
177.109 273.411
178.772 269.181
188.706 270.213
196.350 277.029
188.292 281.247
180.548 280.660
233.047 275.523
236.462 266.942
248.148 264.707
258.899 267.552
252.277 275.432
240.755 278.517
209.952 364.202
211.082 362.027
213.471 363.651
220.747 365.196
231.094 363.506
242.080 360.103
252.037 361.842
246.247 373.802
236.182 382.794
229.328 382.769
222.315 380.450
215.707 373.446
212.510 362.638
217.640 365.125
224.243 368.208
235.786 364.763
251.705 360.609
236.266 372.202
228.668 372.705
221.635 371.431
182.467 273.904
242.217 270.098
