150.007 263.714
152.846 290.857
157.104 312.146
162.429 328.524
170.681 342.004
189.038 351.688
212.615 357.312
236.635 361.115
262.269 364.288
284.372 360.369
297.952 356.790
308.981 349.824
314.445 339.977
316.228 326.266
317.452 306.283
319.524 286.288
318.723 259.952
181.500 225.832
193.882 220.169
207.768 216.831
220.069 216.359
232.493 218.326
276.913 216.438
287.570 213.616
298.321 214.003
307.407 216.341
314.693 222.812
256.197 228.787
258.481 242.784
261.314 254.521
263.727 270.363
232.328 284.111
244.919 287.226
258.911 286.449
271.169 287.005
279.464 283.293
196.981 242.425
205.815 238.025
218.398 238.656
225.699 241.544
220.420 242.873
206.909 245.192
276.234 239.804
288.121 235.239
297.965 236.145
301.775 240.306
297.675 242.554
286.228 241.456
225.148 319.913
233.002 310.643
244.637 301.595
261.305 298.176
277.356 300.883
286.284 310.708
291.441 319.746
285.665 321.029
275.398 322.976
261.135 323.483
247.474 323.070
234.891 320.962
229.263 319.375
245.000 313.664
260.719 310.032
275.532 313.054
287.392 319.243
275.069 313.494
260.729 313.330
246.674 313.605
212.378 239.614
291.901 238.015
