196.666 210.425
204.397 230.532
209.334 246.347
207.761 273.918
209.114 295.986
209.130 323.266
209.577 347.668
212.635 367.229
222.113 382.006
235.972 384.990
248.398 378.094
260.911 365.521
274.342 348.642
282.242 329.716
287.063 309.752
290.644 298.398
296.206 282.732
148.434 227.525
143.001 230.769
142.762 236.815
145.773 244.188
151.318 253.409
171.638 270.965
179.030 272.287
189.625 275.628
201.402 279.612
216.301 283.621
159.559 276.894
153.433 295.325
148.099 310.929
144.537 327.582
164.710 316.863
163.415 325.726
166.287 332.271
176.271 334.577
186.536 329.603
158.312 249.014
151.141 251.647
157.711 257.990
164.630 265.837
157.673 265.204
154.016 259.881
189.279 287.984
187.978 288.452
197.205 293.329
211.803 297.158
201.008 301.894
190.947 295.174
178.688 343.894
166.949 342.883
162.756 345.654
165.914 350.415
177.049 354.621
191.327 359.548
207.915 365.550
213.515 374.476
210.784 379.896
203.521 378.835
195.310 370.512
188.636 357.960
181.995 344.082
170.174 347.865
174.371 353.545
185.028 357.812
207.946 364.013
206.952 373.306
200.313 372.666
192.248 364.810
153.805 256.438
192.255 290.090
