192.207 256.996
194.462 281.186
193.580 303.081
192.931 331.430
196.246 355.018
203.093 381.525
215.283 404.080
230.366 420.949
248.298 430.923
269.870 427.580
289.486 416.498
308.207 396.920
322.411 372.458
332.447 348.002
339.384 319.026
342.213 296.754
348.228 270.963
193.075 234.177
199.151 230.094
209.011 231.768
219.713 237.638
232.002 246.637
277.816 250.009
292.574 243.266
308.142 239.284
320.787 239.179
330.662 245.485
252.078 268.096
249.025 287.803
245.766 303.359
242.600 319.743
222.863 314.265
229.935 322.336
246.186 330.547
263.542 327.015
276.550 321.526
204.286 265.304
209.299 261.926
221.334 263.942
231.514 272.075
221.670 275.177
208.717 273.231
279.424 276.900
289.972 270.152
303.288 271.087
310.201 276.898
301.936 283.293
288.868 282.223
214.922 365.657
216.153 349.687
225.541 345.878
244.362 347.834
264.992 349.947
279.122 357.018
283.016 375.667
274.689 398.072
259.524 412.102
245.620 415.019
232.033 407.311
221.240 389.116
218.074 368.101
224.585 354.750
245.569 355.742
268.310 361.120
280.431 377.902
261.388 404.746
245.588 409.482
231.349 399.328
215.503 266.320
295.530 274.454
