148.960 274.078
150.646 303.259
152.070 326.749
161.173 347.586
170.882 365.490
188.488 385.151
216.118 397.052
243.671 405.000
267.175 409.374
283.614 403.163
292.198 394.293
301.355 382.065
300.900 365.166
301.927 348.644
303.810 327.316
303.496 306.654
307.162 279.496
210.065 265.817
223.439 265.209
238.722 265.402
251.663 267.443
262.917 270.509
298.624 272.974
308.615 270.350
316.646 268.848
321.384 268.626
322.313 269.677
279.007 281.111
281.122 297.633
284.487 313.613
288.978 333.180
244.438 333.380
258.131 341.485
276.084 346.647
287.073 342.346
292.531 334.167
218.302 283.087
229.012 280.973
241.679 281.560
247.644 284.851
241.782 285.367
228.714 285.464
290.247 285.703
300.813 284.785
311.256 283.695
312.727 285.554
311.371 287.371
301.397 286.145
229.150 364.190
239.891 355.527
255.495 353.111
276.935 355.222
291.756 353.028
296.113 354.420
293.985 360.884
291.771 370.831
283.899 379.348
272.141 381.598
257.429 380.487
242.139 373.987
231.941 364.829
251.670 359.198
273.364 361.687
288.861 358.093
291.963 361.053
283.955 369.662
271.010 371.419
255.517 370.828
238.562 277.695
308.653 279.951
