193.530 233.641
195.950 260.598
196.077 282.533
192.843 307.107
192.921 327.074
195.687 349.758
202.114 369.182
211.416 384.093
229.194 392.207
252.413 388.427
275.010 377.753
298.967 361.306
318.850 341.607
330.557 321.216
338.632 296.275
345.143 274.459
354.808 246.202
177.554 217.786
180.685 215.076
189.091 215.154
198.663 217.933
210.044 222.846
250.577 225.421
263.545 222.159
278.856 221.351
293.251 222.600
307.529 226.978
227.277 238.910
220.632 256.479
214.295 273.607
208.790 293.244
208.933 299.920
211.213 305.618
217.656 308.393
230.215 308.687
243.394 304.518
189.503 240.400
190.546 236.160
202.275 236.983
214.015 243.530
201.952 247.430
191.806 247.230
259.376 247.901
266.835 242.884
279.053 243.457
290.815 248.980
281.777 254.431
267.968 253.168
201.224 341.714
202.099 333.392
206.375 328.555
216.031 327.572
228.956 330.623
241.839 337.591
249.677 346.323
241.117 350.591
228.442 354.646
218.835 353.290
209.506 351.557
203.770 346.447
203.173 340.062
210.859 337.029
220.020 337.601
233.378 339.664
249.823 344.594
230.204 341.576
219.814 340.235
209.978 339.630
196.217 237.119
272.448 243.592
