204.155 259.155
211.250 289.687
220.255 312.469
238.169 330.463
256.079 344.458
286.261 356.312
317.485 363.703
344.452 368.988
362.778 371.818
368.787 367.121
364.906 362.066
357.198 353.872
340.855 344.262
329.403 333.113
320.546 315.225
314.574 294.663
309.564 268.338
287.573 220.624
301.813 215.308
314.389 212.585
324.071 213.079
332.189 216.544
355.110 218.850
359.238 217.400
360.986 219.106
359.965 222.782
355.697 229.809
348.809 228.385
358.988 240.322
370.224 251.945
380.713 266.584
339.925 285.187
354.196 288.400
364.709 289.389
365.560 289.593
362.130 284.818
300.953 240.291
310.223 241.962
316.346 242.612
319.534 242.126
319.856 241.571
313.268 241.278
347.784 244.800
356.408 247.207
359.274 246.804
356.898 246.671
360.581 245.514
355.696 245.029
333.447 325.649
346.094 316.454
358.691 311.197
370.934 310.268
375.288 310.869
374.952 316.953
369.292 327.321
371.903 330.039
372.940 330.089
369.139 330.532
358.447 330.022
345.201 328.491
334.117 325.892
353.170 319.216
366.469 318.898
371.983 319.278
367.330 327.535
370.359 324.871
366.060 324.428
353.841 323.779
314.793 231.909
357.860 236.192
