167.038 262.197
174.101 286.741
177.828 306.332
186.694 325.080
197.698 340.821
215.375 356.301
238.673 365.457
262.138 370.186
282.598 368.554
299.930 360.549
310.666 349.115
320.962 334.782
325.100 318.167
325.911 301.406
325.381 281.423
321.960 263.304
321.955 238.684
198.709 244.812
209.892 241.665
224.110 239.004
237.204 239.066
250.047 241.202
292.264 235.086
303.127 229.785
313.611 226.406
321.840 224.990
326.711 225.530
271.166 250.508
273.659 265.241
278.120 277.571
283.729 292.213
251.153 303.909
263.544 309.685
279.542 310.143
291.553 304.396
298.455 294.622
212.612 261.311
222.859 256.053
236.005 254.994
242.577 258.714
234.851 262.538
222.350 265.080
292.084 250.938
302.748 245.002
313.046 241.962
317.345 244.158
314.493 250.199
302.152 252.089
246.072 338.575
252.024 329.121
263.639 323.319
282.427 321.563
296.844 316.145
305.043 317.367
308.228 324.890
301.921 332.863
292.030 341.338
282.568 343.363
271.378 344.799
257.803 342.208
247.021 337.807
262.575 327.642
281.574 324.588
296.395 320.441
305.931 323.707
292.134 333.359
281.274 336.814
269.124 338.092
229.715 255.636
308.716 243.445
