187.454 244.269
196.838 270.276
205.982 291.014
215.958 313.347
226.510 330.759
248.770 344.663
274.689 357.235
302.898 367.018
329.231 370.722
348.348 359.718
354.626 345.752
354.821 330.177
353.281 316.770
349.060 300.989
346.642 279.734
347.468 260.920
345.812 235.932
237.150 202.493
251.253 194.797
267.703 191.574
281.599 192.494
294.259 196.423
333.733 197.512
343.519 193.677
352.196 193.083
358.272 195.097
360.845 201.599
315.638 211.579
320.983 230.283
326.871 245.905
332.992 262.164
299.048 284.574
311.673 286.618
326.710 284.913
336.790 283.188
339.630 272.676
257.293 223.510
266.935 215.402
280.023 215.670
286.468 223.887
280.291 226.931
267.750 227.526
329.618 222.529
340.007 217.396
350.797 216.325
353.013 220.960
351.480 224.495
342.409 224.910
289.896 320.853
297.090 312.629
309.387 307.538
331.216 303.485
345.221 302.547
350.666 304.962
351.148 309.951
348.568 317.342
341.679 324.545
331.964 326.528
318.120 328.302
301.928 325.391
292.168 320.697
308.398 315.609
327.232 313.768
340.705 310.350
347.875 311.125
340.720 313.172
329.631 315.702
315.368 317.691
273.310 214.425
344.743 212.619
