193.044 256.794
201.970 279.201
209.255 297.936
215.880 314.941
223.466 329.876
234.174 346.328
248.781 358.491
265.010 367.823
284.697 369.402
304.490 359.152
320.182 343.925
333.724 326.459
340.051 307.769
341.137 290.175
341.433 271.353
340.567 251.661
338.528 225.455
194.387 246.097
199.023 243.066
208.252 241.233
218.956 241.724
231.015 244.116
268.240 237.384
278.456 231.111
290.458 226.099
301.251 223.131
311.587 222.746
252.224 254.556
255.078 270.546
257.806 283.619
262.393 297.743
248.237 310.440
259.547 313.174
272.118 310.536
282.470 305.703
289.210 296.576
206.936 263.529
211.553 258.631
222.888 257.994
235.098 263.186
226.847 268.812
214.868 270.321
276.575 255.927
284.713 246.991
297.813 243.901
305.664 246.247
300.000 254.799
287.259 257.931
255.507 333.032
256.987 330.170
265.450 326.722
280.730 323.172
292.446 318.878
300.424 317.568
306.407 317.895
302.988 325.572
296.905 333.790
286.541 338.972
272.938 340.444
263.615 337.324
256.226 330.976
267.591 331.555
281.584 329.959
294.112 324.600
304.595 318.958
294.610 327.072
284.534 331.316
271.745 333.209
218.877 262.176
291.362 249.431
