188.645 238.219
192.474 262.617
197.307 282.304
205.922 301.045
214.501 316.623
235.122 329.734
261.415 340.384
289.608 348.599
316.917 354.015
335.852 351.194
343.073 346.429
344.801 337.387
342.401 328.267
339.173 315.766
340.508 298.219
343.046 281.257
344.016 257.947
241.634 194.909
256.037 188.527
272.460 186.637
285.902 188.578
298.238 193.574
337.909 203.322
347.022 202.322
354.957 204.778
360.340 209.416
361.834 217.099
319.642 209.242
321.710 222.137
325.490 233.252
330.796 245.842
297.138 269.153
307.893 270.289
322.157 269.989
333.169 272.021
336.837 266.792
257.400 219.292
269.602 210.542
281.815 213.660
286.963 222.069
279.764 222.555
267.116 221.607
329.898 228.373
340.232 226.967
351.338 228.512
351.845 234.438
349.609 234.251
339.578 231.478
282.781 299.700
291.305 290.929
304.304 285.497
322.721 284.076
337.613 287.955
343.315 293.536
343.947 301.366
340.042 306.030
332.226 308.882
322.140 307.633
309.100 308.095
293.066 305.012
284.634 300.467
301.957 294.956
319.503 294.415
333.728 295.934
340.465 302.137
333.530 299.726
321.542 298.471
306.420 299.102
275.014 214.598
345.356 224.980
