172.569 225.563
177.355 246.771
180.233 262.959
176.783 283.394
176.137 300.407
174.669 323.960
172.579 349.921
176.177 372.025
188.213 385.524
205.539 389.329
229.123 379.808
254.519 362.211
278.066 344.482
289.346 324.824
294.555 303.480
297.498 285.691
302.923 261.180
132.597 249.440
131.568 254.501
136.011 260.346
142.781 266.451
151.907 273.609
182.502 285.503
192.359 285.077
205.822 285.340
220.110 285.692
237.485 285.253
169.133 291.645
168.762 308.921
165.683 325.815
164.166 341.502
164.707 326.063
167.218 337.439
173.968 345.543
186.371 346.689
198.725 338.874
145.539 269.423
143.604 272.402
152.641 276.613
161.040 281.462
153.889 283.432
145.934 279.487
196.968 295.932
199.497 295.368
210.487 297.782
223.952 299.123
213.656 306.622
202.419 303.456
158.411 354.654
155.865 351.900
158.360 353.060
167.701 361.007
181.813 365.981
191.951 371.911
197.413 376.332
191.120 382.370
180.613 385.717
170.593 381.486
161.680 373.946
158.678 364.018
161.504 354.168
162.800 359.262
172.040 366.256
184.409 371.510
196.981 373.686
180.732 377.144
170.082 372.946
161.841 366.635
148.303 275.759
206.306 298.561
