196.105 252.348
197.752 277.248
198.196 297.039
202.940 319.316
210.758 337.455
229.172 358.403
251.682 375.725
273.304 388.828
293.468 395.069
311.765 388.534
324.933 374.699
337.815 356.519
345.224 335.403
348.336 314.801
351.048 292.837
353.095 274.104
357.509 250.031
240.627 265.376
253.260 267.463
267.293 270.361
279.349 274.200
291.054 278.864
335.451 277.778
346.501 272.600
355.757 267.993
362.298 264.535
366.531 261.989
310.277 290.288
310.324 305.257
312.844 320.453
314.670 336.018
280.700 333.535
293.871 339.551
307.138 340.018
317.270 338.412
325.602 330.291
248.308 280.246
260.263 279.893
273.358 281.080
278.945 287.328
271.806 290.483
256.990 290.029
329.855 287.474
341.255 280.938
352.608 278.789
355.087 278.974
351.712 288.252
340.615 290.771
273.806 357.852
281.663 357.736
291.901 355.524
307.150 354.552
319.425 353.492
325.060 354.648
326.443 354.683
321.950 363.627
313.693 372.727
301.838 375.047
289.607 371.968
280.074 363.885
275.820 356.556
290.578 360.213
304.655 362.081
316.314 358.638
323.248 354.007
315.365 365.315
303.952 367.734
292.308 365.273
267.619 282.801
347.782 282.058
