176.125 261.506
172.749 283.333
168.180 301.117
159.148 318.081
154.171 331.737
148.967 342.871
150.036 350.812
156.792 357.010
170.689 363.517
193.614 363.767
220.907 364.083
250.265 359.315
274.466 350.589
290.476 337.051
300.895 315.814
308.377 296.294
317.727 272.393
161.765 218.188
165.232 210.243
171.483 206.144
178.026 206.420
185.616 210.678
220.576 210.074
232.893 206.523
246.848 207.509
259.059 212.204
270.685 222.377
197.404 227.047
189.361 244.568
181.433 254.229
173.052 265.480
165.279 285.335
169.869 288.665
176.825 290.224
188.384 291.615
201.596 288.134
162.281 236.899
164.026 229.479
173.889 230.997
181.148 238.115
170.641 238.523
161.576 238.649
224.053 240.524
230.778 231.849
243.096 233.838
252.192 241.264
240.506 243.004
229.258 242.317
155.367 318.062
156.627 312.808
160.517 309.488
170.430 309.412
184.986 312.615
198.490 319.218
209.944 325.249
197.970 326.817
183.775 325.418
169.882 324.544
160.871 322.570
158.244 320.846
158.617 318.429
164.031 317.330
173.608 318.149
189.788 321.436
208.527 325.116
186.694 320.935
172.170 319.932
163.483 317.453
166.808 232.920
235.376 236.263
