201.809 275.781
206.182 296.663
209.643 314.489
213.010 334.742
218.701 350.790
233.006 369.829
250.449 384.014
268.910 392.094
284.528 392.748
295.658 385.507
303.866 371.849
310.768 353.736
311.806 332.612
312.029 313.499
315.439 294.075
320.767 275.754
329.644 253.570
266.669 283.306
280.297 283.577
293.204 282.910
303.166 283.279
311.462 285.571
342.193 279.667
351.553 274.598
359.672 271.023
364.298 268.585
364.293 266.472
323.013 297.905
323.138 317.186
325.572 332.327
326.359 347.202
294.374 352.702
304.419 355.078
313.816 354.956
318.218 351.524
324.934 343.083
274.934 300.976
286.160 301.139
296.101 300.536
299.094 303.213
294.604 307.616
283.560 308.232
335.684 295.418
347.139 291.279
355.257 288.342
354.322 286.779
353.117 294.778
343.667 297.931
280.951 381.696
290.300 375.791
300.678 372.226
312.099 370.779
319.048 366.165
320.826 366.989
319.503 370.087
315.344 375.213
311.557 383.185
302.190 389.966
290.002 389.482
282.370 385.239
280.812 379.956
297.183 377.317
309.099 375.714
315.725 371.258
316.755 368.815
312.537 379.807
303.387 385.502
292.170 385.079
289.655 303.306
349.415 292.200
