205.934 289.428
209.030 314.570
211.049 335.497
205.099 357.766
200.448 374.677
189.643 393.030
185.269 405.804
184.629 415.096
192.501 420.374
208.579 413.686
231.654 404.202
259.946 388.669
286.000 367.084
304.199 345.328
313.779 317.856
314.037 293.219
310.780 262.122
150.549 283.808
146.151 281.567
146.073 279.789
148.501 278.839
154.142 279.231
171.742 273.183
177.016 269.146
185.685 266.591
195.867 264.602
212.007 263.784
164.377 286.485
160.203 301.884
153.335 318.501
148.327 335.008
169.345 342.944
168.436 349.561
169.582 351.862
181.272 348.468
193.799 338.463
156.492 296.047
151.031 293.141
156.585 291.844
164.189 294.569
157.844 299.041
153.942 300.707
189.597 287.797
186.843 282.898
194.721 281.085
207.041 281.729
197.740 288.680
190.325 290.358
174.011 379.903
167.552 375.820
165.350 371.690
170.095 372.393
180.674 370.478
190.473 372.208
204.657 376.486
195.064 381.503
184.959 386.734
174.996 388.292
170.540 387.150
170.995 383.682
175.866 379.010
171.357 377.923
176.381 378.018
186.982 376.000
203.545 375.739
183.832 378.227
175.284 378.197
170.793 378.963
154.419 293.407
192.228 282.752
