192.409 270.139
196.265 293.504
198.479 312.994
195.368 333.805
192.927 350.943
184.402 369.305
175.964 385.123
170.068 396.028
172.624 401.173
185.851 396.955
205.877 387.667
228.717 372.074
251.068 354.566
264.847 335.402
271.145 311.733
274.179 289.695
274.380 260.707
131.791 270.794
126.075 269.423
125.344 268.280
127.514 268.917
132.448 271.141
145.501 268.500
149.798 264.890
157.373 262.963
166.990 262.555
182.610 262.894
140.352 282.421
135.417 298.957
132.042 315.062
129.492 332.903
151.902 329.469
150.285 337.623
151.542 341.978
160.307 336.887
168.455 328.391
138.718 278.071
134.333 275.730
139.784 276.763
144.870 282.159
138.158 284.415
135.633 284.469
162.536 280.572
160.589 274.320
166.552 271.383
177.160 274.300
168.569 280.979
161.975 282.090
164.605 357.965
156.538 352.462
152.653 351.695
154.483 353.060
163.983 351.024
173.680 351.680
184.950 357.731
176.141 366.238
167.792 372.895
163.267 375.576
160.477 372.464
162.467 366.824
166.324 357.301
156.723 355.452
158.448 357.858
167.961 354.894
185.499 356.148
166.453 368.558
163.074 369.921
160.366 368.828
137.337 280.716
165.867 277.929
