172.537 252.141
183.994 278.597
196.482 300.076
210.142 322.922
222.142 342.996
242.133 364.614
266.097 380.540
289.505 391.171
311.879 393.539
326.851 380.243
332.608 363.747
336.826 341.636
335.270 317.118
332.750 295.421
330.804 271.930
332.152 250.328
333.030 223.482
218.564 218.358
231.007 211.473
245.921 206.930
258.974 206.090
271.497 208.272
310.963 199.273
319.610 192.727
328.616 189.431
336.334 189.365
340.927 194.319
295.230 220.252
302.077 240.352
308.531 255.926
315.313 273.384
281.357 287.978
292.954 292.038
305.884 291.896
314.002 287.315
317.267 280.433
235.266 236.266
243.751 229.142
254.361 228.647
262.244 235.380
256.538 240.964
245.000 242.155
310.035 227.165
319.837 216.365
327.950 214.498
332.445 219.806
330.264 227.215
319.924 229.579
278.018 332.994
285.545 321.433
295.381 316.151
309.292 311.940
317.978 310.382
322.056 312.679
322.858 322.502
320.022 336.417
316.267 347.616
309.244 354.775
297.169 353.423
285.933 345.584
278.205 333.039
291.864 320.316
306.542 315.078
316.154 314.170
319.958 321.889
313.232 340.636
306.312 349.340
294.465 346.823
250.444 233.987
323.636 221.526
