163.110 262.150
167.529 284.579
167.312 301.921
166.032 322.902
166.329 340.997
167.656 363.064
176.597 381.986
186.908 399.048
202.183 408.790
222.167 405.118
242.841 395.317
265.251 383.466
280.600 364.340
289.911 345.847
298.747 327.139
304.465 309.764
313.401 287.837
155.761 272.428
160.572 275.310
169.543 278.630
179.136 283.050
189.775 288.048
224.626 292.551
237.047 290.971
251.336 290.797
263.635 291.119
275.126 291.167
204.864 302.798
201.176 320.093
197.387 336.577
192.627 355.671
185.867 350.283
190.830 358.601
198.026 363.255
209.709 361.632
221.221 354.160
164.849 290.505
167.811 290.788
180.392 294.265
190.270 299.089
179.664 299.095
166.633 297.281
234.079 305.780
242.851 305.346
255.451 305.660
265.210 308.333
255.730 312.318
240.909 310.216
174.805 369.736
177.620 370.403
183.477 372.581
196.300 376.192
213.445 378.599
223.915 380.866
232.712 382.537
224.794 388.757
212.294 397.415
196.345 396.903
183.386 391.112
177.396 379.338
178.394 368.795
186.200 376.059
198.389 381.452
214.254 382.066
230.517 381.180
211.668 389.171
196.036 389.313
183.540 382.919
171.458 292.803
245.904 305.631
