184.663 287.999
192.670 313.081
203.222 331.998
216.869 350.131
230.464 365.644
251.495 379.859
275.516 387.734
300.065 392.011
322.420 389.603
335.843 378.374
340.682 365.638
343.915 350.093
340.081 333.789
335.707 317.701
333.840 298.436
333.833 279.156
331.686 254.070
237.037 260.132
250.978 255.167
265.425 251.004
277.932 249.373
289.334 249.380
322.272 240.977
331.562 236.302
340.776 233.637
347.480 232.910
349.622 234.523
308.961 255.244
316.844 268.337
324.599 283.170
333.023 301.416
295.077 315.805
306.960 319.823
320.940 320.535
327.144 315.591
326.893 304.982
251.345 272.789
262.384 267.336
272.967 265.048
278.718 267.860
273.090 270.264
261.225 273.590
318.898 257.761
329.093 253.518
337.865 250.777
340.332 252.179
339.121 255.129
329.899 257.208
277.787 351.666
286.241 340.839
299.272 336.328
319.324 332.461
332.338 327.424
336.967 327.843
337.552 334.592
335.523 345.422
330.658 354.642
320.455 358.934
307.171 361.342
292.378 358.057
278.649 351.152
296.035 339.617
315.188 336.620
327.726 330.711
335.041 333.781
329.009 345.105
317.733 349.778
303.112 352.420
263.334 265.517
330.748 250.250
