184.777 261.748
187.062 284.190
188.755 302.540
187.090 318.510
186.307 333.235
184.554 350.327
189.597 365.180
197.910 379.261
212.900 388.558
232.615 387.239
252.565 380.216
273.000 369.548
287.877 353.606
298.834 338.794
308.607 321.860
316.314 305.226
324.217 281.876
174.433 251.158
176.442 250.385
182.715 251.053
190.509 253.549
200.165 257.359
235.600 261.879
246.416 260.047
259.289 259.613
271.408 260.496
283.596 263.976
216.031 270.550
211.542 285.916
206.084 300.130
200.445 318.524
200.255 319.345
202.810 325.847
208.795 331.052
220.139 329.814
229.418 324.359
185.593 267.188
187.518 263.854
197.468 265.334
204.565 272.465
196.095 274.015
187.828 272.250
244.258 278.543
248.763 273.495
259.586 274.958
266.141 279.381
261.642 282.735
250.844 282.557
194.357 342.356
195.965 342.000
199.113 343.636
207.657 347.086
220.577 348.833
231.973 350.320
241.155 353.379
232.973 358.474
220.388 363.441
211.090 363.765
202.366 358.375
197.640 350.221
196.939 342.492
203.093 344.668
211.521 347.953
224.257 350.294
240.178 352.503
222.717 354.071
212.874 354.682
204.860 349.806
192.527 266.660
255.406 276.064
