175.752 242.383
176.858 263.798
175.831 282.106
172.199 303.753
171.521 321.890
169.854 344.151
173.316 364.268
181.988 381.413
194.686 393.462
212.978 394.221
234.421 389.746
256.910 379.390
276.479 362.771
289.568 346.143
297.346 327.160
301.475 309.318
304.799 287.253
146.514 255.829
147.324 257.807
152.186 260.258
158.830 263.735
167.416 269.302
198.626 281.241
209.345 282.694
222.423 285.744
234.919 287.978
247.897 290.183
180.635 290.569
176.996 310.413
173.039 324.950
168.886 338.424
169.119 339.033
173.258 347.385
178.425 351.185
187.237 353.152
197.968 350.420
148.269 274.785
148.857 274.966
159.014 279.659
166.790 287.183
157.218 287.785
148.552 282.943
208.669 302.981
212.705 300.802
225.524 303.251
236.729 306.668
226.005 311.427
213.961 309.025
166.821 359.168
168.792 361.437
170.971 364.956
178.260 369.669
190.586 372.945
201.622 375.414
212.556 378.395
205.702 383.563
194.957 386.380
180.809 383.955
170.686 376.364
167.473 367.522
169.734 357.757
176.933 364.899
183.999 370.631
195.221 373.638
212.432 375.928
194.033 379.977
180.067 376.499
170.372 369.998
153.274 280.695
218.868 305.013
