188.288 256.388
190.781 278.965
193.115 296.758
186.829 319.665
183.287 337.045
177.764 351.426
174.895 362.588
173.720 371.017
181.657 373.955
197.932 366.561
222.453 353.771
249.410 335.850
273.744 316.848
287.731 295.620
293.371 269.672
292.891 248.744
290.878 221.214
135.485 236.325
129.939 231.810
128.919 228.978
131.717 228.389
138.211 229.397
159.016 221.539
165.888 214.924
176.916 209.763
189.414 206.922
205.961 207.646
150.005 239.241
146.540 258.357
141.708 277.066
138.627 295.896
156.907 301.125
156.953 306.405
160.536 307.793
171.289 301.227
180.345 289.256
142.501 250.913
138.800 247.133
144.278 245.105
151.921 249.119
145.248 253.847
140.453 255.911
180.135 239.252
179.839 233.345
187.994 229.198
200.928 229.996
192.511 237.232
182.767 240.283
164.216 331.884
158.639 327.194
156.695 324.363
161.779 322.366
175.224 318.038
188.356 316.649
199.994 319.146
191.865 325.334
181.063 331.227
171.460 336.458
163.974 337.252
163.408 335.228
166.489 330.558
163.748 327.438
168.475 326.522
182.663 321.034
199.645 318.867
179.975 325.502
168.340 330.528
162.765 331.751
142.674 250.445
186.226 234.050
