230.677 291.055
229.813 312.422
225.392 329.250
213.493 347.841
203.572 361.715
186.708 373.220
171.944 381.281
160.918 388.189
159.907 392.859
168.925 385.884
187.072 377.876
210.530 366.476
236.075 352.522
254.105 335.164
264.999 311.303
269.118 291.559
271.899 263.525
167.332 269.107
160.218 266.957
155.663 264.983
154.626 264.396
156.876 264.735
160.245 258.643
162.654 254.121
168.381 250.373
176.406 247.771
187.593 247.007
159.443 270.430
153.363 281.571
145.360 291.017
134.678 302.840
155.678 317.670
149.699 322.212
144.943 322.049
152.422 320.358
162.599 310.731
171.390 281.213
164.035 276.413
166.492 275.961
170.581 279.295
163.341 280.046
164.232 281.298
177.127 272.114
173.824 266.503
177.740 261.781
188.218 264.408
178.439 265.811
173.258 269.150
153.013 349.131
146.124 342.476
141.536 337.679
139.407 335.185
144.946 335.589
152.298 339.408
162.381 344.176
156.502 350.492
147.238 356.873
141.767 358.893
142.465 358.016
148.081 353.616
155.209 348.960
149.330 344.955
147.590 343.999
151.642 343.149
164.266 344.986
149.022 343.809
143.723 345.829
145.273 345.780
165.480 277.740
177.425 265.236
