162.242 256.921
169.448 281.713
176.571 300.764
181.582 324.334
188.084 343.332
202.842 360.851
223.319 374.573
245.816 383.509
270.731 385.646
294.923 376.932
312.672 364.433
326.580 346.302
333.216 327.296
333.655 307.062
334.439 282.565
337.675 262.850
337.779 236.627
186.261 231.175
197.052 226.836
210.513 224.223
223.104 223.830
235.735 226.197
276.429 221.140
288.042 215.918
301.189 213.125
312.799 212.066
323.128 214.622
257.567 239.517
259.845 258.928
262.208 276.063
264.862 293.177
239.264 301.582
251.267 307.439
265.178 308.757
277.812 305.139
286.979 294.966
202.056 250.229
209.967 246.869
223.127 246.100
231.906 250.192
222.452 254.147
209.562 255.306
282.604 243.159
291.959 236.948
303.391 235.238
310.648 236.822
305.376 243.047
291.038 244.220
230.644 339.887
238.366 333.768
248.711 329.502
267.980 327.262
285.454 324.474
294.024 327.182
301.824 331.748
294.449 342.334
284.971 349.968
270.249 354.902
251.916 354.220
239.312 348.415
233.488 339.591
248.869 334.280
268.174 332.209
284.368 330.371
298.182 332.057
285.039 343.623
269.178 348.840
250.697 347.505
216.632 247.621
297.353 237.054
