146.531 262.240
149.289 284.953
150.971 303.469
152.406 325.438
155.779 344.192
163.684 368.371
177.895 390.017
193.831 407.254
212.270 415.933
233.128 411.802
251.626 400.479
270.886 384.838
285.087 364.712
294.899 346.409
302.924 327.691
309.738 311.997
320.322 291.975
169.901 308.450
179.202 314.925
190.394 319.533
200.624 323.282
210.759 326.878
250.093 325.075
262.160 323.097
274.764 321.913
285.512 320.649
295.433 318.734
226.963 335.543
225.116 350.088
223.174 365.381
220.813 380.290
201.177 367.313
207.841 377.223
217.916 382.592
228.200 379.936
236.230 373.631
178.538 320.574
183.643 325.197
195.315 326.941
202.716 326.738
194.972 329.687
184.821 328.251
249.337 331.970
259.097 330.276
271.280 331.176
276.461 333.074
268.820 339.542
256.690 337.988
190.028 380.678
195.263 385.720
203.195 390.888
216.044 394.575
229.120 393.570
237.846 391.017
245.062 387.759
236.611 391.810
226.807 397.224
216.169 397.860
206.025 394.308
197.319 386.236
192.606 379.058
203.829 388.124
216.172 393.165
228.868 391.319
242.789 386.004
227.107 390.446
217.049 391.355
207.609 387.816
187.834 321.096
262.158 332.986
