211.173 267.588
212.853 291.201
210.811 310.826
204.142 331.866
201.025 349.689
195.154 368.076
190.632 385.540
189.685 399.759
196.313 408.911
211.994 407.831
234.496 401.609
260.927 389.963
286.588 375.448
302.573 357.520
310.382 335.012
313.650 313.094
315.985 285.807
158.583 265.337
156.360 265.888
158.439 267.205
162.508 269.732
169.046 273.569
189.596 269.236
197.237 267.007
207.898 267.152
219.450 268.651
235.216 272.170
178.710 282.107
174.082 296.628
168.418 311.125
164.413 328.244
175.390 330.109
175.994 338.125
178.666 341.617
189.318 343.024
200.875 338.070
169.521 279.267
167.411 282.778
173.573 283.238
179.569 282.450
174.265 284.562
168.725 283.940
206.169 286.921
205.478 283.783
215.024 286.107
226.686 288.879
216.308 295.366
207.992 293.136
175.391 362.951
172.545 356.520
171.666 353.779
175.163 356.035
186.487 358.776
197.461 364.776
206.076 372.663
198.159 379.900
188.583 385.740
181.121 384.873
175.237 380.754
174.746 371.731
178.387 363.195
176.163 362.948
179.544 366.515
190.061 368.491
205.809 372.328
188.205 375.334
179.516 374.516
174.782 370.689
168.281 276.664
210.031 286.838
