168.491 256.099
170.543 281.938
172.576 301.507
174.101 324.842
177.383 344.627
185.561 365.983
198.579 387.238
215.287 406.881
238.268 418.075
265.091 412.929
287.150 399.551
307.417 380.208
322.667 360.045
332.159 339.119
340.779 314.469
347.224 295.167
350.319 268.560
183.900 262.283
191.970 263.505
203.044 265.095
214.336 267.164
226.679 270.006
269.818 266.225
283.002 263.377
296.871 262.294
308.999 262.383
320.208 264.328
245.714 279.124
242.818 295.618
239.508 313.766
236.522 333.188
212.928 324.643
222.642 336.379
238.916 344.502
256.301 345.888
270.296 336.005
194.473 278.571
201.078 281.792
212.763 282.333
220.979 282.459
211.618 284.653
199.433 283.436
274.222 284.209
282.246 280.968
295.822 281.841
304.062 283.109
295.757 289.302
281.328 288.069
204.361 355.511
208.688 353.252
219.200 355.888
237.284 362.410
255.962 366.892
267.495 371.040
275.422 375.525
267.459 383.690
253.797 388.339
238.201 384.198
221.125 375.699
210.180 364.973
208.541 356.478
219.482 362.021
237.975 370.752
256.648 374.687
271.848 375.282
254.865 380.897
238.586 376.036
220.575 367.438
206.990 276.544
290.188 282.183
