192.226 275.865
199.117 296.244
202.822 312.021
200.437 327.177
199.588 341.019
196.723 352.267
195.157 360.367
197.159 366.027
209.250 367.300
227.335 357.744
249.863 345.997
273.144 330.427
292.136 313.780
301.142 296.321
306.316 275.417
310.609 254.418
311.021 227.435
150.774 242.034
146.845 235.554
148.437 230.144
153.407 227.510
161.819 226.835
186.329 220.813
193.619 213.908
205.233 208.532
218.425 205.044
235.051 204.934
176.361 235.141
171.951 249.384
167.229 263.789
164.468 279.341
179.004 297.389
178.335 300.213
182.530 299.994
194.188 295.129
204.612 284.833
162.723 254.769
160.754 248.546
168.145 245.176
177.415 249.715
169.732 256.076
162.592 258.825
207.785 237.652
210.239 235.279
219.228 230.224
231.906 226.423
221.528 234.432
211.917 238.243
182.220 329.447
179.240 324.613
178.778 320.391
185.164 317.846
198.554 313.930
210.212 313.957
222.009 315.289
214.722 320.524
203.034 326.733
191.962 330.227
184.037 331.517
183.185 330.797
185.138 328.285
186.605 324.683
191.520 321.297
205.457 318.998
222.322 315.751
202.699 319.262
191.095 322.620
184.173 325.060
170.316 249.270
221.503 226.955
