168.474 274.438
174.539 298.446
176.384 319.317
171.994 345.268
173.073 366.335
179.309 388.768
188.603 411.587
201.062 432.618
220.701 444.058
245.881 437.858
272.105 420.732
297.117 398.796
317.366 377.452
324.809 353.801
326.396 328.399
326.756 307.032
324.288 279.563
142.395 291.393
144.747 292.653
151.819 294.433
160.225 298.304
170.858 304.571
211.965 306.302
223.696 301.518
238.151 298.509
251.966 297.117
267.687 296.333
193.126 318.920
191.797 337.046
189.193 354.679
187.289 374.285
178.267 364.513
188.917 374.717
202.441 380.635
220.173 377.981
234.751 367.523
155.991 307.965
154.878 310.912
164.382 313.674
177.900 318.467
169.610 321.268
157.913 318.784
226.896 320.675
233.571 317.875
245.781 316.452
258.416 313.687
248.223 323.707
233.413 325.161
178.417 381.821
178.447 383.737
185.242 388.188
202.748 395.040
225.598 392.852
244.191 390.440
262.046 388.112
249.548 401.506
232.793 415.336
211.175 419.224
193.462 410.683
186.019 396.073
181.746 382.646
188.731 390.702
206.169 399.149
230.915 395.995
259.122 388.486
232.379 409.088
210.843 412.790
193.227 403.970
160.769 314.210
239.614 318.759
