175.927 239.178
181.189 263.302
187.233 285.317
200.709 310.046
212.779 333.174
232.738 355.000
254.135 371.645
274.703 384.257
292.341 391.998
302.464 388.546
302.546 381.569
301.439 370.594
297.972 356.347
295.262 340.048
292.275 317.708
286.604 299.291
283.524 278.688
246.323 185.926
258.691 180.408
271.294 181.552
281.632 186.830
290.540 195.595
314.325 205.735
318.270 204.434
320.802 206.615
322.068 211.579
320.574 222.338
306.086 214.814
313.747 224.673
321.445 231.864
329.737 241.197
286.207 247.011
298.491 256.499
314.678 264.444
319.618 264.746
320.924 261.538
259.862 210.461
271.374 203.032
278.561 208.836
280.227 217.913
279.507 216.660
270.821 214.806
307.716 230.128
314.131 222.689
320.419 226.092
319.690 236.612
321.669 237.330
315.879 232.815
274.290 308.058
290.987 287.004
306.619 278.646
321.451 278.394
327.931 283.801
325.908 295.429
317.254 319.067
313.816 339.689
309.361 352.688
300.678 358.896
290.023 349.485
278.994 332.914
275.728 310.633
300.770 286.389
318.677 285.915
325.275 293.755
315.416 320.350
309.820 345.819
301.769 352.591
290.502 342.009
273.886 208.224
317.841 228.108
