214.048 237.809
214.499 262.891
215.955 283.023
208.453 305.202
203.733 323.932
197.186 344.747
198.283 364.093
204.670 380.770
218.826 392.722
240.753 391.565
265.576 384.245
292.785 371.777
314.483 354.761
329.480 336.034
340.753 312.620
348.988 292.909
354.496 265.989
183.739 229.462
185.189 228.317
191.220 229.456
198.061 232.888
207.261 238.382
239.161 245.176
250.244 243.576
264.134 244.836
278.788 247.002
293.374 251.100
220.122 256.946
212.710 278.463
206.110 298.644
201.371 318.143
203.053 314.768
205.883 324.090
213.167 329.223
225.843 328.316
239.526 317.667
192.277 248.355
193.999 246.033
204.375 249.920
210.816 257.622
200.504 258.787
193.092 256.109
248.384 266.476
252.486 261.418
264.328 263.238
274.711 268.161
263.103 273.893
252.388 271.369
199.692 343.469
198.105 342.259
201.375 342.620
211.019 346.296
223.188 348.513
235.202 351.781
246.934 355.276
234.073 361.566
222.339 365.569
213.155 363.985
205.708 359.697
202.434 351.748
202.800 343.365
205.439 347.459
214.119 351.590
227.453 353.497
244.667 354.101
223.903 358.814
214.235 357.126
206.146 352.903
197.994 249.699
258.959 264.398
