171.520 269.611
176.121 297.765
181.042 320.834
191.339 343.715
202.076 362.264
225.376 380.877
254.339 394.634
281.225 405.039
303.381 408.145
318.787 398.148
324.846 383.125
329.540 364.226
328.288 344.508
325.252 325.052
323.082 302.551
321.324 282.361
324.117 256.859
233.832 262.968
249.442 260.766
266.327 259.261
280.342 260.239
292.539 263.253
331.508 258.738
340.807 253.146
348.623 249.664
353.552 248.723
354.105 250.514
313.294 276.696
317.229 297.210
321.903 315.283
325.319 333.457
282.353 336.438
296.583 342.713
310.461 343.231
317.509 339.165
322.412 330.991
248.924 285.465
258.923 288.657
268.070 287.188
274.532 283.289
270.940 287.022
260.145 289.572
322.835 278.255
334.419 283.000
340.676 280.713
342.234 276.506
340.447 281.138
331.048 281.439
275.278 368.015
285.374 364.262
297.156 361.129
312.938 359.469
323.469 355.720
327.307 356.093
327.246 357.729
327.728 365.178
322.997 374.615
313.421 377.922
298.886 377.218
285.649 372.414
277.392 366.826
293.978 366.851
310.844 366.545
321.223 362.062
324.205 357.780
322.752 364.885
312.728 367.891
298.738 368.424
264.789 283.880
335.661 276.926
