185.065 264.062
188.581 287.337
190.518 305.438
191.543 326.711
193.055 344.864
194.991 364.753
202.386 381.743
212.515 395.565
229.205 402.392
250.175 396.518
272.714 384.381
295.181 366.050
311.008 344.923
320.696 324.724
328.082 301.823
331.895 281.563
332.556 254.710
165.227 255.290
167.851 252.882
174.358 251.670
182.679 252.119
193.203 254.328
227.347 250.274
237.352 246.319
249.473 244.543
261.398 244.096
275.697 245.808
210.846 267.257
209.690 285.396
207.505 302.543
205.416 319.369
199.085 325.300
203.300 332.091
212.948 333.543
226.072 332.898
239.352 325.087
177.850 271.915
179.068 268.245
189.782 266.644
199.120 272.304
191.602 275.549
181.526 276.626
236.864 268.168
241.297 261.949
254.121 261.639
262.622 265.527
254.481 271.471
242.622 271.458
197.833 355.470
193.997 348.456
197.652 345.620
209.923 347.012
228.162 347.772
240.693 351.732
251.273 358.804
244.717 367.585
232.004 376.315
217.170 378.450
204.707 373.615
199.900 364.734
200.517 355.298
201.909 353.429
214.674 356.471
231.785 355.693
249.116 358.050
230.803 366.117
216.474 367.388
205.095 363.779
186.271 269.773
249.881 264.597
