197.132 271.313
200.186 302.486
203.666 327.468
216.151 350.354
228.244 369.484
252.410 387.031
279.228 399.112
304.046 411.796
321.959 418.168
330.320 409.175
328.236 395.990
323.727 379.606
314.129 360.967
307.377 342.424
306.397 320.791
309.055 302.312
312.928 279.275
299.913 278.659
315.373 280.465
328.157 281.552
336.723 283.047
342.608 285.021
363.702 275.858
367.609 272.534
368.713 271.682
367.873 272.305
362.872 274.211
354.250 290.063
358.792 305.155
363.686 322.864
367.706 343.897
316.223 334.359
326.815 344.719
340.041 351.623
342.944 350.287
342.047 340.332
304.797 292.982
311.390 295.776
318.560 296.358
321.308 293.911
319.879 296.677
314.212 297.170
344.955 293.350
355.838 289.936
359.704 290.586
355.006 294.569
355.966 299.027
352.084 298.678
296.876 354.930
307.111 355.442
320.360 359.949
337.071 366.033
343.639 366.423
342.854 365.467
340.740 367.202
340.051 373.171
340.016 378.312
333.602 375.408
319.428 368.539
305.024 361.015
297.318 355.073
313.623 359.988
330.575 367.135
336.855 367.767
337.731 366.940
339.574 370.526
333.783 369.358
318.147 361.522
318.431 285.769
356.015 289.614
