189.692 254.121
188.854 276.907
183.720 294.332
177.402 314.091
173.538 330.519
169.343 345.838
166.993 359.751
166.945 372.467
178.108 380.526
198.559 380.595
225.844 375.577
255.273 365.402
282.436 352.755
299.571 336.249
309.856 314.646
315.893 294.751
323.257 268.340
155.529 229.726
155.317 226.403
159.955 225.759
166.423 228.005
174.091 232.557
199.828 242.048
209.330 239.866
222.170 239.018
235.778 240.074
252.259 243.364
183.524 248.508
176.684 261.827
168.543 272.963
161.323 287.159
167.070 301.676
167.086 307.799
170.167 310.686
181.361 311.116
193.532 306.360
164.900 248.442
164.807 244.923
173.425 246.656
181.426 252.942
172.410 256.050
164.096 254.850
216.311 258.658
218.818 260.094
228.656 259.203
241.082 259.263
230.332 263.768
220.557 263.338
160.040 334.021
158.327 328.907
160.299 325.604
168.100 327.556
182.823 330.814
195.809 337.788
207.695 345.294
196.193 347.208
182.253 350.057
170.485 349.781
162.241 344.400
161.066 338.640
163.431 333.836
163.165 334.176
170.340 337.520
186.117 339.852
206.448 343.986
182.064 341.800
170.594 341.206
163.493 337.193
168.169 249.919
224.960 256.166
