189.333 259.854
197.898 287.341
205.007 307.820
216.661 328.032
229.695 344.055
253.121 357.100
284.583 364.524
315.508 368.269
342.200 366.247
359.326 356.031
365.713 344.370
369.626 329.738
366.051 314.781
360.333 298.704
354.019 277.801
350.464 260.230
349.740 235.642
235.691 219.552
249.466 211.882
264.756 207.022
278.076 206.056
291.197 208.429
329.507 204.072
339.057 199.772
348.458 198.629
355.920 199.792
360.724 204.850
314.120 220.529
322.201 235.960
331.091 251.135
339.037 268.751
303.795 286.069
318.058 288.038
331.931 287.295
339.856 284.448
342.863 279.883
255.309 237.705
263.684 228.101
276.844 227.713
285.318 235.047
278.366 238.771
264.047 240.749
329.744 230.111
335.783 219.910
346.707 218.322
351.548 225.114
350.480 230.192
339.699 230.835
296.350 325.084
306.183 317.514
319.364 310.268
337.609 304.993
349.322 303.707
353.189 307.489
354.974 311.397
353.842 316.294
351.204 319.619
341.061 324.502
323.160 325.856
308.921 325.886
298.770 323.930
317.928 318.622
335.272 314.354
346.181 312.416
351.183 312.175
348.592 314.407
337.805 318.114
320.816 320.491
267.769 231.201
340.492 222.416
