181.580 270.342
182.420 297.087
185.560 317.992
189.893 342.563
195.628 363.520
211.512 385.645
232.970 404.576
257.253 418.135
278.993 425.410
296.223 419.585
303.232 408.375
304.597 389.725
302.324 369.292
300.913 349.385
303.504 327.702
309.009 309.620
319.730 284.808
254.598 268.649
270.002 269.043
285.946 270.227
297.788 272.993
306.708 277.414
338.710 285.669
347.671 283.857
353.915 282.983
357.000 282.928
355.727 283.824
318.112 293.028
315.180 311.264
315.928 328.627
317.162 347.703
273.638 345.308
285.267 355.145
301.555 361.494
311.000 359.010
315.345 348.731
257.337 291.057
268.443 286.877
277.676 288.255
281.510 294.871
276.743 297.680
267.672 297.610
326.273 299.672
338.947 295.396
345.020 296.781
343.920 300.851
342.750 305.949
335.120 304.363
251.530 379.231
264.671 371.226
280.010 369.094
299.343 371.729
313.060 373.857
316.176 378.904
311.127 388.604
309.077 395.559
302.347 398.410
291.993 394.827
276.979 393.349
261.467 387.756
253.240 379.145
274.681 377.119
294.799 381.007
309.148 382.183
308.747 386.657
302.856 389.057
291.050 384.917
275.667 384.441
271.749 289.973
339.335 297.419
