160.181 259.175
161.272 288.082
162.318 309.402
171.267 327.245
182.591 342.405
203.555 356.287
233.255 368.121
264.499 377.772
292.644 381.900
313.017 378.996
324.569 372.769
333.309 363.991
332.217 354.311
330.766 342.925
329.412 325.745
326.630 306.059
327.536 279.106
216.854 223.991
231.023 219.657
246.251 218.617
259.412 221.175
271.753 227.257
312.958 232.110
323.629 230.317
333.731 232.116
341.450 235.972
345.848 243.005
293.651 244.682
297.864 258.198
303.096 268.715
309.015 280.659
265.237 295.079
280.215 300.701
298.100 304.449
309.712 304.302
317.034 299.875
232.628 246.551
242.839 242.322
254.187 245.177
259.728 251.701
253.226 251.068
241.105 249.911
309.398 258.542
319.954 254.304
329.610 254.821
331.530 260.398
330.043 261.746
319.872 259.939
245.584 324.634
255.935 314.862
272.861 311.067
297.254 313.008
315.220 314.642
323.516 320.596
325.844 331.507
318.776 341.001
308.845 348.086
294.787 348.072
276.351 344.576
258.755 335.761
245.838 325.925
269.090 317.825
296.117 319.353
314.259 321.833
322.351 332.394
307.797 338.797
293.241 340.050
274.738 336.311
244.385 244.151
325.179 255.501
