187.710 239.035
189.572 265.358
191.762 284.699
200.427 298.658
211.918 310.209
231.500 317.360
256.230 321.478
282.826 323.436
306.989 327.083
325.839 328.715
336.954 332.669
344.818 333.448
347.115 331.626
347.453 323.973
345.158 307.649
342.714 288.919
344.526 262.989
236.097 192.852
248.939 186.598
262.824 184.763
274.631 186.343
286.097 190.793
324.717 197.032
334.737 196.825
344.286 199.584
351.614 204.439
355.268 213.917
306.718 202.414
310.764 212.307
315.006 224.352
319.419 238.421
279.492 257.483
292.788 261.340
308.841 263.714
318.841 265.629
323.688 263.087
250.044 207.965
258.619 201.285
270.331 204.098
276.543 211.906
269.962 211.034
257.785 210.322
321.363 219.651
329.928 213.914
340.106 216.840
343.321 224.981
341.118 224.766
330.964 221.834
263.791 288.644
274.867 284.811
287.339 282.855
305.052 284.138
318.651 286.043
326.624 291.395
332.801 297.579
327.704 293.460
319.582 290.446
307.537 287.786
291.776 286.073
277.158 286.955
266.860 288.627
284.000 288.451
303.066 288.208
317.625 292.613
329.325 297.119
316.699 286.041
304.788 283.424
289.623 282.903
262.123 204.340
332.924 216.621
