199.281 260.929
200.393 282.752
202.715 300.362
206.304 317.716
213.765 332.400
232.105 343.416
253.953 351.954
276.754 359.807
297.571 365.064
316.489 364.479
328.651 362.067
337.482 357.520
342.108 350.939
343.686 339.500
346.306 322.265
348.266 306.426
349.667 285.541
243.246 219.041
256.755 214.439
270.591 213.256
281.988 215.568
292.485 221.360
329.766 227.093
340.049 225.618
349.592 227.868
356.715 232.604
361.545 240.776
309.787 237.933
310.918 251.548
313.244 261.279
315.859 271.575
283.520 287.853
296.265 291.988
310.640 292.892
321.979 296.266
328.505 294.258
251.714 238.831
264.293 230.527
275.719 234.373
282.312 244.148
275.076 245.016
260.830 243.659
325.765 250.990
336.257 243.080
346.539 245.655
349.610 255.416
346.635 258.144
335.420 255.031
273.721 321.544
283.565 312.157
295.442 306.195
312.096 306.525
325.460 310.488
332.460 320.356
334.781 331.262
330.456 333.248
321.490 334.268
308.187 331.396
293.807 329.513
280.953 325.547
275.437 321.222
293.170 317.508
309.619 319.125
322.865 322.032
331.847 330.392
321.733 325.396
308.946 321.546
293.847 320.507
269.327 235.977
341.131 248.153
