177.499 253.713
183.088 279.207
183.295 300.255
178.922 319.373
179.442 335.108
179.982 350.167
188.232 360.281
200.041 366.539
218.083 368.768
244.281 362.299
271.921 353.373
301.156 339.326
322.763 323.466
335.330 306.931
342.792 285.699
347.497 263.011
352.517 233.516
153.286 220.844
156.865 215.040
164.878 210.585
174.357 209.779
186.602 211.901
231.339 205.757
244.599 200.086
260.112 197.836
274.963 198.090
291.874 202.040
210.203 222.022
210.397 239.048
207.233 251.399
203.274 267.347
191.099 281.539
198.932 285.008
211.407 286.695
228.193 282.790
243.145 274.579
165.973 235.895
166.766 228.264
180.840 228.196
190.271 232.359
179.957 234.170
168.521 237.189
244.932 225.519
251.053 218.748
265.944 216.330
277.267 221.016
265.768 224.555
251.402 224.849
185.569 321.391
184.972 308.688
192.137 301.211
208.570 299.464
230.179 297.067
246.395 302.321
257.190 313.976
240.383 323.342
224.824 331.055
209.488 334.609
197.326 334.209
190.329 329.057
188.527 321.110
194.156 311.207
211.081 309.134
233.725 306.964
254.031 312.930
225.638 322.283
208.838 325.423
195.329 326.052
169.956 228.944
254.340 217.766
