161.271 292.922
171.513 319.018
178.121 340.081
185.655 360.949
193.418 378.943
211.958 395.712
237.402 405.823
263.749 413.915
288.366 415.254
306.065 405.402
315.956 392.249
325.429 376.556
325.990 358.288
322.205 339.319
321.756 317.954
323.740 298.058
326.687 271.207
217.512 285.175
231.044 282.291
245.143 280.013
256.696 280.345
267.532 282.913
302.237 277.018
311.861 271.914
321.609 268.833
329.143 267.687
333.746 268.329
285.978 294.808
289.322 311.079
291.887 325.172
296.200 340.824
260.956 340.666
272.768 348.154
289.190 351.336
299.350 344.788
304.662 333.488
232.105 303.624
243.422 300.098
255.354 299.316
259.493 303.350
253.197 307.232
239.877 307.649
297.854 297.677
309.497 290.379
319.522 289.159
321.748 290.901
319.445 297.169
308.441 299.029
243.409 366.842
253.478 362.770
268.421 361.849
288.802 360.569
303.413 355.899
309.864 352.603
311.980 355.394
305.326 367.083
298.355 378.094
287.180 383.240
271.465 382.038
255.218 375.466
243.852 367.606
264.666 363.282
286.416 362.270
301.524 357.174
309.342 356.406
296.931 371.787
285.035 378.177
268.724 376.477
249.401 301.010
314.943 291.851
