178.771 263.893
181.848 285.451
185.619 303.436
187.526 328.883
191.591 348.655
199.617 371.717
208.771 393.424
220.837 409.411
237.422 418.525
255.852 413.263
273.073 400.744
290.737 380.924
308.713 359.967
318.173 339.253
323.884 316.970
327.348 299.732
329.640 275.779
172.783 295.288
178.614 299.785
188.065 304.045
197.351 307.774
207.783 311.008
238.979 310.858
249.313 307.632
261.558 305.003
273.215 302.671
285.531 300.094
223.210 321.305
222.054 339.311
220.665 355.655
219.753 372.576
209.142 359.121
216.334 370.275
226.283 376.648
238.919 372.734
249.465 362.817
183.143 310.161
187.373 312.845
198.708 315.350
208.900 317.923
198.777 321.209
187.996 318.966
247.844 321.763
255.075 321.002
267.245 320.484
276.314 319.770
267.456 327.282
255.699 327.502
208.010 383.738
207.804 384.202
213.401 384.901
226.325 387.817
239.319 388.396
248.230 389.067
255.227 389.379
246.976 399.484
239.023 406.298
229.093 406.165
218.642 403.500
213.155 395.272
210.784 382.914
215.425 390.549
227.803 392.605
240.971 392.985
253.547 388.084
238.494 399.717
229.086 398.294
218.114 397.384
193.966 315.076
260.550 321.101
