166.317 247.822
168.022 273.984
169.613 294.899
171.187 316.398
176.200 334.716
191.721 352.671
215.949 366.645
242.457 378.978
269.957 385.663
294.846 377.571
310.045 365.668
322.734 351.298
327.082 336.012
326.863 319.784
326.544 300.286
327.042 282.466
329.032 259.343
200.256 214.644
212.651 209.160
227.163 207.240
240.310 208.811
253.101 213.194
297.105 215.225
308.601 212.595
319.482 213.554
327.477 216.689
332.218 223.596
275.398 226.427
277.481 240.553
280.224 252.897
283.206 269.973
245.700 283.370
260.185 289.730
276.656 292.991
289.195 290.723
297.592 284.093
215.444 234.990
224.052 231.685
236.204 232.009
245.333 237.043
237.226 239.056
223.975 238.397
292.428 239.753
305.716 236.489
315.677 237.271
318.664 241.048
314.887 243.545
303.348 242.852
231.787 322.609
244.388 316.404
258.204 313.924
276.946 315.450
291.759 313.765
299.060 316.637
305.378 322.623
299.832 330.559
291.805 336.130
276.037 339.403
256.266 335.909
241.811 330.752
234.315 322.965
254.554 317.876
274.846 319.314
290.151 318.538
302.115 322.694
290.348 330.304
275.392 333.012
256.703 329.980
230.743 231.922
309.019 236.640
