158.653 250.727
157.428 277.957
159.317 298.669
160.573 323.480
163.706 343.839
170.379 366.055
182.762 385.438
200.085 399.010
224.872 405.654
253.178 398.549
278.078 386.217
299.556 365.552
313.587 343.395
321.348 321.357
327.323 295.808
330.145 274.811
330.066 246.989
157.692 240.334
163.315 238.111
173.603 237.650
184.697 239.220
197.300 242.432
246.305 236.063
260.195 229.073
274.659 224.351
286.971 223.017
297.341 227.824
220.658 255.010
219.408 272.577
218.326 290.949
218.406 309.674
198.779 313.899
208.432 320.470
222.587 323.310
237.998 321.531
251.157 314.516
173.592 255.197
177.950 251.569
189.144 250.945
199.748 255.965
191.552 258.899
179.154 260.088
252.364 255.781
260.556 251.962
273.286 251.898
281.008 255.665
274.667 259.512
261.181 259.095
191.343 347.067
195.585 342.707
205.580 341.373
221.079 342.582
240.097 342.722
251.972 345.477
260.565 349.290
253.862 355.985
240.464 362.166
222.175 364.022
206.128 360.608
196.936 354.436
194.860 346.593
205.011 346.612
223.284 348.998
242.626 348.565
257.621 348.798
240.581 351.958
223.235 352.204
206.587 350.808
185.270 253.387
268.054 253.604
