202.260 297.884
211.280 320.307
220.513 338.151
231.910 356.487
244.711 370.112
267.180 383.321
292.595 391.104
316.481 396.168
335.863 394.800
347.801 382.089
348.608 367.044
347.603 349.546
341.591 331.372
335.906 313.749
331.925 293.181
328.400 273.884
328.062 249.481
260.764 278.298
273.586 273.513
286.586 268.904
297.922 266.672
308.591 266.633
341.267 254.339
348.415 247.875
353.628 243.731
356.332 241.806
355.487 242.373
328.768 273.030
335.158 290.249
342.939 306.508
349.906 322.839
315.756 332.175
327.916 334.665
338.562 333.405
343.802 328.088
344.876 320.217
274.020 293.806
284.795 290.977
294.268 288.400
297.360 286.602
294.389 293.544
283.731 298.365
336.813 271.326
348.396 269.018
354.412 266.183
352.847 265.681
352.661 272.156
345.973 274.096
306.196 362.835
317.672 358.184
328.702 353.329
340.490 348.965
348.367 344.532
350.610 344.600
349.537 344.868
350.708 352.974
349.551 360.838
341.157 366.978
328.183 368.351
317.121 366.036
308.067 360.799
325.393 357.984
339.315 354.338
346.079 349.279
346.905 345.170
347.674 355.224
340.007 359.990
328.371 362.443
289.755 290.335
349.896 267.600
