173.725 272.782
184.570 296.521
194.637 315.814
211.128 341.027
226.730 359.963
255.204 372.779
287.158 382.491
316.584 388.932
340.003 390.574
354.409 378.149
357.038 364.081
354.796 346.283
347.952 330.112
337.752 311.948
328.071 288.611
323.021 269.911
318.201 245.157
242.632 233.817
256.627 226.423
270.656 222.110
282.684 221.413
293.889 223.989
329.710 219.046
338.111 214.152
344.888 212.438
349.189 213.067
349.263 217.431
314.104 237.412
321.873 254.072
329.856 267.488
338.156 282.196
301.270 305.642
316.856 307.041
332.027 305.546
338.779 303.071
339.175 298.093
258.672 253.929
270.737 246.065
280.030 245.213
285.608 251.539
282.175 254.851
271.314 256.881
329.213 242.342
336.959 233.126
344.283 232.744
345.976 237.902
346.741 241.585
339.333 243.526
298.975 342.582
307.329 332.458
319.316 326.186
338.118 320.833
348.116 317.820
350.712 320.187
351.988 327.082
352.384 336.030
350.512 344.002
341.664 349.109
323.407 351.543
309.123 348.252
299.696 343.409
317.354 332.785
335.991 328.365
344.842 324.790
349.193 328.383
348.426 337.018
338.903 342.396
322.138 345.035
272.434 249.616
338.462 236.695
