181.734 238.391
189.044 262.632
195.823 283.615
208.086 305.165
221.695 324.123
246.744 342.758
273.048 359.047
295.152 371.345
312.404 377.553
327.283 372.410
332.813 363.172
334.522 348.946
334.006 333.463
331.718 317.466
330.400 297.348
329.028 279.323
327.825 257.178
244.842 192.095
259.945 186.545
275.234 184.596
287.602 186.425
298.493 192.000
333.592 197.974
341.340 196.686
348.254 199.034
353.050 203.469
354.765 211.453
317.241 209.132
322.968 224.338
329.631 233.942
336.286 245.361
300.133 267.305
313.047 267.914
324.981 267.238
332.072 271.761
334.080 273.229
257.728 216.363
270.485 207.294
281.201 210.402
287.082 219.255
283.206 220.176
270.705 219.712
328.128 224.471
337.922 217.061
345.345 219.225
346.110 228.617
346.399 231.022
337.748 228.222
306.316 310.982
310.456 291.692
315.794 279.123
328.038 275.477
339.285 281.455
342.657 294.756
341.619 315.991
339.615 329.907
334.944 340.550
326.353 343.514
317.977 338.269
309.788 327.108
306.808 311.498
319.231 291.917
330.748 287.115
338.938 294.435
338.845 314.839
336.608 329.010
329.051 331.928
320.938 327.119
276.456 213.711
342.031 223.140
