165.907 307.980
172.553 328.067
177.868 344.860
188.170 366.242
198.241 381.782
219.025 395.220
241.306 406.902
264.954 415.070
286.727 412.314
300.481 395.178
306.436 372.732
309.689 348.531
308.487 326.667
303.525 306.981
300.858 286.139
302.705 268.992
305.349 246.036
231.874 330.035
245.724 331.028
260.889 329.755
273.138 328.561
284.160 327.782
317.385 311.893
326.594 302.654
334.915 293.277
339.263 284.909
337.873 277.888
301.184 332.677
303.905 347.473
308.085 361.232
311.629 374.920
269.476 370.161
282.034 374.360
298.880 373.377
307.910 361.905
312.030 347.100
242.599 338.698
253.345 337.599
264.871 334.129
271.336 335.141
265.992 342.319
251.966 344.305
309.496 317.491
319.281 310.558
328.670 301.561
328.017 297.904
329.036 308.656
319.793 315.911
247.310 389.180
262.910 387.156
279.682 386.993
299.323 382.691
310.925 370.552
313.944 359.668
312.966 354.517
309.180 373.212
305.803 390.528
293.906 401.714
277.122 405.635
259.619 398.859
247.994 388.078
274.824 387.538
296.343 383.564
308.966 369.438
310.171 355.089
303.256 384.414
291.314 394.351
275.383 398.350
257.259 334.638
320.987 304.822
