185.689 246.992
188.099 272.828
190.547 292.243
189.230 305.961
190.021 317.692
190.413 326.760
193.501 333.754
201.687 338.667
218.178 342.229
241.475 338.054
264.445 334.067
288.423 325.330
309.259 315.475
322.919 302.245
333.371 281.223
343.086 259.591
352.301 230.711
174.500 199.407
176.596 191.125
183.549 185.807
192.328 183.921
203.942 184.632
245.922 178.330
258.746 174.330
273.244 173.702
286.810 176.015
300.120 184.114
222.741 193.542
218.456 209.243
213.613 224.519
208.587 241.228
206.490 260.411
210.170 264.042
219.022 263.735
231.665 263.557
243.170 257.967
185.690 214.881
188.337 206.579
198.429 204.769
209.393 211.044
197.911 214.785
188.677 216.809
254.854 205.760
262.827 196.862
274.974 197.111
285.375 203.919
276.353 207.267
262.608 207.898
198.929 292.459
198.856 282.287
204.400 277.709
214.824 275.190
226.781 277.530
234.674 282.064
240.139 290.786
231.975 293.672
220.613 297.369
214.225 299.994
206.790 297.625
200.917 295.132
201.900 292.060
207.032 286.648
216.029 284.789
226.787 286.279
239.280 290.633
222.693 288.488
214.917 290.353
206.573 288.990
193.053 208.951
268.117 200.828
