182.993 250.839
185.541 277.688
188.187 298.685
195.506 316.863
206.943 330.321
228.508 337.521
252.805 343.911
278.746 348.066
306.083 350.218
330.655 342.253
348.417 334.038
362.137 322.409
372.726 313.152
375.512 300.419
373.044 280.948
369.287 261.136
363.830 234.951
207.640 197.331
218.828 188.384
232.902 183.141
246.207 181.395
260.278 182.672
308.663 177.964
321.023 174.338
333.816 173.991
344.544 176.144
353.191 184.077
285.983 192.052
287.916 203.830
289.759 215.700
292.907 232.004
264.619 260.683
277.397 262.267
294.728 260.734
310.931 258.522
321.268 252.336
227.078 212.024
233.620 203.390
247.229 201.628
255.805 208.893
248.636 210.384
235.322 213.154
312.223 203.190
319.491 193.735
332.688 193.605
339.683 200.997
333.180 203.166
320.403 202.838
259.649 301.572
267.689 291.364
278.022 284.845
298.442 281.556
318.301 279.698
329.519 284.599
335.373 294.085
329.018 298.349
319.098 302.928
301.346 305.431
280.890 305.875
269.018 304.389
263.439 301.672
279.343 294.579
299.919 291.889
318.856 290.417
331.511 294.494
316.085 293.454
299.663 294.829
281.260 296.968
239.066 204.144
325.320 195.476
