201.961 244.616
200.239 268.839
197.558 288.366
193.229 311.748
191.132 331.268
188.889 355.228
192.800 377.794
198.793 397.110
212.165 410.992
234.853 411.834
261.776 405.054
291.226 392.248
315.174 373.757
331.628 355.322
345.029 333.500
351.577 312.581
356.504 284.556
183.953 245.993
185.572 246.727
191.129 249.723
198.482 255.111
207.403 262.628
242.717 271.348
254.401 269.473
268.616 269.703
282.423 271.501
297.715 275.367
219.928 282.676
212.221 302.307
205.364 321.536
198.480 342.393
197.709 334.988
200.757 346.107
208.822 352.619
223.712 353.298
237.831 346.865
191.286 268.354
191.814 269.501
201.791 273.895
211.051 281.547
199.903 282.324
190.849 277.390
253.452 291.989
256.575 288.934
267.762 290.828
280.327 294.166
269.465 299.738
257.495 297.070
194.039 362.952
193.641 362.831
196.434 364.869
206.939 369.388
222.001 373.219
234.619 376.352
246.457 379.909
236.449 382.038
222.954 382.813
208.656 380.085
199.030 374.857
195.547 368.063
197.083 362.391
201.789 367.789
210.786 372.949
226.039 375.374
244.975 377.841
224.408 377.631
210.630 374.430
201.184 369.332
195.708 273.657
262.795 291.843
