195.788 259.069
203.100 285.721
211.734 305.984
220.639 324.464
231.870 339.683
254.585 351.869
281.431 359.190
307.195 363.397
326.755 362.717
336.429 356.628
337.876 349.449
335.586 339.343
328.190 327.197
321.771 312.806
319.463 294.944
320.081 276.911
317.990 253.069
263.823 231.304
279.280 226.983
294.471 224.977
305.731 225.801
314.595 228.372
342.853 226.628
349.709 223.813
354.749 223.107
356.636 224.217
353.414 228.524
331.493 239.196
338.518 254.346
345.183 268.278
353.410 283.240
314.365 297.701
326.707 301.093
338.202 301.925
341.181 300.350
340.818 295.257
277.124 247.375
287.330 242.852
297.271 244.278
299.093 246.798
296.862 250.228
287.317 251.897
330.394 244.546
340.934 241.112
347.403 241.215
346.553 244.807
346.254 249.469
340.581 249.161
302.982 327.089
313.876 320.961
323.390 316.348
337.536 314.979
346.545 313.895
346.845 317.040
343.671 320.958
344.614 324.398
343.530 328.900
335.165 330.995
323.193 331.336
311.232 328.754
303.793 325.840
320.401 323.824
334.193 322.665
341.467 321.227
340.911 320.203
342.358 321.416
334.980 323.627
323.121 324.145
291.847 243.757
343.319 242.482
