172.932 283.506
175.900 308.228
178.270 328.340
176.563 348.185
179.889 365.503
184.595 383.790
192.947 399.788
205.159 413.342
222.713 421.386
241.976 413.500
262.706 400.216
283.803 381.395
300.906 361.300
311.091 341.579
314.549 317.673
316.287 294.881
316.329 266.911
156.470 246.090
160.531 237.068
168.776 231.365
176.937 230.083
186.265 232.875
220.751 226.373
231.459 220.544
244.636 218.800
257.500 220.912
271.168 229.002
202.667 250.234
199.686 271.797
195.775 285.822
192.144 302.616
188.182 318.408
191.998 324.162
200.432 326.618
213.675 324.541
227.175 316.510
167.673 266.803
169.856 260.409
179.875 258.685
189.862 265.352
181.013 268.531
170.212 269.907
230.325 260.880
236.122 250.307
246.836 249.579
257.663 255.958
249.671 260.960
237.966 262.843
187.392 363.186
186.799 355.912
190.201 351.002
199.361 349.534
213.416 349.940
223.726 353.839
232.635 361.688
228.486 373.760
219.119 385.394
209.419 389.242
198.565 385.052
192.039 375.119
189.930 363.115
194.741 357.065
203.323 356.519
216.943 356.626
232.149 360.892
217.108 371.894
208.260 376.844
198.793 372.852
175.102 262.879
242.095 254.538
