200.302 259.732
201.419 279.489
200.295 294.401
195.399 315.788
191.859 333.560
184.033 352.551
174.093 370.724
164.602 387.633
166.174 400.102
181.271 399.392
204.482 390.153
229.731 377.607
255.003 364.600
270.267 346.925
277.193 325.105
280.690 306.975
284.575 283.505
145.421 260.835
140.179 262.539
138.300 265.505
139.621 269.625
143.921 274.541
161.060 281.359
167.213 279.579
177.187 278.415
189.053 278.064
205.794 278.223
151.471 287.078
146.402 299.613
139.572 314.130
135.892 332.749
155.782 319.179
154.073 329.847
155.994 337.672
166.474 336.360
176.792 329.902
156.789 274.057
150.469 273.515
156.913 277.007
162.716 283.123
155.770 282.987
151.861 280.884
184.120 290.488
183.039 288.469
191.830 288.991
204.360 291.032
192.774 295.198
184.222 293.418
162.539 342.067
155.587 338.800
151.564 340.788
153.588 346.208
162.859 348.128
174.083 351.884
187.457 358.313
176.048 369.769
166.637 374.316
161.220 373.187
156.284 367.880
158.110 356.934
164.152 342.773
156.585 344.153
157.939 351.585
167.950 352.041
187.592 357.425
166.867 368.205
160.161 367.120
156.131 361.013
153.341 276.360
187.658 288.948
