167.306 289.247
175.169 314.196
182.483 336.881
195.788 363.045
208.092 383.251
227.446 403.288
248.325 414.561
267.896 421.427
286.241 420.115
295.525 405.767
298.185 388.452
301.216 366.061
298.528 340.607
294.749 316.525
290.306 289.833
286.610 269.125
286.858 244.577
228.399 253.346
241.670 245.679
256.661 242.848
270.140 244.155
282.534 248.251
312.639 236.205
317.646 226.680
321.121 220.028
322.767 217.645
321.281 221.427
301.818 261.998
309.640 279.114
316.521 294.334
323.412 309.605
275.251 319.507
287.243 322.658
304.224 321.268
308.907 311.212
310.670 303.100
245.686 275.799
255.532 266.462
265.761 265.596
270.965 272.224
267.131 278.757
255.557 282.060
305.690 257.931
311.871 246.715
319.350 243.644
319.958 249.107
321.044 257.539
314.970 260.229
267.360 368.245
275.792 350.614
289.627 340.920
306.984 333.075
314.994 326.928
314.657 329.735
309.980 346.192
305.147 366.729
300.990 386.083
292.742 399.016
281.296 397.791
270.770 386.401
268.122 368.721
287.736 350.317
306.653 340.914
315.212 336.361
307.965 348.319
299.538 379.987
292.535 391.124
282.163 389.867
260.009 270.845
315.708 249.924
