190.139 286.928
200.502 313.774
210.589 335.524
232.501 357.096
253.532 372.628
286.891 381.930
322.180 385.906
352.309 385.377
371.806 380.942
375.125 368.365
366.510 357.242
352.658 342.092
336.850 328.311
322.631 313.926
310.012 295.255
301.068 279.601
294.049 257.819
265.150 238.749
280.458 229.778
294.889 224.288
305.975 223.029
314.578 225.218
334.934 221.405
338.319 217.228
339.086 216.479
338.202 218.579
334.113 225.099
328.889 238.484
339.656 255.523
352.059 268.993
364.007 281.863
325.591 311.137
339.699 310.026
351.125 306.101
352.919 304.920
348.078 299.013
282.441 258.394
293.348 249.700
301.970 248.222
305.112 254.394
304.393 257.813
296.453 260.816
329.082 247.174
335.455 239.142
339.454 238.169
336.289 243.996
340.744 247.992
337.398 248.839
327.288 340.675
331.894 332.247
341.800 325.553
356.802 320.599
361.446 317.970
361.070 320.357
359.525 327.047
364.859 329.540
367.945 333.185
362.185 335.373
352.734 338.745
337.530 341.776
326.097 340.366
340.158 332.940
354.469 328.150
358.843 325.189
357.358 327.183
363.650 326.517
358.389 328.244
348.130 332.749
298.193 251.281
337.060 241.127
