164.877 252.746
171.062 278.680
173.671 300.787
183.072 320.947
193.474 337.143
212.887 350.467
238.623 357.489
262.585 362.276
283.005 364.651
300.391 357.364
315.030 348.937
330.231 335.898
336.602 320.341
337.983 303.275
337.654 281.180
333.582 260.495
333.230 233.911
206.894 218.020
219.831 212.115
234.105 209.030
245.826 209.174
256.993 212.213
292.601 206.056
302.875 201.598
313.784 200.024
322.987 200.619
329.651 205.225
276.102 224.052
280.048 241.103
282.658 256.468
284.559 271.711
258.723 288.966
269.521 293.958
282.084 294.544
291.452 293.981
298.917 288.236
222.585 235.070
233.019 230.987
244.347 231.483
249.899 235.659
243.273 239.449
230.361 240.161
294.928 230.347
304.389 221.811
315.495 222.047
319.693 225.321
316.599 231.741
305.083 233.354
251.199 323.497
257.333 315.844
267.571 310.301
283.868 307.944
296.958 309.177
304.356 314.347
307.613 321.390
302.987 325.757
295.962 331.934
284.894 333.377
270.761 332.358
259.784 327.043
253.013 322.790
267.750 318.060
283.267 317.283
295.249 317.997
304.103 320.925
295.277 319.751
284.048 320.274
269.788 320.293
235.705 231.290
308.837 224.308
