189.268 249.174
188.848 274.058
188.931 294.420
183.554 315.974
180.224 333.810
175.169 354.083
176.617 372.209
182.021 388.207
194.658 399.558
215.428 398.695
239.837 391.871
266.628 379.717
288.790 362.754
302.010 343.829
311.455 321.079
316.878 301.049
320.809 273.575
154.403 243.231
155.007 243.008
160.389 244.534
167.138 247.825
175.593 253.448
207.010 257.659
217.222 254.617
230.282 254.451
243.457 255.904
258.548 259.883
190.854 270.448
186.443 289.034
180.121 302.855
174.021 319.574
173.636 322.306
175.835 331.120
183.643 334.502
197.178 336.151
210.541 328.134
162.675 264.014
162.464 262.398
172.055 265.582
179.636 272.130
171.122 273.058
161.939 270.840
218.365 278.160
222.356 273.733
232.934 274.737
247.227 278.966
236.605 284.264
222.710 282.684
166.830 352.118
165.742 349.816
169.182 348.529
179.046 349.906
193.677 353.818
204.993 359.230
215.703 364.915
205.654 370.090
191.576 373.733
180.154 371.821
172.264 367.931
168.985 359.595
169.864 352.296
173.607 355.101
182.694 357.870
196.518 360.992
213.748 363.555
192.431 366.529
179.683 363.471
171.276 359.716
165.563 266.335
227.090 276.750
