190.511 279.300
198.630 298.315
205.430 309.902
216.035 315.582
226.727 321.030
244.966 317.861
268.783 311.297
293.605 303.907
319.719 301.180
343.222 294.650
361.045 296.600
374.763 298.014
379.840 299.060
378.514 293.990
375.722 281.075
371.128 268.000
364.288 250.001
221.404 206.520
231.144 196.929
242.950 190.516
254.018 187.772
264.954 187.680
298.750 174.720
309.305 171.264
321.057 171.536
331.120 175.065
340.240 184.734
282.165 187.591
285.252 193.442
288.948 197.500
293.966 200.937
274.802 241.687
285.648 236.863
298.929 231.848
311.994 231.972
319.373 232.499
234.745 215.372
243.553 210.925
254.977 209.995
260.832 209.494
254.307 209.510
242.878 212.423
307.814 197.336
314.151 187.597
326.764 185.564
333.587 194.703
328.686 195.519
317.531 195.919
275.367 272.558
279.296 261.623
287.155 253.199
303.834 245.499
320.581 246.196
329.954 252.000
338.106 260.681
333.593 261.197
324.803 259.516
310.616 259.602
294.577 264.294
283.509 269.501
277.609 273.186
290.402 262.877
305.818 256.308
321.112 256.699
335.375 262.064
321.700 256.157
307.805 256.057
293.321 261.110
249.638 202.871
324.082 188.635
