166.904 272.324
172.889 297.392
174.980 317.630
173.848 341.536
175.675 360.258
177.127 380.934
183.615 398.923
192.945 414.464
210.932 422.157
234.571 414.883
259.354 400.343
285.787 382.634
305.625 362.261
315.606 340.893
319.532 315.439
321.604 294.094
323.475 267.315
141.537 268.606
143.497 267.527
150.230 267.229
158.313 268.576
168.543 271.730
204.244 270.617
215.313 266.454
229.498 264.059
243.847 263.021
259.917 263.756
186.383 286.510
184.229 306.447
181.862 324.661
180.277 344.652
180.830 342.867
185.120 351.473
193.263 356.173
207.357 351.798
219.208 341.189
157.143 289.487
157.600 288.133
168.652 287.134
177.897 288.872
167.976 293.473
159.866 294.468
219.030 288.850
222.787 287.227
233.985 287.037
245.575 288.150
236.720 293.632
224.642 293.631
176.042 373.749
178.552 373.596
182.568 372.519
193.905 372.960
209.093 371.977
223.475 371.983
236.041 371.789
225.184 380.213
210.731 387.929
198.017 389.886
185.545 387.074
179.841 380.552
179.238 373.218
186.335 376.992
199.665 377.170
215.086 376.521
233.997 371.765
210.708 374.959
197.692 376.978
186.472 375.684
162.827 288.379
227.672 287.347
