184.481 234.869
181.923 261.243
181.247 282.843
182.071 306.287
185.268 326.104
194.706 349.307
206.240 370.857
222.657 388.576
243.073 399.312
264.788 398.043
281.257 388.568
296.079 372.491
309.027 355.342
318.688 336.946
329.414 315.702
337.983 296.682
348.973 272.342
221.042 243.333
232.331 244.577
245.231 247.667
256.439 252.234
267.279 258.719
309.319 268.802
321.515 267.661
332.807 267.940
340.856 269.231
345.521 272.098
283.106 278.944
277.617 297.911
273.398 314.589
269.124 332.685
240.840 328.999
248.210 339.720
262.062 345.713
274.334 345.698
283.276 337.387
228.859 266.496
238.100 265.527
250.709 268.120
255.409 274.451
247.418 277.896
235.226 275.382
302.052 284.443
312.990 282.033
323.152 284.567
327.239 288.644
321.176 294.314
310.560 291.948
220.112 351.338
229.118 350.466
241.130 353.085
258.070 358.607
272.694 359.654
282.279 360.719
286.692 364.430
278.111 372.604
264.368 379.596
250.918 378.126
236.142 373.477
224.555 362.382
222.393 351.528
238.366 354.338
256.538 360.900
273.359 361.538
283.833 363.607
267.764 370.911
253.266 370.112
237.540 365.195
242.569 271.436
318.157 287.877
