186.250 237.670
185.197 264.168
188.510 284.986
188.645 306.124
188.096 324.120
186.328 345.061
191.308 365.190
204.131 379.627
221.146 387.874
242.535 387.555
266.748 381.833
291.110 367.297
308.571 348.659
320.095 331.053
330.876 311.663
341.838 293.272
347.857 265.174
181.432 236.705
185.114 237.699
193.812 239.861
203.069 243.095
213.216 247.667
244.291 252.902
255.271 251.630
268.387 251.985
280.714 253.250
292.884 255.130
226.179 262.878
221.112 281.892
216.202 301.196
212.249 320.407
208.381 312.963
211.934 323.297
221.009 331.922
235.754 329.475
247.138 318.773
191.663 252.098
193.450 250.879
206.404 253.994
213.224 258.440
205.047 259.407
193.433 258.906
254.306 266.983
259.651 265.438
272.404 265.761
282.582 269.189
273.227 272.570
260.671 272.067
197.761 345.119
201.291 343.102
205.306 344.440
217.937 349.454
233.533 350.614
240.613 352.193
245.672 355.847
238.066 357.097
228.716 358.110
217.695 355.787
206.789 352.189
201.923 348.726
201.910 343.589
209.586 346.207
220.448 350.241
234.634 352.366
246.548 353.452
230.360 351.539
219.256 349.599
208.996 346.737
195.923 253.953
262.590 266.889
