191.701 245.253
192.057 270.103
191.404 290.467
184.996 311.849
181.970 329.452
175.817 349.258
176.459 365.596
179.736 379.556
189.681 389.032
208.978 389.439
233.729 383.914
261.014 373.546
283.739 356.632
298.882 338.700
308.655 316.547
311.813 295.863
312.854 268.196
153.133 240.930
153.291 243.338
157.504 246.204
162.923 249.356
170.196 253.880
192.198 257.276
199.134 254.946
209.208 254.076
220.536 253.767
236.108 255.121
182.204 266.871
177.812 282.140
171.509 295.818
166.568 310.050
168.503 313.473
171.700 321.119
178.265 325.661
191.236 325.229
204.522 318.989
159.476 259.080
157.876 257.846
165.625 259.037
173.821 265.504
166.850 268.462
159.700 266.720
207.806 272.120
209.463 268.168
218.520 269.377
229.295 273.554
220.115 279.554
210.778 277.373
168.307 343.191
166.115 338.764
166.078 335.923
173.875 337.719
190.732 340.396
202.995 345.823
214.094 352.736
205.894 361.267
192.692 367.399
179.134 366.645
171.514 361.060
169.455 352.394
171.183 343.424
170.341 342.011
176.763 344.222
192.989 346.622
213.046 351.798
193.256 359.426
179.594 358.377
171.294 354.101
162.094 260.265
214.580 270.791
