184.481 258.049
193.392 283.267
201.548 304.830
214.868 326.783
229.657 343.444
257.662 356.005
288.137 364.232
313.565 370.464
330.789 372.656
340.625 361.960
339.364 350.287
333.687 336.655
323.877 323.017
315.513 308.351
309.794 290.229
307.481 273.744
301.968 252.824
260.450 218.765
277.154 214.115
292.864 212.365
304.354 213.800
312.696 217.391
335.240 218.264
339.482 215.617
341.982 215.196
342.341 216.781
338.269 221.509
325.936 228.916
332.404 244.823
341.107 257.339
353.205 270.518
311.434 292.839
325.042 295.171
337.511 293.457
339.700 293.905
336.278 286.996
269.167 237.006
281.562 229.860
290.593 231.304
294.855 238.408
291.534 240.390
280.712 240.761
324.836 238.175
333.679 231.747
338.619 231.943
336.412 238.423
339.013 241.114
333.674 240.266
313.180 326.495
320.857 320.278
330.148 314.918
341.955 311.287
348.185 311.643
349.384 314.630
347.377 320.411
349.356 324.565
350.384 328.306
344.573 328.541
334.475 329.100
322.138 328.300
313.403 325.695
326.676 323.403
338.043 320.922
345.482 319.883
344.479 320.732
347.862 319.106
342.430 319.048
332.721 321.235
286.295 233.167
335.510 234.169
