196.516 243.353
205.020 260.105
213.438 271.248
229.303 281.480
245.749 287.924
271.602 284.726
300.521 277.993
328.051 272.329
351.863 270.634
369.038 268.312
375.847 272.183
376.984 275.968
371.660 278.078
363.719 273.970
354.293 262.983
346.879 252.566
338.651 236.734
236.887 174.771
248.097 166.102
260.507 161.326
271.868 160.265
283.601 162.324
317.945 161.714
325.503 160.072
333.923 161.854
341.120 165.724
346.750 174.440
305.880 170.329
314.375 174.511
323.514 174.473
331.906 177.680
305.649 211.763
321.052 207.989
334.738 205.442
344.337 208.193
347.274 208.518
254.521 187.282
263.427 178.479
274.158 179.228
281.746 186.790
277.114 185.876
265.035 186.476
324.876 186.107
331.626 177.062
339.767 177.713
344.182 186.289
344.168 185.817
334.514 185.345
310.577 238.948
318.630 229.643
328.044 223.135
344.004 217.630
356.603 221.148
362.933 228.082
366.763 236.527
363.681 234.672
359.536 231.374
348.095 229.862
332.295 232.076
319.999 235.733
312.415 239.123
327.628 232.010
343.014 228.435
354.457 230.691
363.149 237.007
355.658 227.277
345.524 225.895
330.404 228.282
269.159 181.207
336.343 180.449
