195.381 275.483
189.557 298.208
186.340 314.987
178.374 326.260
171.287 335.416
158.508 339.787
151.442 341.295
149.861 343.184
156.452 344.803
175.782 341.377
200.840 338.888
231.570 334.409
261.346 328.324
280.861 317.851
295.646 300.224
307.122 279.992
316.208 253.410
162.849 226.930
161.802 219.293
165.286 214.086
169.670 212.516
174.782 214.042
196.759 207.674
205.547 203.054
216.627 201.811
227.837 203.509
241.990 208.960
180.474 220.409
171.241 232.488
161.617 243.708
151.612 258.301
162.968 280.165
162.125 280.862
164.933 278.239
174.409 279.070
186.666 275.583
163.600 239.987
162.291 232.167
170.480 232.448
176.294 237.237
167.753 239.493
160.403 241.068
206.445 231.049
209.007 222.208
217.980 220.098
228.150 226.190
217.371 229.788
208.717 231.694
145.780 301.235
144.851 288.639
150.442 279.972
159.476 278.693
167.427 278.349
172.422 285.030
173.220 296.556
164.528 297.951
153.591 299.976
150.046 300.499
145.384 300.000
145.594 300.687
149.383 302.224
146.132 290.790
155.926 289.117
163.056 288.604
174.052 297.597
157.895 291.939
154.327 292.975
148.984 293.167
164.331 235.390
214.923 224.081
