172.417 225.979
167.831 255.584
166.912 279.696
165.596 308.225
166.865 332.632
172.256 361.957
185.207 388.143
199.537 408.741
218.239 421.705
241.720 417.721
265.753 405.864
292.581 389.516
313.923 367.554
327.428 345.757
337.994 320.800
346.890 298.195
356.064 268.426
171.251 210.817
179.087 208.937
192.037 210.926
203.610 216.254
214.940 225.416
262.680 235.102
278.334 232.450
294.698 234.223
308.193 238.003
318.995 244.424
233.617 250.115
226.274 274.673
220.353 295.363
214.731 317.776
202.316 316.906
209.096 325.708
220.898 330.762
236.266 332.487
251.325 321.792
181.755 239.849
187.203 238.783
200.911 244.153
208.380 251.806
198.005 253.077
184.980 249.218
264.444 264.789
275.774 261.310
289.886 264.107
297.849 267.523
287.320 273.449
272.472 271.164
194.616 359.680
197.409 352.223
203.414 350.594
217.947 351.969
233.819 356.152
242.619 361.747
249.405 371.543
240.969 383.145
229.575 392.261
216.645 393.924
203.814 387.651
197.607 374.955
197.381 360.450
205.265 354.777
219.335 356.611
235.080 360.833
247.424 370.607
230.829 385.065
217.562 386.947
205.019 380.027
189.621 242.805
277.258 263.675
