206.963 241.812
214.139 261.986
217.962 277.867
215.826 296.006
216.924 311.799
218.132 332.206
225.970 351.589
237.415 369.205
252.867 379.815
271.001 378.844
290.380 370.817
312.545 358.137
329.783 339.304
339.117 320.500
343.705 300.609
347.108 283.958
354.106 262.672
188.460 279.105
192.107 285.092
198.810 289.482
206.400 293.480
215.613 296.891
247.575 294.839
258.558 293.433
271.963 292.356
284.817 291.359
299.327 289.518
230.522 305.021
229.067 319.512
227.727 333.570
227.974 348.640
218.397 324.106
225.826 334.969
237.165 343.672
249.830 344.283
260.709 338.572
199.823 290.420
202.630 297.563
211.997 298.155
217.418 297.260
212.848 299.514
204.084 298.404
258.351 302.730
263.531 304.621
274.952 305.831
284.661 305.153
275.731 312.553
263.298 310.429
218.642 333.959
219.485 336.939
225.720 345.413
237.763 356.568
250.892 360.773
262.217 361.138
270.306 361.055
263.487 365.443
253.236 371.331
242.271 371.992
231.670 361.619
223.538 345.996
221.422 333.541
228.153 345.321
240.773 360.039
254.881 362.613
268.917 359.427
251.567 366.019
241.726 365.725
231.935 354.018
202.651 293.288
266.217 306.407
