154.745 235.193
159.052 257.332
162.648 275.849
171.289 301.438
181.355 321.107
200.310 339.735
221.852 355.155
246.797 365.466
268.902 371.253
287.779 366.250
296.631 357.101
299.934 342.501
299.497 325.917
298.040 307.436
298.665 284.402
299.401 266.827
305.561 245.511
218.843 222.998
233.118 221.174
247.921 218.789
260.493 218.359
271.219 220.641
306.779 223.512
315.274 223.392
323.046 225.768
328.449 228.641
330.055 232.003
287.995 236.938
289.331 257.020
292.677 270.441
295.829 285.818
260.175 296.518
272.508 301.382
286.117 303.286
292.533 301.738
295.147 294.292
227.094 241.276
238.021 238.796
250.236 239.287
256.840 245.305
248.427 246.405
235.477 245.024
299.063 247.693
309.679 244.207
318.962 244.686
318.032 248.494
318.107 250.680
307.848 250.194
242.131 330.908
255.578 322.403
269.169 316.924
285.896 316.211
297.133 316.396
299.274 321.451
299.196 330.044
300.066 337.605
293.786 344.614
280.958 345.236
265.180 343.634
252.129 337.618
244.687 329.527
265.242 326.025
283.559 325.870
293.298 325.520
296.097 329.136
296.645 334.739
285.545 335.361
268.067 334.595
245.230 238.114
313.781 243.116
