163.010 273.898
167.430 298.673
171.913 317.091
179.583 335.164
188.987 349.016
207.132 357.676
231.922 362.500
257.728 365.119
284.080 367.662
307.836 363.262
325.179 360.242
338.539 353.795
343.650 346.283
343.760 334.428
341.833 316.262
340.635 298.320
340.013 272.812
197.173 221.904
209.314 213.559
224.264 209.725
237.640 210.192
250.995 214.116
295.612 214.480
307.473 211.901
319.947 212.564
330.018 216.393
337.140 224.987
274.068 225.811
277.319 236.425
280.809 246.201
284.108 259.606
251.077 284.765
263.966 287.101
280.729 287.421
294.404 287.290
302.379 282.798
213.979 241.430
222.620 231.723
235.054 232.336
245.267 241.715
235.805 242.583
223.235 243.307
294.304 242.134
306.854 232.129
318.346 233.657
323.476 243.232
319.412 245.203
307.408 243.980
242.507 321.918
251.753 315.043
264.380 308.162
282.741 305.722
299.011 306.679
310.842 312.571
315.518 319.554
307.979 322.444
297.297 325.920
283.336 326.871
266.722 326.129
253.840 323.866
246.264 321.674
263.433 317.691
283.254 316.362
300.412 316.399
311.773 319.911
294.901 315.767
282.276 316.761
267.777 317.006
229.796 235.643
312.217 237.304
