161.394 262.261
167.780 283.017
172.565 301.006
173.699 317.609
175.497 333.268
178.982 347.106
189.512 357.818
201.861 365.773
221.958 369.570
245.755 368.090
263.608 361.861
280.778 350.769
292.822 337.804
299.081 323.226
303.235 302.897
310.238 284.272
320.217 260.826
170.738 213.109
177.858 205.675
188.367 201.896
197.881 202.379
207.614 206.283
238.277 204.968
248.689 201.109
261.244 200.451
273.158 203.109
284.785 210.483
220.681 219.588
217.045 233.493
213.860 240.479
210.808 248.840
199.152 272.999
205.475 274.320
215.542 274.435
227.191 275.713
236.633 273.472
179.958 232.697
187.467 224.897
197.373 226.014
205.277 234.427
195.418 234.858
183.548 235.189
241.239 234.517
248.634 224.505
259.263 223.623
268.938 231.382
262.546 234.026
250.099 234.582
195.446 312.162
198.079 297.805
205.457 290.257
218.027 287.909
229.999 292.093
240.548 302.187
251.252 318.516
249.272 332.510
238.477 339.805
225.668 342.030
212.484 335.437
202.498 327.621
197.846 314.888
205.275 298.859
218.644 295.683
233.603 301.693
250.283 319.308
239.379 333.253
225.743 334.769
211.798 329.208
191.264 229.416
255.000 228.824
