189.364 227.258
186.562 252.471
184.522 273.882
185.014 294.823
191.501 314.616
209.406 336.673
232.172 356.233
251.428 371.794
271.075 381.639
292.095 380.513
307.614 373.287
323.559 362.777
332.576 350.093
335.411 334.904
336.284 315.218
339.401 295.660
344.998 271.684
231.770 197.652
245.895 194.617
261.338 194.945
274.230 198.916
285.471 206.338
326.876 216.452
338.487 215.516
349.488 218.838
357.288 224.729
361.913 234.011
302.706 226.841
300.421 243.830
299.532 256.326
296.973 273.047
266.115 283.827
276.351 290.574
289.558 294.716
301.557 297.678
311.502 292.666
240.542 222.765
253.265 217.371
265.733 221.547
271.627 230.565
263.389 232.396
247.992 229.447
321.404 242.588
334.201 236.757
344.463 241.005
346.571 250.934
340.843 254.131
329.706 249.576
262.303 326.403
266.971 314.832
275.074 308.330
291.035 307.578
303.979 314.968
309.465 324.891
309.793 338.107
306.051 348.183
298.315 357.004
286.144 357.543
273.514 350.855
266.652 339.119
264.733 326.345
276.320 322.578
289.125 323.795
300.733 328.814
307.071 336.631
299.643 345.093
290.027 345.863
279.376 339.984
257.892 224.384
337.643 244.751
