172.917 247.261
177.824 274.744
180.061 296.501
182.963 313.742
190.022 328.660
202.956 344.436
224.214 356.483
249.011 364.719
274.741 368.070
298.215 363.246
315.579 354.687
328.091 341.583
330.831 326.746
330.356 311.202
329.287 291.505
329.365 271.452
330.694 245.175
199.128 215.237
209.575 209.286
222.712 206.790
235.182 207.609
248.629 211.851
296.567 210.485
309.117 206.333
320.751 205.832
329.569 207.960
335.158 214.206
272.156 228.126
273.085 246.505
275.560 261.698
278.887 278.073
244.406 291.666
257.955 297.765
275.530 298.278
290.599 297.401
300.328 288.194
214.045 233.043
222.337 227.546
234.076 227.274
242.665 234.636
234.966 237.424
222.023 238.018
298.281 233.252
308.119 226.035
318.397 226.671
323.647 232.171
320.228 236.305
307.791 236.467
238.452 324.976
245.587 320.754
258.052 317.051
278.283 315.062
295.229 315.849
304.898 318.904
310.544 322.176
302.354 325.768
292.023 331.232
279.250 332.238
263.936 331.112
248.864 327.046
242.507 323.676
257.325 324.303
277.583 322.802
295.575 323.516
306.362 322.038
291.881 323.556
278.748 324.216
262.937 323.965
228.262 230.819
312.709 229.532
