205.792 308.440
207.318 330.001
209.558 348.583
219.620 369.929
229.366 385.870
248.037 401.099
268.962 410.634
288.747 419.232
302.866 416.929
311.908 399.065
311.881 376.392
311.010 354.684
304.086 335.184
297.687 318.145
294.915 300.002
296.640 284.237
300.972 263.576
293.291 319.169
308.346 317.329
321.211 316.192
330.279 316.767
336.308 317.987
356.214 305.119
360.744 296.065
362.468 287.864
361.908 282.109
356.764 278.884
345.028 324.048
348.951 339.251
352.788 354.308
356.222 370.651
310.883 366.731
320.403 372.273
334.179 373.226
336.494 360.923
336.778 346.460
297.477 332.429
309.641 332.737
314.727 329.662
315.806 328.375
315.707 334.324
307.033 336.325
340.320 312.313
349.342 309.318
352.648 303.379
349.132 298.175
352.904 305.072
349.531 312.037
284.792 388.764
298.994 384.094
314.231 383.260
329.336 379.380
333.762 368.928
330.426 361.082
324.388 358.554
324.277 375.515
323.064 390.054
317.356 396.887
307.391 401.282
294.598 397.391
283.278 387.239
308.198 383.122
325.168 379.944
328.872 368.209
321.779 358.642
322.130 385.313
316.058 393.027
306.505 397.309
308.897 329.447
348.125 304.070
