178.474 242.597
183.077 265.989
186.246 285.375
195.114 303.617
205.416 319.595
227.048 334.471
253.500 344.797
275.930 352.850
295.745 359.636
311.821 356.555
319.655 352.141
325.716 345.216
324.675 335.313
323.287 322.604
323.296 304.966
322.795 287.970
325.258 266.228
233.279 208.117
246.072 203.439
259.693 201.884
271.487 204.164
281.952 209.999
315.869 216.522
325.374 215.376
333.659 217.583
339.197 221.859
341.780 229.378
297.849 225.552
300.809 238.330
305.116 250.146
310.612 265.787
281.236 278.212
294.319 284.903
306.126 286.880
313.100 285.862
316.961 280.213
244.575 224.053
254.831 218.260
265.879 221.040
270.507 230.828
265.385 230.957
254.074 229.013
313.583 238.672
323.324 231.141
332.040 232.116
335.839 241.324
332.347 244.056
323.943 242.356
293.488 313.697
295.779 308.190
304.192 306.184
315.898 307.152
320.142 305.753
321.671 307.737
320.241 313.476
319.413 319.221
319.156 324.346
317.214 325.158
309.515 322.636
300.918 318.409
289.748 313.394
301.734 313.468
311.114 314.629
316.164 313.248
318.227 314.402
317.558 314.317
315.761 315.232
309.426 313.806
259.794 223.272
327.306 235.194
