176.598 244.830
184.465 263.521
192.633 277.873
199.484 289.316
204.897 298.629
214.788 301.602
231.177 302.121
251.640 302.751
273.632 303.372
292.849 300.302
306.016 299.230
316.628 298.018
321.117 295.430
321.838 286.816
324.249 269.975
327.773 254.846
330.238 236.163
197.171 185.304
205.995 176.703
218.343 170.638
229.883 168.584
241.387 170.093
278.269 164.687
288.504 162.583
299.725 164.890
309.442 169.933
317.084 179.342
260.933 175.463
263.693 185.159
266.127 193.646
269.294 203.681
249.381 234.723
257.263 235.102
267.473 232.085
275.924 234.262
281.805 232.128
211.254 202.970
218.078 195.068
232.453 194.252
239.792 200.137
229.318 201.006
218.058 202.534
279.948 197.275
289.338 186.768
301.269 186.190
308.012 196.082
304.212 197.008
291.966 196.654
239.232 264.160
245.898 257.135
253.990 250.051
268.785 244.788
282.588 247.571
291.811 253.892
298.303 261.552
290.634 264.741
281.160 267.036
271.105 267.580
259.205 268.458
247.898 266.685
241.807 265.144
256.401 260.610
269.811 257.853
282.253 259.172
294.681 262.353
280.237 257.787
269.843 258.198
257.784 259.352
228.387 193.400
299.647 189.670
