183.168 282.288
192.180 305.118
199.980 322.277
211.304 342.753
222.490 358.487
242.721 375.530
268.872 385.811
293.713 390.565
311.889 389.179
321.051 376.753
321.493 361.310
317.106 343.368
307.297 326.210
300.409 310.557
295.931 292.799
295.286 277.316
295.750 256.882
249.531 267.146
264.313 262.852
278.717 258.817
289.603 257.500
298.447 258.403
324.073 250.306
331.129 245.217
336.158 242.482
337.888 242.099
334.435 244.087
313.442 268.118
320.328 284.395
327.848 298.872
334.700 315.214
295.859 327.700
309.155 330.332
320.352 329.454
324.645 323.947
323.860 314.440
261.474 284.302
272.705 277.806
281.555 275.023
285.963 279.443
283.223 285.463
272.932 289.512
312.519 270.774
322.732 262.385
329.457 260.389
327.028 264.195
328.756 271.261
322.040 272.827
286.088 361.797
297.428 356.290
309.133 351.604
322.547 347.090
329.019 341.815
329.231 340.036
326.038 341.495
326.234 351.582
325.627 361.768
318.474 368.164
308.158 370.074
296.139 366.267
286.472 360.079
304.711 354.641
317.670 350.647
323.758 344.684
322.930 341.608
322.500 353.109
316.729 358.984
305.692 361.061
277.869 279.417
325.478 264.647
