183.079 203.406
187.797 223.899
196.445 239.589
215.679 251.837
233.664 263.471
266.009 273.406
302.011 287.081
331.542 299.620
351.665 312.885
358.443 325.340
354.476 340.015
348.846 355.109
334.968 362.629
321.901 360.555
312.988 350.152
308.070 336.965
304.859 319.384
279.381 162.249
295.828 160.607
309.797 164.364
320.086 170.941
328.408 180.324
352.090 206.523
356.531 212.840
359.574 222.552
360.113 233.665
356.055 248.804
345.194 200.274
355.174 208.587
363.409 218.689
370.053 228.951
329.011 232.302
342.979 240.102
354.147 248.334
356.259 256.065
353.638 259.885
291.243 183.646
303.266 180.854
312.173 187.847
311.706 200.271
311.303 195.992
302.224 188.557
340.581 230.541
351.012 230.447
356.487 237.768
351.375 249.663
354.087 244.764
348.167 235.767
322.890 258.008
334.172 252.404
345.357 253.617
357.320 261.755
362.299 272.504
361.829 283.047
358.292 295.816
361.087 292.060
360.056 285.262
355.307 277.399
345.379 267.742
332.310 262.599
322.968 259.841
341.282 261.962
354.798 270.629
359.710 281.518
355.331 294.292
359.845 280.571
356.112 271.969
344.022 264.266
309.253 189.633
353.359 238.526
