173.017 273.007
183.086 293.656
188.671 310.115
189.210 328.724
191.541 343.917
195.547 357.860
205.519 366.310
217.792 373.359
235.530 375.274
256.305 367.156
277.522 355.817
297.474 341.271
308.388 324.249
311.158 306.502
311.332 285.363
312.810 266.978
313.981 242.141
164.978 252.498
168.803 248.422
176.682 245.379
185.332 244.706
195.580 246.198
226.529 237.927
235.514 231.106
247.344 226.460
259.089 224.385
271.772 225.300
213.618 256.831
214.241 274.200
213.468 288.196
214.206 301.911
208.279 312.703
214.032 318.003
223.782 318.088
235.998 313.842
244.528 303.314
178.446 266.834
181.431 261.975
192.167 260.914
199.883 265.787
191.462 270.505
181.892 271.536
237.785 257.242
241.512 249.178
252.379 245.714
261.408 247.647
256.746 253.802
245.498 258.093
204.928 337.103
210.348 335.729
215.711 333.621
226.374 332.615
239.337 328.583
250.460 327.143
261.574 326.159
249.768 331.473
238.295 337.656
227.940 340.176
217.225 340.446
210.696 338.229
207.793 336.202
218.208 335.937
229.456 334.510
242.996 330.605
259.500 326.118
237.669 329.652
227.633 332.826
217.897 333.674
186.961 263.203
248.321 249.187
