219.747 257.132
216.231 284.677
216.664 307.357
225.793 327.505
234.362 345.230
254.272 365.135
277.389 380.562
297.949 393.603
313.215 399.848
324.429 392.304
325.891 379.361
324.614 363.211
319.593 346.194
316.836 330.640
318.242 314.854
322.223 298.577
328.285 276.839
300.998 258.382
317.655 259.994
332.493 261.728
342.651 263.981
350.033 267.157
373.237 272.747
378.804 272.322
381.494 272.632
380.685 272.624
373.975 273.009
361.681 281.232
365.402 298.074
368.346 315.672
368.630 336.534
325.936 328.709
335.810 338.973
346.201 343.253
349.793 340.646
348.940 330.363
305.997 275.165
317.872 274.697
325.906 275.515
326.498 279.032
322.854 283.077
314.113 282.103
351.620 285.158
361.287 283.462
366.288 285.318
363.013 286.807
362.432 291.917
358.239 290.890
304.179 356.248
315.199 359.054
327.717 361.165
340.459 362.763
345.332 360.256
344.718 356.579
341.426 354.989
341.106 361.918
338.924 369.252
333.718 371.107
324.623 368.707
313.996 362.599
305.129 355.432
320.320 359.720
332.904 362.609
338.034 359.316
338.855 354.658
339.321 359.699
334.144 362.134
324.926 360.295
317.775 275.660
360.308 284.999
