187.877 268.497
190.653 292.890
193.217 312.217
198.538 337.432
205.783 357.418
225.509 376.612
249.215 392.827
272.304 405.753
291.905 411.001
308.628 402.829
317.369 388.487
322.419 370.814
321.208 352.374
319.037 333.188
320.537 310.801
322.446 292.260
327.200 269.856
254.042 264.175
267.280 262.282
279.556 261.741
289.478 263.111
298.576 267.376
328.640 267.811
336.641 264.057
343.795 262.654
348.568 262.402
350.778 264.623
313.310 282.680
314.429 300.849
317.681 317.542
320.822 332.128
287.688 339.493
299.720 345.787
312.182 346.597
320.204 343.751
325.950 335.640
260.852 285.103
271.220 286.143
282.567 285.742
286.120 289.149
282.628 291.796
272.284 290.965
328.858 286.788
337.143 285.282
344.988 285.391
346.057 283.501
343.252 289.423
334.011 289.583
272.765 370.174
284.122 363.161
297.562 358.592
314.744 357.111
326.222 356.141
328.111 359.595
325.791 366.208
323.327 377.017
318.307 387.394
306.287 391.518
289.865 389.357
278.309 380.281
273.911 369.755
294.529 366.509
312.299 367.395
321.486 364.506
322.763 365.637
318.053 377.974
307.266 382.136
292.049 379.603
277.972 287.060
339.915 284.383
