164.941 270.090
168.197 297.334
170.548 318.888
168.809 339.614
171.062 356.585
175.319 373.822
181.479 390.053
192.966 402.572
212.051 407.735
233.884 403.041
256.123 391.890
279.326 375.663
298.779 358.199
310.145 339.759
316.045 316.822
320.968 295.500
324.298 267.660
153.573 256.666
157.751 254.327
166.596 253.627
175.694 255.249
186.121 258.461
222.153 257.061
233.895 253.344
248.059 251.512
261.653 251.370
275.643 253.761
202.406 270.426
199.623 288.128
196.616 305.641
194.877 325.248
185.644 330.658
192.292 337.836
203.563 340.150
218.590 337.994
231.291 326.525
165.461 274.937
168.383 271.679
179.019 272.190
190.323 275.824
181.090 279.633
169.590 280.860
233.876 274.316
241.323 272.275
252.041 272.169
261.971 274.599
252.533 280.196
240.782 279.119
180.878 367.111
180.611 360.141
186.856 356.114
200.908 355.120
215.679 356.625
223.833 360.514
228.544 366.426
221.941 374.162
212.465 382.171
203.823 383.917
192.601 381.241
185.171 374.368
183.143 367.343
187.558 365.738
201.151 364.639
216.146 364.850
227.184 366.847
212.162 372.227
202.873 373.432
191.509 371.826
174.637 273.562
248.144 272.436
