151.978 259.418
153.967 281.841
156.038 300.906
155.017 327.185
156.970 349.115
161.565 375.786
169.772 400.444
178.832 421.298
195.020 434.017
217.275 434.205
241.437 424.315
268.340 409.158
291.116 389.388
305.469 368.716
314.628 346.776
318.711 329.880
320.464 307.316
137.533 315.912
141.689 325.508
150.172 333.312
159.665 339.898
170.601 345.209
210.112 357.305
222.698 357.914
237.437 357.843
251.295 356.187
266.432 350.865
187.927 358.776
184.599 373.853
181.920 389.201
179.828 407.379
175.030 373.025
181.393 385.602
191.895 398.528
208.500 395.863
221.487 387.541
151.139 325.899
152.839 331.905
166.454 335.427
173.369 338.411
162.905 338.630
152.563 335.360
223.765 354.191
230.092 359.434
243.907 359.927
251.920 358.197
242.305 362.143
230.622 360.866
170.559 385.867
170.580 389.785
177.064 397.504
191.033 407.600
207.806 409.948
220.612 410.838
231.747 411.617
217.945 419.853
204.176 422.720
192.011 419.167
181.562 413.639
175.450 401.640
172.095 386.165
176.401 395.031
192.307 406.905
210.982 410.212
230.520 409.959
207.126 418.977
192.786 415.663
181.696 407.127
156.887 332.429
234.991 357.438
