177.109 273.249
180.781 297.900
182.755 318.923
187.614 346.297
193.747 370.805
206.395 400.130
223.660 426.888
243.103 447.175
266.979 457.013
290.288 446.256
305.337 426.731
317.653 399.519
324.785 371.732
329.975 347.055
334.158 318.529
335.942 297.809
338.498 272.656
197.257 242.987
207.230 237.214
222.329 234.578
236.680 235.358
251.248 238.666
300.137 239.220
313.022 235.893
325.841 235.652
335.411 237.953
340.366 244.077
275.627 254.342
276.720 272.162
279.008 287.400
281.667 304.416
249.991 322.160
259.911 327.896
276.035 330.372
289.215 329.032
294.485 321.371
214.545 266.323
222.386 257.604
236.227 257.607
246.979 266.058
237.089 270.774
222.098 271.101
296.712 267.038
309.120 257.493
320.241 259.750
325.709 267.939
321.631 271.998
309.504 272.091
240.081 375.635
245.845 359.027
256.319 351.439
274.879 350.536
291.079 352.125
297.900 359.746
297.509 376.621
292.340 398.242
282.357 414.567
271.677 420.373
258.351 414.201
246.929 398.227
241.292 377.154
255.342 357.566
274.099 355.911
289.421 358.329
295.287 376.959
281.981 401.032
271.934 408.578
258.757 401.807
227.942 261.376
311.732 262.674
