199.306 246.467
204.427 268.049
206.171 286.544
199.557 307.241
196.429 325.628
187.990 349.331
182.301 373.152
179.636 393.794
184.527 408.566
197.514 413.082
217.073 410.656
239.686 403.246
261.495 388.448
275.804 371.998
282.056 351.128
283.606 332.916
282.141 310.549
141.611 263.266
135.427 267.530
134.239 273.088
136.314 279.478
141.220 286.807
157.403 303.180
162.900 304.894
172.186 307.924
182.853 311.200
198.644 313.779
148.927 305.948
145.108 323.487
140.932 340.092
139.429 356.341
158.567 340.414
157.291 352.198
160.207 360.630
169.630 361.753
179.759 357.937
149.702 279.905
144.193 283.857
148.810 288.432
156.790 294.214
151.546 294.639
147.568 289.935
176.417 313.631
174.747 316.260
180.786 319.761
194.112 322.123
184.595 326.552
177.630 321.112
169.235 359.559
160.990 363.049
158.590 367.351
161.867 374.742
171.089 379.376
181.300 383.715
195.076 387.067
186.974 391.575
177.588 393.902
168.522 389.443
164.840 379.451
167.087 369.596
170.529 360.368
164.466 369.170
167.568 376.966
176.275 382.168
194.016 385.595
175.245 389.121
167.275 385.318
164.783 375.655
147.572 287.024
180.029 319.274
