194.357 243.846
202.711 267.153
208.370 285.174
216.326 307.290
227.081 325.084
251.861 340.011
278.740 352.229
302.183 361.636
321.821 364.875
337.788 356.449
345.488 343.433
350.531 326.889
351.153 309.649
347.899 291.066
346.733 269.660
346.618 252.331
347.721 229.425
260.799 224.325
276.589 222.277
292.042 221.439
304.032 222.621
313.885 225.841
347.169 218.556
356.152 213.327
364.910 210.558
371.058 209.858
373.618 212.241
329.090 236.771
333.705 253.226
339.623 265.941
345.374 281.479
312.174 293.086
325.271 298.973
338.989 299.446
347.062 296.795
350.975 287.690
272.048 242.734
284.332 240.431
296.396 240.713
301.117 244.682
296.552 247.426
284.303 247.679
344.603 240.017
355.310 230.766
364.381 229.289
364.770 234.352
364.158 240.789
354.898 242.163
304.633 330.849
314.674 323.941
327.571 318.556
342.898 315.052
353.663 314.322
357.607 317.828
357.103 323.775
352.721 330.238
346.827 337.796
336.416 341.831
323.898 340.724
313.078 335.626
305.862 329.515
323.912 326.115
340.143 324.952
351.100 322.952
354.019 323.287
348.824 329.561
338.431 331.875
324.826 332.650
289.660 235.858
358.667 230.709
