157.778 272.815
165.933 299.190
172.513 319.236
181.882 336.286
191.683 349.097
206.265 359.185
224.985 366.890
246.285 370.126
272.105 368.163
296.084 356.140
311.893 344.102
324.176 328.306
331.598 313.874
334.659 298.447
334.252 277.357
330.371 256.873
325.999 229.573
166.758 234.873
173.736 227.586
185.371 221.803
197.383 219.003
211.085 218.712
255.030 208.187
266.413 202.545
278.740 199.682
289.734 199.094
299.412 202.459
235.937 225.935
239.391 240.673
242.786 255.904
246.745 271.972
228.796 291.339
238.244 294.422
251.393 291.874
264.545 288.270
272.399 280.345
185.597 249.588
190.134 241.228
202.774 238.118
213.458 242.136
206.010 247.651
192.898 252.121
262.756 230.734
269.412 221.026
281.234 219.046
289.972 223.948
284.189 230.398
271.307 232.266
227.498 330.022
231.871 322.431
238.286 314.188
255.208 307.929
272.728 304.643
283.405 308.124
292.304 311.998
282.720 315.706
273.299 320.020
260.048 325.176
243.923 326.941
234.984 328.548
230.417 329.240
242.723 322.102
258.115 316.951
273.418 313.030
288.778 313.280
270.814 312.642
257.433 315.953
242.714 319.735
195.996 241.452
274.360 222.799
