182.236 251.547
190.826 271.374
198.271 286.174
200.681 305.026
204.236 320.090
209.310 335.648
214.662 351.792
226.684 363.998
242.880 369.056
260.640 363.119
277.700 350.707
291.627 332.895
304.514 315.234
310.666 296.920
314.851 274.766
320.509 259.180
325.117 236.795
170.554 242.130
173.502 240.575
181.372 240.453
190.894 241.922
201.957 244.937
239.408 240.005
250.762 234.515
264.159 230.603
276.312 228.331
287.547 228.509
221.273 257.372
222.373 275.585
222.322 292.192
220.541 309.588
213.510 311.949
218.236 317.924
227.022 320.916
239.262 317.995
247.619 307.970
184.610 261.291
187.057 257.126
199.873 257.251
208.571 263.253
200.133 267.069
188.049 267.662
249.943 258.146
256.353 250.749
269.965 249.454
280.690 252.697
272.822 259.784
259.612 261.818
208.529 338.081
209.093 335.769
212.752 334.059
223.794 333.411
239.276 334.765
248.126 336.379
254.523 338.153
248.802 342.872
240.574 349.098
229.751 350.583
219.614 348.579
213.072 343.074
212.286 336.343
217.269 338.274
226.743 339.822
239.762 339.290
253.742 336.502
238.264 340.749
227.587 342.083
218.247 339.436
193.132 259.911
263.451 253.076
