178.875 265.603
194.931 285.720
209.147 301.018
230.415 313.433
251.068 325.021
277.223 333.407
304.057 337.711
328.629 338.017
352.185 334.046
366.782 323.283
371.433 313.392
372.518 298.508
366.697 284.949
361.054 272.258
352.298 255.579
343.350 240.984
331.921 220.231
202.895 187.735
210.401 174.899
222.117 166.562
234.449 163.118
248.426 163.466
283.677 153.992
290.556 149.252
299.385 148.369
308.165 150.845
317.042 159.470
275.940 169.039
287.440 174.649
297.392 180.182
306.862 187.637
281.062 226.584
293.096 223.464
308.596 217.354
319.130 215.952
323.868 213.906
228.244 204.200
233.285 192.556
243.204 190.056
254.022 195.490
247.982 196.740
236.969 201.634
295.477 184.995
301.882 172.525
311.678 171.690
318.266 178.881
318.430 179.502
308.847 181.172
290.654 279.628
289.499 254.995
297.048 237.616
313.752 227.239
330.077 227.865
340.548 239.570
348.963 261.612
351.718 283.033
350.815 297.791
341.117 306.365
322.985 305.787
305.435 298.342
293.681 281.472
299.584 248.565
317.714 236.105
333.310 238.685
346.845 263.894
345.499 288.663
337.481 297.341
320.234 296.780
239.173 194.238
307.388 175.849
