210.541 230.995
212.898 252.146
212.638 270.739
212.914 292.079
215.299 310.673
212.499 334.273
213.737 356.538
215.335 378.209
224.354 391.714
241.288 388.663
260.685 375.897
278.424 361.313
292.006 341.188
302.517 324.795
308.931 305.522
314.333 289.200
318.207 269.177
163.952 243.079
162.795 243.765
165.162 245.853
168.599 250.421
173.796 257.405
199.757 265.452
208.849 263.272
220.213 263.772
230.796 266.525
243.847 270.692
187.301 276.509
187.123 293.344
184.622 305.517
180.293 321.605
186.370 305.531
190.916 314.809
197.529 322.459
209.843 322.157
220.211 318.132
175.763 262.241
173.410 261.195
180.653 264.391
188.288 271.664
182.050 272.819
175.217 270.550
216.870 282.638
217.706 280.370
227.742 282.834
238.637 286.947
229.054 291.878
219.434 288.899
199.845 329.809
191.400 325.545
189.597 326.965
197.401 332.562
212.430 334.814
227.718 338.634
246.939 346.829
241.707 361.761
229.947 372.648
215.296 374.382
206.677 365.806
203.344 349.328
201.748 331.474
192.909 328.796
200.210 335.274
218.606 338.026
246.048 346.029
229.116 366.107
215.889 367.694
207.116 358.832
176.720 265.290
222.375 283.753
