149.551 267.643
154.157 287.014
157.681 302.383
163.531 315.449
171.325 326.372
185.993 330.626
207.754 329.743
232.215 327.842
257.769 325.745
281.223 318.817
300.157 316.638
315.213 312.957
318.706 306.776
317.656 296.682
315.540 281.185
312.482 267.416
309.513 248.604
174.748 201.525
185.975 193.437
198.607 189.868
209.093 189.188
219.363 190.851
251.818 186.135
261.297 182.248
271.945 180.568
281.909 181.486
291.263 188.856
236.001 195.962
238.381 202.752
241.117 209.897
244.511 217.092
218.626 247.158
230.717 247.011
246.130 244.345
260.342 242.951
267.912 238.881
185.346 217.325
192.208 209.553
204.061 207.120
211.513 213.459
204.231 215.997
192.437 218.417
259.089 206.342
267.432 198.310
277.993 197.428
283.421 203.652
278.438 206.177
268.244 206.743
216.789 283.274
219.277 268.313
228.854 258.108
246.788 252.095
266.881 254.239
278.101 261.190
281.864 273.412
277.963 279.898
266.611 286.408
251.927 290.312
235.797 291.485
223.218 289.237
219.098 284.214
230.619 268.712
248.285 262.876
267.447 263.296
279.576 274.267
264.784 276.482
250.108 279.970
235.257 281.559
200.331 208.933
274.315 199.032
