179.969 259.649
173.179 282.679
168.026 301.641
160.063 314.082
155.417 325.786
149.558 334.570
148.587 341.299
150.534 346.718
161.400 351.258
180.486 349.319
205.481 349.113
235.374 347.202
261.842 341.701
279.722 332.286
293.571 315.956
306.955 296.179
319.543 270.938
172.969 206.694
175.844 197.855
182.523 193.772
189.307 193.683
196.869 197.542
227.127 197.588
237.824 194.189
249.911 195.001
261.191 198.852
271.823 209.381
205.050 209.763
193.390 224.102
180.999 234.598
169.876 247.338
169.505 270.242
169.840 272.802
174.891 273.413
184.613 273.594
199.190 270.500
172.933 216.712
175.775 211.998
183.845 210.730
190.351 218.665
182.089 219.326
173.701 218.746
228.858 220.738
234.565 213.346
242.998 213.924
250.997 220.477
243.777 222.257
232.776 221.825
157.364 304.112
156.926 298.510
158.552 295.107
163.396 293.157
170.650 293.302
179.982 297.430
187.564 304.171
176.805 305.791
164.081 307.258
156.796 308.895
152.789 307.544
155.057 306.206
159.899 304.763
160.914 303.804
165.548 302.304
174.406 302.679
189.717 304.815
167.571 300.747
159.555 301.456
155.981 301.377
180.929 212.079
241.095 214.913
