160.414 272.737
170.260 299.373
178.440 321.658
191.201 341.694
205.332 356.736
226.587 373.385
253.074 385.022
278.176 392.039
299.192 394.226
313.947 385.087
323.276 373.390
329.344 353.766
327.558 332.751
325.618 315.052
324.082 294.162
321.330 273.836
316.056 247.705
225.673 235.433
240.276 228.938
255.406 225.273
267.037 224.816
277.246 227.026
311.191 222.309
319.076 217.419
326.039 215.677
330.836 216.549
331.174 221.465
296.613 237.752
304.237 254.548
311.813 270.122
318.028 287.599
282.551 307.033
295.995 311.696
309.011 310.498
316.349 309.416
316.836 301.226
243.610 250.390
253.658 243.837
264.769 244.591
268.436 249.354
264.091 252.254
254.179 253.563
305.254 244.019
315.330 236.306
322.751 235.421
324.229 239.668
323.298 244.582
314.026 246.131
278.231 345.963
286.647 338.032
297.220 333.480
310.939 331.020
320.267 331.689
322.926 334.878
320.700 342.451
319.705 347.801
315.567 353.224
309.545 351.449
301.179 351.288
287.987 348.790
277.986 344.229
295.007 340.137
307.937 338.013
315.741 338.492
317.823 340.647
315.654 342.434
307.565 341.959
298.567 343.368
258.008 243.948
317.812 236.191
