190.212 295.911
201.363 315.663
208.170 331.867
219.533 350.511
230.768 365.638
251.336 383.052
276.326 393.378
299.309 399.129
319.062 397.872
334.313 386.195
343.726 369.529
350.983 348.391
351.551 325.563
349.427 305.473
349.749 284.390
349.968 266.522
350.264 242.450
241.748 293.173
254.916 289.397
269.003 286.559
281.167 285.875
292.614 286.319
328.665 273.858
337.150 266.527
345.734 260.767
352.735 256.889
358.382 255.054
314.063 294.683
319.307 313.098
323.781 327.937
327.713 343.276
298.566 350.958
310.594 354.659
323.626 352.689
332.960 347.071
338.558 337.411
259.888 306.951
269.163 304.252
280.376 301.906
285.379 302.016
281.287 308.022
271.089 311.730
328.434 289.046
339.892 284.117
348.287 279.466
349.377 279.138
346.918 287.676
338.094 290.858
292.279 378.560
301.375 374.885
313.374 370.238
327.277 365.357
338.377 360.894
344.647 358.331
344.018 358.180
341.277 368.636
336.396 381.705
327.133 389.079
314.566 389.820
302.932 383.155
295.118 376.304
312.235 376.406
327.080 373.003
338.310 366.653
340.622 358.797
335.611 374.379
327.127 380.633
315.584 381.419
276.001 304.530
343.506 283.103
