160.088 273.800
167.636 296.469
171.925 315.548
172.087 337.040
174.435 355.472
178.559 377.494
188.101 397.495
201.321 412.888
218.946 420.953
239.782 416.448
263.154 403.538
285.999 383.844
302.338 361.870
310.085 339.859
314.089 315.692
317.847 297.322
323.249 273.157
144.969 279.237
148.804 280.633
157.729 282.031
167.134 284.484
178.191 287.744
219.027 286.971
230.791 282.992
245.300 280.336
259.660 278.720
274.196 277.891
198.451 300.461
196.512 320.799
195.173 340.392
194.800 361.697
190.659 350.767
195.378 362.245
204.422 367.377
216.217 364.172
228.147 353.129
163.150 293.261
165.409 290.723
176.040 291.150
185.992 296.643
177.475 299.886
167.387 300.617
232.720 296.263
238.328 292.003
249.882 292.570
260.707 295.092
252.416 301.574
240.969 301.287
188.900 377.364
192.415 378.223
196.565 380.234
206.586 382.565
220.353 382.138
231.784 382.357
244.224 381.271
235.067 385.734
222.292 391.287
211.494 391.177
200.784 389.289
194.302 382.864
191.711 376.193
201.784 379.089
211.158 383.269
224.887 381.894
242.491 379.964
222.729 382.397
210.900 383.514
201.341 381.050
170.926 293.553
245.110 294.045
