171.729 248.842
168.372 274.946
165.452 296.111
160.179 319.525
161.614 342.594
169.316 368.147
178.298 390.376
191.776 409.426
212.368 422.371
237.285 419.637
256.524 409.219
275.852 392.754
293.664 374.577
304.615 355.800
312.340 332.760
317.823 314.142
326.176 290.771
206.009 205.745
218.005 200.043
231.234 199.808
241.984 203.511
251.988 211.127
292.385 219.116
304.587 217.556
316.097 220.448
324.925 226.472
330.577 237.763
266.861 232.760
262.378 248.674
259.225 259.359
255.463 271.792
223.645 285.995
234.409 290.538
249.619 293.329
263.205 299.557
275.449 298.119
211.714 229.167
222.324 223.171
232.732 227.296
239.262 239.652
230.118 241.164
216.019 237.091
286.838 252.822
299.653 243.161
310.185 246.705
315.202 256.090
310.319 261.041
297.363 258.819
204.657 339.027
214.141 317.845
229.081 308.023
245.652 307.646
258.564 315.591
264.643 331.311
263.826 354.147
252.098 374.412
237.895 386.293
223.949 388.094
212.283 380.776
204.072 364.027
205.584 341.789
225.151 318.324
242.979 317.239
256.418 326.087
261.180 354.013
239.506 376.127
226.547 378.709
214.984 370.315
226.449 230.543
304.329 250.261
