162.435 256.564
163.086 282.583
166.367 304.651
175.725 327.866
186.495 346.689
202.257 366.162
222.282 383.238
243.285 396.860
265.786 403.095
285.703 394.126
298.893 379.434
309.765 360.478
315.089 342.231
319.418 325.056
323.059 303.379
323.251 284.308
323.158 260.119
207.109 222.971
219.419 216.196
232.912 213.384
244.419 214.529
255.423 219.496
292.941 219.313
302.523 215.840
311.970 216.342
319.784 219.574
325.939 227.076
273.781 237.713
275.045 257.067
277.852 270.913
280.343 286.314
247.977 299.656
259.627 305.464
274.762 307.283
287.091 306.847
295.115 299.531
218.876 243.890
227.290 236.938
241.632 239.424
246.021 247.673
240.439 247.082
228.451 246.536
294.102 246.789
302.218 238.635
313.576 238.941
316.427 245.189
312.940 247.642
303.120 247.981
235.260 340.346
243.220 328.657
254.957 322.874
275.248 321.767
291.600 323.185
297.890 329.269
298.557 341.150
292.821 358.630
282.944 373.082
269.934 377.621
253.871 373.869
241.427 359.581
237.259 341.585
254.608 330.846
274.163 330.594
289.384 331.044
295.874 341.236
283.829 363.485
270.417 369.806
254.224 364.143
233.799 240.731
307.786 241.380
