201.206 281.099
203.950 304.606
207.137 324.250
215.625 348.577
226.436 366.241
248.013 382.993
273.003 394.674
295.591 403.025
314.412 403.482
329.269 392.643
338.750 376.085
346.693 356.383
348.605 335.507
347.831 315.952
348.104 294.172
347.844 275.344
348.691 252.378
257.598 281.576
271.516 279.578
284.682 278.077
295.747 278.075
306.053 279.747
341.109 271.684
350.163 265.660
358.624 261.635
365.068 258.780
369.427 257.152
322.752 290.446
325.502 309.652
329.892 326.064
334.359 342.096
303.086 350.452
315.211 354.597
327.777 353.557
336.654 349.597
342.884 339.497
271.427 298.412
281.441 297.313
292.094 295.264
296.898 298.593
291.270 303.263
279.458 304.081
341.397 288.598
350.696 283.129
359.461 279.584
360.882 278.949
359.431 286.745
350.137 290.628
294.971 377.677
306.071 375.041
317.612 371.079
331.785 368.783
341.383 364.746
345.797 364.093
345.045 363.690
340.696 373.080
335.241 383.727
326.327 388.889
314.551 389.531
303.917 383.386
297.133 376.396
314.704 376.654
327.919 375.339
337.408 369.974
341.275 363.701
334.679 374.771
326.284 379.384
315.215 380.504
286.425 297.538
354.589 282.574
