174.886 261.158
176.935 286.246
178.462 306.505
177.406 324.440
181.613 339.776
194.196 350.871
211.892 360.633
231.914 368.999
256.339 371.827
281.496 368.016
302.560 360.306
321.621 348.820
334.673 337.900
339.184 324.084
340.038 304.568
342.812 285.253
345.299 260.519
187.288 208.805
196.504 200.882
208.544 196.283
220.194 195.338
233.398 198.346
280.889 197.548
293.734 194.290
306.940 195.389
318.386 199.213
328.602 207.874
256.412 210.647
255.588 223.351
254.381 233.933
253.713 248.897
228.456 272.084
240.460 274.975
255.413 274.413
271.588 275.800
284.651 268.796
202.879 228.091
207.597 224.676
221.699 223.978
231.555 226.377
224.991 225.994
212.828 226.743
283.870 225.471
294.075 222.536
306.681 223.128
312.460 226.425
303.856 226.026
291.397 224.861
219.067 314.569
224.997 300.774
235.760 292.273
256.050 289.423
276.691 291.919
289.123 301.372
299.518 315.410
290.156 325.348
278.453 332.425
257.384 336.832
235.817 332.065
225.058 325.061
221.633 315.696
235.912 302.135
256.896 299.102
277.253 302.509
295.353 315.017
275.890 325.346
257.058 328.442
236.863 325.495
217.060 222.571
300.054 221.605
