174.146 255.533
177.390 283.361
180.318 304.991
186.230 331.339
193.642 351.848
212.150 371.230
236.953 386.829
262.863 400.545
289.090 407.477
312.382 397.681
324.672 382.980
335.278 365.608
339.508 347.445
339.383 327.311
339.123 302.428
339.524 282.142
342.991 256.090
220.688 250.549
234.784 249.515
249.752 249.281
262.202 251.419
273.827 256.508
316.038 257.579
327.966 253.397
339.892 251.750
348.994 251.701
354.054 252.661
293.031 271.064
295.163 287.448
298.568 302.383
300.784 318.770
264.126 326.528
278.266 334.773
295.702 337.484
309.528 334.442
318.140 321.747
232.632 268.516
244.867 268.240
255.845 270.551
262.778 274.859
256.540 276.383
241.965 275.828
314.566 275.812
326.463 271.622
337.080 269.608
340.548 269.496
336.828 276.374
324.024 277.305
249.726 352.789
260.815 352.493
277.260 353.794
296.792 354.904
311.963 352.380
319.515 351.352
323.191 351.408
318.616 360.904
310.543 370.620
296.996 372.385
277.739 369.046
262.366 360.812
252.714 353.149
272.743 356.788
293.415 360.000
309.643 356.625
319.674 352.012
309.368 360.099
295.414 362.430
277.203 359.206
248.492 270.929
330.435 271.930
