138.683 262.739
146.322 288.870
152.415 308.845
161.670 327.264
173.345 343.445
197.940 357.798
227.309 368.538
254.128 374.879
277.806 378.951
295.504 377.561
304.355 374.698
310.543 366.236
312.702 355.117
311.837 341.878
312.702 323.096
313.578 304.932
316.657 279.777
199.686 220.134
214.579 215.291
230.619 213.587
243.994 214.943
256.398 218.956
297.707 224.021
308.674 222.394
318.729 223.589
326.621 227.015
330.838 234.671
278.027 232.933
281.447 246.421
285.065 258.363
289.465 271.635
254.217 289.588
265.426 293.474
281.274 294.536
291.103 297.167
296.267 294.763
215.801 241.832
225.788 236.207
237.429 237.232
243.494 244.121
236.664 246.914
225.758 246.980
291.793 250.188
300.957 244.701
311.188 244.892
314.652 251.667
312.423 256.391
303.022 254.994
250.280 326.900
255.880 311.359
266.203 305.636
282.695 306.071
295.018 309.012
302.144 317.279
301.289 332.989
297.449 336.566
289.770 337.242
281.008 337.891
270.056 335.933
257.510 333.903
252.211 327.130
266.350 316.575
281.955 315.491
293.295 319.332
297.304 331.696
288.068 329.699
280.184 330.852
269.255 328.823
232.081 237.555
307.041 246.287
