181.624 260.310
181.817 286.333
185.183 308.006
192.909 331.744
200.378 351.599
213.126 373.385
230.224 391.573
248.564 408.065
269.799 416.403
291.477 407.106
306.102 391.394
320.151 372.905
329.151 352.920
335.852 333.800
343.035 312.111
347.674 291.773
353.447 265.318
224.615 255.447
235.854 252.914
249.617 252.113
261.907 254.045
273.685 258.942
313.878 257.396
326.209 253.187
338.606 252.045
348.180 253.249
353.800 257.379
291.160 275.962
291.399 294.065
292.212 307.800
292.555 323.914
258.379 326.787
271.049 334.689
286.791 338.297
300.167 335.833
309.963 326.615
232.052 275.507
240.527 274.370
253.092 274.738
262.506 280.375
254.049 281.749
239.865 279.850
315.141 281.226
325.347 276.826
337.025 276.905
342.170 278.684
338.229 282.859
323.835 282.904
244.510 363.466
254.870 354.200
267.064 351.816
286.621 352.869
301.397 352.075
307.284 353.255
310.976 360.846
301.160 375.056
291.836 387.268
278.491 391.638
262.487 387.309
251.793 376.536
244.526 363.297
265.631 354.211
284.910 356.406
299.453 354.847
308.834 360.710
292.509 379.814
279.012 384.447
263.106 379.751
246.100 274.528
329.247 276.600
