185.499 268.193
190.805 290.858
192.268 309.517
192.322 328.498
192.394 345.124
191.139 365.009
198.534 379.843
207.195 393.195
221.641 401.906
240.821 401.484
262.183 395.737
286.945 388.079
304.319 369.395
314.156 350.869
321.002 331.529
326.392 313.660
337.695 290.991
173.557 273.583
177.577 276.416
184.675 278.839
192.040 282.107
200.528 285.883
225.886 289.637
235.023 288.280
247.217 288.170
259.475 288.627
274.684 288.829
212.134 298.222
208.323 314.833
204.083 329.350
199.383 346.380
201.793 347.400
205.109 355.244
211.139 358.463
221.100 357.338
230.125 349.563
183.709 286.604
185.785 284.731
196.641 288.465
203.626 294.856
193.122 296.961
185.373 293.862
240.165 301.124
244.202 297.277
256.919 296.809
264.885 300.501
257.386 305.832
246.750 306.178
197.882 370.234
199.559 371.822
202.954 373.896
211.186 375.156
219.323 375.389
228.518 377.136
239.640 377.762
231.953 381.716
221.609 383.478
213.833 382.492
205.739 380.186
200.917 375.031
199.949 369.878
206.550 374.948
214.823 377.276
223.137 376.989
239.522 376.490
221.977 377.575
213.446 376.548
205.434 375.029
190.842 286.141
250.860 296.208
