205.165 294.203
205.602 322.080
209.042 342.385
219.594 363.967
229.286 382.448
251.037 400.248
276.100 412.900
298.671 420.801
313.155 421.030
321.431 407.719
320.942 390.834
317.238 370.115
308.630 349.160
302.436 329.487
300.803 307.928
304.605 288.219
309.935 261.937
297.162 294.719
311.605 294.478
323.865 293.703
332.709 293.726
338.901 294.116
361.681 277.268
366.676 271.165
368.751 267.323
367.875 264.851
361.662 264.003
349.156 297.673
353.458 315.702
358.980 335.517
360.284 356.056
316.339 350.451
327.012 359.276
337.084 361.120
338.851 355.412
337.094 343.827
298.233 304.993
306.857 307.125
314.416 303.455
318.131 301.961
315.972 305.055
309.269 307.633
346.235 290.829
356.836 283.802
359.894 282.448
355.379 283.061
358.688 289.117
354.340 291.573
297.837 383.459
310.591 380.146
322.331 379.445
333.398 378.802
336.734 373.516
334.664 371.407
330.388 370.533
332.385 379.068
332.696 387.099
328.008 392.425
319.313 393.509
308.678 389.741
298.935 382.118
314.747 381.711
326.293 379.883
330.305 375.880
328.071 370.513
332.041 380.703
327.813 385.256
319.241 386.795
311.086 297.756
355.393 283.709
