146.021 269.402
151.413 294.027
155.626 314.555
160.956 339.563
167.821 361.898
181.307 384.247
198.865 401.126
216.899 415.281
239.975 422.359
263.908 413.104
280.961 398.932
297.143 379.955
307.360 358.735
312.224 338.065
316.035 314.248
318.591 293.125
323.233 267.248
171.704 225.889
181.438 218.287
194.395 214.411
206.781 214.790
219.617 219.182
263.959 217.352
276.209 212.648
289.162 212.388
299.649 215.417
307.604 223.630
241.728 236.589
242.805 255.029
244.334 267.322
245.702 280.388
216.223 299.723
228.952 303.692
244.594 304.406
258.858 303.365
269.694 296.655
183.756 246.362
191.729 238.501
203.907 238.566
213.500 248.600
204.104 249.803
190.520 249.939
269.030 247.585
278.785 236.060
291.640 236.843
297.674 244.126
294.015 247.017
279.114 247.744
206.656 348.303
213.953 333.421
227.044 326.152
245.310 322.841
262.456 324.952
271.145 332.191
275.563 347.449
268.473 367.204
258.457 381.887
243.261 389.044
228.417 382.601
216.390 368.128
209.844 350.388
225.027 331.177
244.852 328.172
262.215 330.796
272.915 348.485
258.995 374.751
244.625 382.938
228.809 374.986
199.609 240.944
286.146 238.807
