173.771 265.404
182.555 283.640
189.741 296.811
196.624 318.425
203.744 337.028
221.498 358.661
242.498 374.654
261.153 384.960
279.204 386.784
296.951 374.786
305.564 357.397
311.372 336.184
313.359 312.911
313.158 292.748
317.490 273.986
326.362 260.188
334.609 240.182
221.680 290.030
235.581 292.528
251.485 294.678
264.260 296.992
275.441 299.044
311.540 293.083
321.150 286.017
330.446 279.017
337.829 273.295
341.895 268.668
293.533 309.774
293.325 329.841
294.074 346.867
295.678 365.716
270.856 349.467
278.005 358.028
289.791 359.847
296.815 351.945
297.827 336.852
233.485 309.261
241.912 311.022
255.157 309.633
261.161 305.660
253.135 313.521
241.561 315.506
302.137 298.445
314.300 301.081
324.602 297.830
327.201 293.716
323.895 300.047
314.022 303.460
265.647 366.331
270.159 368.856
279.402 369.002
290.220 366.193
297.295 361.213
301.632 355.308
302.548 350.399
302.240 358.822
296.781 368.699
292.059 371.266
285.543 374.513
275.168 371.200
266.255 363.412
276.354 366.755
286.465 362.844
295.074 358.727
300.716 350.476
297.037 360.728
293.211 362.802
286.511 367.167
248.542 309.773
318.136 298.103
