180.683 272.128
189.341 298.004
198.957 319.100
219.168 340.800
237.062 357.613
265.449 371.297
295.053 381.513
319.885 388.129
336.349 391.171
341.893 383.594
336.566 374.651
325.679 361.661
312.377 348.137
300.748 332.377
291.541 310.887
287.669 294.073
285.716 271.736
263.455 237.794
278.962 232.674
293.483 230.424
304.495 231.939
312.894 236.465
334.973 237.657
338.281 234.604
339.374 234.733
338.575 237.101
333.865 242.668
326.804 250.515
334.250 265.898
342.167 278.417
351.716 292.621
318.303 309.344
330.675 312.476
341.074 312.254
343.383 311.891
340.359 307.728
275.965 261.283
287.973 254.330
296.100 254.224
298.465 262.086
297.306 265.401
287.330 266.109
323.927 261.975
331.274 254.658
336.860 255.124
332.603 261.707
336.473 265.513
333.610 265.046
310.899 343.379
323.418 333.000
334.757 326.050
346.281 323.413
349.825 324.806
347.421 331.103
340.810 340.641
344.783 349.459
347.379 358.067
343.423 361.102
335.450 359.348
321.990 352.157
311.088 343.985
329.509 335.186
341.214 332.088
343.846 333.423
338.188 341.374
344.955 346.896
342.001 349.760
333.230 348.412
292.876 254.680
333.675 255.611
