203.453 261.401
216.055 278.471
225.144 292.438
228.552 310.824
231.641 325.988
233.295 341.500
235.476 356.009
241.869 367.066
253.723 371.176
266.452 364.176
281.893 350.009
299.182 331.502
314.294 310.874
317.880 290.372
313.978 268.394
309.997 249.773
305.720 225.908
166.940 268.205
163.077 268.825
163.970 269.112
168.488 270.549
176.352 272.725
199.705 264.096
206.350 256.431
217.178 249.175
229.633 243.836
244.414 240.321
192.239 281.379
195.279 300.108
197.399 316.704
199.510 334.340
208.438 328.589
211.637 335.140
215.322 336.468
223.749 331.765
229.193 322.592
180.924 285.111
180.111 287.557
188.978 285.476
195.552 283.589
189.080 289.105
182.618 290.563
221.366 275.198
223.649 274.042
232.431 270.207
241.851 266.081
235.162 273.678
227.273 277.556
208.421 352.169
206.173 350.662
206.676 348.000
212.754 345.242
222.776 344.282
232.816 344.249
240.998 344.912
236.406 353.138
231.408 361.669
227.356 363.160
220.626 363.278
213.100 357.638
211.943 350.381
212.844 353.473
217.868 351.591
227.311 349.438
240.861 344.218
227.509 352.058
222.348 355.275
214.980 355.429
183.174 285.195
228.463 270.537
