177.386 278.911
182.906 300.926
187.710 319.949
189.511 342.701
191.630 361.231
191.237 381.880
195.266 397.078
201.874 407.558
213.384 413.280
228.716 406.447
247.050 395.864
266.858 379.594
284.124 359.060
294.425 338.232
297.197 313.263
296.849 291.723
293.932 264.056
134.731 280.861
131.901 279.375
134.386 277.919
139.631 278.269
147.806 280.264
174.861 275.834
182.819 271.063
194.397 268.047
206.650 267.029
221.923 268.075
162.713 293.864
162.074 314.076
160.509 329.864
160.623 346.567
172.084 348.600
176.097 355.384
182.465 356.371
192.990 350.167
201.553 341.451
145.310 299.482
145.366 300.539
152.708 300.118
161.068 298.416
153.896 304.491
148.296 304.010
194.980 294.155
196.666 295.268
205.082 294.019
213.268 292.082
207.810 297.788
199.874 299.062
181.185 377.858
177.715 376.180
179.814 374.507
188.220 372.515
198.886 368.099
209.853 367.417
220.581 368.072
215.633 375.737
206.544 383.079
198.219 385.711
189.855 386.256
185.152 382.594
183.574 375.926
187.072 377.054
196.298 375.239
205.553 371.197
220.794 368.436
205.239 374.952
196.334 377.388
187.388 378.667
150.398 298.478
203.802 292.675
