175.694 268.668
179.244 297.601
185.658 320.903
192.245 342.065
199.671 359.713
211.877 377.986
231.916 390.750
252.985 398.641
274.139 402.416
296.673 397.467
318.527 389.041
338.477 373.945
349.381 355.493
354.950 337.122
358.726 315.834
362.940 293.243
364.769 263.002
205.697 252.505
215.027 249.117
226.966 247.321
238.946 248.085
251.452 250.955
292.946 248.639
305.044 245.125
318.407 243.831
329.586 244.261
339.228 247.228
271.819 264.305
271.715 282.302
271.330 300.314
270.906 320.395
249.852 328.911
259.110 335.443
270.898 336.879
282.975 335.515
293.691 325.763
220.648 269.327
227.995 267.097
240.137 266.767
247.638 271.241
239.212 274.203
227.358 273.874
296.590 270.121
306.572 265.048
318.067 264.279
324.474 266.376
319.629 271.371
307.156 272.988
242.328 363.522
245.582 359.296
254.515 358.076
271.002 357.345
286.272 356.878
297.308 358.099
303.120 362.129
296.086 365.375
284.242 370.822
271.437 371.869
258.591 370.509
248.977 366.080
244.880 362.522
255.407 363.014
271.539 363.111
288.160 362.201
300.687 361.503
283.305 364.029
270.855 364.613
258.964 363.960
234.211 267.683
312.759 265.810
