161.770 259.007
169.079 282.023
174.102 299.569
174.651 317.252
176.312 333.839
182.434 351.112
192.222 368.034
206.303 382.837
226.098 389.541
249.685 382.762
271.627 369.408
291.576 352.561
304.843 334.600
308.209 315.725
311.013 296.009
315.259 277.691
321.414 251.563
156.947 247.610
162.160 246.016
172.008 245.887
182.853 247.849
195.005 250.730
237.267 245.167
250.025 240.605
264.526 237.774
277.282 236.922
289.153 238.735
215.209 260.315
213.678 277.183
211.957 293.895
211.169 314.986
201.558 313.236
206.394 321.026
218.118 324.930
232.093 322.135
241.923 308.801
172.090 267.185
176.553 264.825
189.019 266.016
198.200 269.038
188.638 272.857
176.919 274.109
244.281 264.833
254.134 259.409
266.009 258.430
275.223 260.839
268.161 268.098
253.583 268.999
191.607 342.582
195.487 339.030
203.882 338.490
218.907 340.948
235.503 340.833
248.774 342.284
256.968 345.838
247.027 350.327
233.315 354.449
221.132 354.088
207.255 351.574
198.239 346.730
195.069 341.961
205.638 341.869
220.651 344.178
238.465 344.184
254.524 345.325
235.753 349.734
221.036 350.104
206.115 346.226
181.575 268.621
258.800 264.073
