192.574 261.358
197.244 285.202
199.957 305.087
200.646 323.217
203.216 338.578
211.648 352.068
223.752 363.526
239.222 375.110
258.738 381.808
278.624 376.564
296.203 367.693
312.911 357.293
325.371 345.137
330.240 329.742
335.668 311.035
343.018 293.582
351.537 270.396
202.267 234.635
211.237 231.582
223.789 230.727
235.380 232.929
247.175 237.703
284.150 249.701
295.323 247.607
308.170 247.534
319.592 248.668
330.117 250.551
266.182 255.212
265.036 269.925
264.135 281.711
262.819 296.674
241.456 304.861
249.917 312.057
262.292 313.283
274.521 313.572
284.563 303.953
214.755 255.610
222.439 248.928
235.134 250.140
241.763 259.553
233.162 261.776
221.776 261.109
289.471 264.952
298.198 267.387
309.046 267.225
316.072 267.101
309.565 269.323
298.485 268.862
234.095 335.083
239.073 330.587
247.462 326.873
261.584 326.004
275.411 327.899
283.936 332.161
288.494 337.765
283.756 344.096
272.179 350.915
260.310 351.843
247.003 348.114
238.397 341.499
235.939 335.561
248.164 334.705
261.100 334.069
274.421 335.483
286.732 337.825
272.902 340.211
261.072 339.630
248.504 338.451
229.841 252.911
306.808 258.879
