189.982 267.455
193.016 292.014
199.683 311.927
207.973 330.904
215.595 347.527
227.042 366.818
244.654 381.602
264.844 390.959
285.146 394.525
305.783 387.350
323.888 375.281
336.292 355.574
341.324 334.078
345.096 315.158
347.163 293.731
347.318 273.678
344.290 248.679
221.538 262.638
234.168 265.006
245.798 267.825
253.845 269.751
260.288 271.622
278.927 268.177
287.057 263.451
296.573 258.729
305.906 254.187
316.256 250.992
267.568 276.083
269.402 285.891
271.923 299.880
274.550 315.487
249.384 322.647
260.115 330.848
274.169 333.483
287.605 325.863
295.908 312.580
219.568 277.136
226.152 273.819
237.764 273.161
243.542 277.708
237.826 281.761
227.262 282.909
289.173 272.647
295.285 269.057
307.572 267.198
314.100 267.950
308.578 274.677
295.510 275.923
248.250 360.568
250.434 352.016
257.678 347.838
273.383 344.050
294.032 341.763
305.303 344.449
314.124 354.044
307.620 363.533
294.585 373.749
277.997 378.794
264.941 375.938
254.903 369.398
250.570 360.127
260.082 351.552
274.247 349.604
293.936 346.358
311.612 353.240
292.617 367.314
277.479 372.084
265.591 370.856
232.065 275.719
301.672 269.206
