192.428 235.584
201.871 259.636
209.283 278.106
221.791 298.368
234.206 314.867
259.356 328.210
286.454 336.988
310.474 344.972
326.771 348.042
334.107 340.772
332.672 331.694
330.228 321.496
323.004 309.184
317.160 294.581
315.751 276.469
312.343 262.910
311.980 244.247
269.063 199.356
285.371 195.541
299.936 195.074
310.195 197.591
318.231 202.880
344.388 207.196
349.805 204.921
353.319 205.696
354.435 208.183
350.963 213.503
331.302 218.029
336.794 231.901
344.901 242.102
353.194 253.703
318.362 273.212
330.394 275.830
341.715 275.632
342.463 275.840
340.107 271.703
278.338 221.016
289.947 213.250
300.211 216.894
302.020 226.243
301.161 226.549
291.161 225.326
331.300 229.376
339.261 220.892
344.955 222.239
342.564 229.418
345.913 232.280
340.572 231.414
310.332 303.382
320.705 296.153
331.260 291.004
343.331 289.439
348.231 290.276
346.276 295.451
341.712 302.685
343.848 307.368
344.548 311.928
339.033 312.992
329.247 312.073
317.778 308.180
309.367 303.127
325.740 299.424
336.483 298.018
341.685 298.897
339.035 302.283
342.017 301.778
336.666 302.249
327.086 302.527
295.150 218.561
342.120 225.081
