165.269 235.072
156.625 259.991
151.533 278.764
144.712 296.734
140.972 311.307
138.795 323.460
142.978 334.048
152.198 342.629
173.623 349.904
206.156 348.914
238.874 346.122
270.149 339.429
292.799 331.408
306.898 318.335
317.833 298.271
324.128 279.085
330.808 252.412
147.700 192.260
152.526 186.091
162.356 182.445
172.797 182.272
184.592 185.183
232.978 189.077
248.094 188.153
264.327 190.616
278.665 194.963
292.650 203.787
203.854 196.348
196.964 208.195
189.362 221.066
181.092 238.439
172.627 255.419
176.123 260.726
186.737 262.996
202.056 262.701
217.969 261.009
159.955 211.209
162.509 205.618
174.961 206.083
184.433 210.801
174.263 212.390
162.267 213.515
238.853 215.449
247.245 211.590
260.613 213.371
270.918 221.210
260.274 222.631
245.606 218.400
159.299 288.882
162.291 283.065
169.356 280.518
184.539 281.410
205.251 281.563
221.712 286.320
235.102 293.067
221.843 294.814
204.176 297.413
182.333 298.042
165.742 294.597
160.996 291.251
162.831 289.516
171.959 287.404
186.406 289.035
208.871 288.563
231.607 293.109
205.127 289.529
183.376 290.404
168.879 287.707
168.511 208.013
253.868 215.188
