189.145 258.167
190.258 284.530
190.008 304.759
193.240 328.559
199.425 348.359
218.064 368.972
241.914 386.322
266.635 399.823
290.927 406.908
310.717 399.735
320.567 388.007
328.770 372.492
332.399 355.524
332.558 337.471
334.771 317.019
336.232 298.601
341.660 274.596
239.607 244.411
254.534 243.686
270.803 245.371
283.943 249.290
295.798 254.944
334.094 269.963
344.770 267.927
354.479 266.667
361.279 266.255
363.792 266.672
314.901 273.258
315.838 288.258
317.967 304.170
320.573 323.454
280.180 324.213
293.095 333.599
309.074 337.884
319.320 335.918
326.732 325.800
249.061 266.420
261.946 263.228
274.740 265.171
280.795 273.822
270.372 276.368
257.771 274.867
325.893 282.529
334.527 284.675
345.335 283.225
348.528 282.473
345.476 287.289
334.865 286.098
267.459 356.340
279.835 353.247
293.306 352.096
308.796 352.909
319.952 353.713
325.542 355.971
327.156 360.343
322.243 366.740
314.128 372.309
303.355 372.950
290.245 370.284
277.186 363.674
268.982 355.561
288.461 357.669
303.684 359.516
315.396 359.435
323.893 359.495
314.743 361.938
304.773 362.772
291.031 360.236
269.954 264.552
344.207 274.554
