151.338 223.123
153.729 248.406
154.718 269.339
153.401 293.803
155.889 313.195
166.440 332.631
179.427 351.849
196.696 368.838
218.520 377.711
241.219 375.016
259.086 363.934
273.724 347.980
285.239 331.827
291.939 313.489
300.242 292.096
309.316 273.300
319.671 248.921
182.114 214.950
194.734 216.355
209.406 219.318
221.575 223.247
233.068 228.217
272.303 234.256
284.299 232.650
296.847 232.701
307.324 233.999
315.545 236.365
249.776 243.248
246.741 263.157
244.429 282.626
241.485 303.242
216.578 302.277
224.147 311.244
235.767 315.231
245.792 316.657
252.088 308.791
192.120 232.050
201.397 228.914
215.111 231.749
223.009 241.152
213.972 243.482
199.639 241.098
268.800 246.825
281.518 241.630
293.029 243.876
297.788 249.284
290.814 255.444
277.737 253.145
199.026 327.597
206.182 325.347
216.372 326.696
232.369 332.474
246.355 333.055
252.363 334.862
255.528 337.432
250.734 343.159
241.005 346.792
230.214 345.034
217.024 341.332
205.997 334.672
201.037 327.335
215.744 330.087
230.056 335.916
242.511 335.030
253.671 336.203
242.303 337.058
231.207 336.205
218.678 332.226
208.086 234.888
285.874 246.859
