214.074 301.058
222.467 320.743
229.450 335.948
238.843 354.952
248.958 368.683
269.139 383.650
289.779 396.016
307.269 404.695
319.833 405.351
329.518 391.582
329.441 373.413
324.497 353.081
318.148 333.087
315.099 315.077
317.319 294.627
321.751 278.911
328.605 257.920
294.727 295.620
310.624 292.844
325.274 290.885
335.554 291.511
342.624 293.453
365.570 283.358
370.133 275.686
372.176 269.757
371.911 265.938
367.717 264.115
352.759 301.830
355.389 320.109
360.984 335.100
367.630 351.336
332.063 357.823
342.881 363.305
353.155 361.878
354.103 356.094
349.557 344.678
304.662 316.301
316.707 311.916
324.700 309.544
326.230 311.566
323.507 319.540
314.969 322.519
349.545 299.625
359.682 293.749
364.298 289.079
361.356 289.373
362.997 297.642
357.689 301.794
323.728 382.137
333.054 380.002
342.369 376.683
352.559 372.527
356.334 368.148
355.449 365.915
350.585 364.956
351.294 375.471
348.684 388.796
345.234 393.021
337.707 394.740
329.142 388.862
322.881 380.483
336.379 380.097
344.861 376.895
349.338 371.659
348.661 365.171
352.216 377.717
347.675 382.214
340.226 384.544
319.260 314.501
360.145 294.210
