191.091 213.053
196.577 238.294
202.955 257.379
213.780 275.605
225.542 290.225
250.646 301.402
281.759 308.657
310.038 314.622
330.614 320.223
343.898 321.274
349.548 323.625
352.679 323.057
345.789 317.514
339.639 307.519
337.933 291.152
335.423 274.599
336.158 252.076
263.059 177.048
276.777 172.980
290.178 172.241
300.824 175.134
309.802 181.746
339.072 192.673
347.640 192.104
355.326 195.123
360.319 200.107
361.476 208.083
324.107 200.592
328.000 212.323
333.908 220.847
340.724 229.373
307.652 247.399
320.320 251.874
333.054 253.219
339.058 256.410
342.262 255.365
275.797 195.039
285.794 190.297
296.644 192.945
298.799 203.752
294.888 203.247
284.617 199.754
334.279 215.632
342.429 210.585
352.051 212.553
351.321 219.812
350.497 220.945
342.109 219.108
305.495 272.086
313.309 265.730
323.186 261.149
335.543 264.240
343.505 265.947
345.559 273.018
345.351 281.558
343.803 282.601
342.203 283.416
335.603 282.728
323.848 278.694
312.059 275.577
304.441 273.126
319.223 270.002
332.730 271.345
339.620 274.043
342.423 281.803
338.508 275.076
332.967 275.059
322.171 271.911
291.856 193.850
347.706 212.084
