154.219 278.979
158.682 308.063
166.672 331.042
178.025 351.039
191.046 366.811
212.301 381.879
241.667 389.438
270.206 392.370
294.581 392.448
312.335 384.037
323.179 374.350
329.839 359.245
327.465 342.188
325.903 325.238
324.351 303.535
323.635 282.743
319.614 255.846
205.532 248.501
218.462 243.046
232.476 239.393
244.828 238.708
256.793 239.836
292.832 234.824
302.278 230.792
311.518 228.926
319.827 229.024
325.568 232.361
278.020 249.171
284.472 265.237
291.009 282.553
296.739 303.776
258.222 311.575
272.556 318.163
287.681 320.106
297.301 315.334
301.975 306.751
220.476 262.786
230.337 260.591
240.882 259.488
248.030 260.703
241.774 265.591
229.711 267.382
289.448 256.727
300.903 253.556
310.152 251.063
313.263 251.607
309.972 257.975
300.292 259.301
249.938 353.661
259.997 348.230
273.334 343.427
290.139 340.995
303.073 338.801
310.853 340.196
314.474 342.861
310.001 345.919
302.961 349.459
291.740 352.338
276.734 353.373
262.302 353.486
252.497 352.661
269.740 349.235
287.425 346.208
301.741 344.262
311.250 343.032
300.035 341.857
288.563 343.853
273.703 346.157
235.515 259.687
304.912 252.505
