178.978 294.399
186.735 318.644
193.338 338.510
205.488 357.557
218.107 373.837
238.822 388.723
264.984 397.109
289.775 402.467
314.133 401.142
330.950 386.045
339.732 369.914
345.967 350.277
343.798 331.415
338.721 314.060
331.343 293.649
324.024 275.733
316.033 252.398
202.763 253.819
211.989 243.446
223.962 236.816
235.556 234.984
247.881 237.169
284.512 226.345
292.506 219.717
301.561 216.971
309.189 217.423
316.718 222.452
272.401 249.599
280.623 268.532
288.475 280.532
295.676 293.279
266.375 316.969
279.597 318.019
294.708 313.703
306.472 309.134
311.964 299.680
222.574 273.874
229.399 265.647
241.003 262.868
249.213 267.798
244.721 272.279
232.796 276.236
293.213 254.983
300.657 244.527
311.108 241.930
315.786 246.521
314.988 251.616
305.125 255.056
264.027 355.146
269.562 344.872
281.127 334.946
299.552 325.964
316.474 322.134
325.978 325.604
329.883 333.687
327.316 348.136
321.338 362.259
309.625 370.237
293.271 371.583
276.239 365.530
266.868 354.674
282.655 342.849
301.625 335.078
317.669 330.622
326.642 334.264
320.241 352.053
307.868 360.762
290.509 362.552
236.593 269.543
307.879 248.473
