161.149 248.181
156.633 272.842
153.904 295.187
151.125 318.056
151.890 339.794
155.211 365.703
161.400 389.043
171.419 405.206
187.516 413.737
208.762 413.345
230.083 405.529
252.670 390.047
273.841 372.081
289.626 353.675
300.927 331.029
308.504 309.935
316.796 284.538
155.939 226.827
160.584 224.196
168.195 224.823
176.454 229.021
186.379 236.093
228.270 246.129
241.355 244.917
255.389 245.925
267.733 248.875
279.196 255.323
202.411 255.194
196.254 272.134
189.967 288.487
185.816 305.587
177.157 308.070
181.527 316.678
193.910 321.375
210.100 320.852
221.459 315.656
161.906 249.782
167.645 244.218
178.501 246.159
184.613 255.283
174.798 257.743
165.385 256.643
234.626 267.396
242.484 261.436
253.744 264.315
262.405 272.530
252.319 276.752
241.314 273.819
169.214 351.041
170.795 338.427
179.230 333.684
195.488 333.827
212.092 337.758
221.994 344.440
227.052 358.336
215.952 376.787
203.206 388.708
192.887 392.334
181.082 384.439
173.512 370.551
171.290 352.716
179.967 339.335
196.989 339.589
214.218 344.091
224.970 359.607
205.171 379.052
193.906 383.409
182.614 375.473
171.589 250.536
247.354 267.846
