189.136 257.440
190.599 280.591
194.464 300.035
196.111 324.384
200.064 344.220
208.834 367.170
222.534 386.365
236.309 402.549
255.269 410.514
276.698 404.510
296.066 391.009
317.005 373.142
332.009 350.686
339.359 328.987
344.798 305.863
347.685 286.992
347.420 263.133
191.860 261.120
199.721 258.983
210.820 259.368
221.365 262.462
232.211 268.657
267.846 267.430
279.443 262.302
292.900 260.112
304.714 260.575
316.203 264.115
249.374 287.512
247.590 308.912
245.713 326.331
244.900 343.103
228.057 339.735
238.056 347.375
248.857 351.089
262.262 348.253
274.401 340.300
202.511 285.666
207.928 288.758
220.471 290.085
229.231 293.164
221.861 295.831
208.269 293.972
275.663 294.059
282.887 293.027
296.173 291.851
304.857 289.488
297.110 296.941
283.610 298.058
227.269 371.244
229.874 369.156
234.777 367.912
248.017 369.075
263.213 368.303
271.182 371.321
278.357 372.952
271.732 378.671
263.019 385.567
250.050 389.279
237.219 385.006
231.059 377.828
229.695 369.931
238.136 371.607
249.851 373.855
263.166 372.838
275.763 371.002
261.680 381.097
249.486 383.254
238.103 379.986
213.747 289.092
288.898 292.155
