212.798 243.844
217.269 272.158
221.089 296.486
228.513 319.688
235.632 339.932
254.469 363.340
278.144 380.032
298.936 390.744
313.463 392.701
320.298 383.420
318.888 368.594
315.441 348.294
307.781 324.188
303.156 302.727
302.955 279.288
306.444 258.503
311.702 233.209
292.894 233.989
306.746 230.652
318.961 229.385
327.664 230.816
334.471 234.820
354.847 231.882
358.866 227.118
360.765 225.061
360.169 224.882
355.772 227.084
347.245 249.741
352.429 268.689
357.551 285.335
360.892 303.850
322.282 305.988
332.007 311.211
340.496 312.857
342.972 310.476
342.429 303.005
300.389 254.848
311.701 251.292
317.931 251.202
319.184 256.570
316.415 261.603
308.590 262.127
342.515 252.838
350.409 245.884
355.305 245.069
351.778 247.567
353.129 254.653
348.589 256.484
312.485 343.504
319.815 334.566
330.109 330.111
340.050 327.459
343.381 329.318
341.878 333.392
337.683 342.203
334.798 353.655
333.828 362.428
329.106 368.096
321.865 364.940
313.798 356.419
310.806 343.067
325.151 335.867
336.186 333.762
338.811 335.238
335.476 341.668
334.424 356.624
330.938 362.539
322.402 358.575
314.122 254.177
351.815 249.042
