208.292 242.474
207.545 263.235
206.497 280.438
201.227 297.968
197.125 312.219
184.994 329.019
176.439 343.248
171.371 355.619
174.043 364.971
185.089 366.263
205.643 363.621
231.137 356.362
256.521 340.131
274.154 323.951
285.111 303.116
291.485 282.128
292.719 253.117
157.677 231.134
151.568 228.522
148.843 227.673
149.003 229.561
151.718 233.711
164.093 235.008
169.951 231.570
179.761 230.344
191.005 231.622
206.232 235.825
152.454 248.048
144.412 265.547
137.613 280.940
130.293 298.694
156.983 299.658
151.472 306.891
151.153 312.556
159.958 312.275
172.466 305.282
159.962 250.874
153.604 247.611
157.218 248.503
164.857 254.341
157.194 257.963
155.346 257.154
181.880 257.303
179.089 251.955
185.382 253.587
198.135 258.473
189.319 264.350
180.963 263.097
164.044 322.071
158.327 323.081
153.884 325.416
153.902 329.069
163.451 332.522
172.836 334.593
182.049 336.691
175.978 337.591
166.899 338.993
159.920 337.146
157.835 332.284
161.161 326.454
165.971 321.882
161.341 326.811
161.846 331.150
170.488 333.575
183.179 335.251
165.292 333.794
157.695 332.382
157.267 327.487
155.669 251.120
183.403 256.185
