186.075 224.669
183.251 255.598
183.777 282.261
195.836 306.406
208.321 326.362
233.735 346.990
259.850 365.073
280.174 377.573
294.643 385.832
303.679 385.366
303.945 381.863
298.793 372.469
286.699 359.801
277.753 344.856
272.892 324.174
275.524 303.009
281.888 276.268
287.666 224.680
303.075 226.476
316.478 229.921
324.899 234.997
329.384 241.792
346.912 252.788
351.559 253.023
352.739 255.242
351.146 257.923
344.770 261.442
335.621 258.917
336.109 276.784
340.204 291.743
342.845 309.348
301.087 305.856
309.650 315.512
319.810 322.992
322.020 322.534
322.451 315.688
287.359 242.608
300.481 240.091
307.597 245.518
306.970 253.403
306.246 252.697
297.833 248.868
328.612 267.690
338.178 265.048
342.942 266.512
336.029 272.640
339.968 274.930
336.808 272.173
293.410 336.540
299.381 333.875
306.821 334.563
318.120 339.028
324.534 341.093
324.871 344.039
324.198 349.354
325.793 351.573
324.987 354.911
318.429 353.199
311.407 348.908
302.060 342.406
289.914 336.506
302.735 340.002
314.105 343.987
320.094 346.975
319.208 348.595
324.486 347.382
319.424 346.363
311.116 341.983
304.756 242.887
339.740 265.813
