177.289 235.094
175.996 258.917
173.988 278.626
173.212 298.385
177.291 314.794
184.588 334.396
199.251 350.843
216.960 363.706
237.481 370.267
260.008 363.794
281.792 352.906
305.034 338.383
319.847 319.588
327.412 301.458
330.941 280.673
331.821 260.991
332.035 236.171
175.737 219.551
182.693 216.801
193.375 215.741
203.739 217.657
214.888 222.783
257.358 222.128
269.178 217.260
282.457 216.171
294.487 217.050
306.385 220.481
235.760 238.065
233.901 257.659
231.595 274.505
229.555 293.999
211.224 298.538
221.485 307.196
234.483 309.512
248.708 308.663
261.639 299.523
187.210 237.447
191.969 234.103
202.749 236.683
211.802 243.243
204.306 245.621
193.043 245.523
264.949 242.324
273.106 236.565
283.988 236.106
293.911 239.046
285.361 246.453
272.340 245.636
210.819 333.004
214.555 330.929
221.758 328.358
234.958 328.299
248.456 327.899
255.793 331.572
264.164 334.165
259.045 338.402
250.567 345.189
236.136 349.053
221.770 345.341
214.772 338.954
213.265 331.529
223.296 333.569
235.152 335.816
247.780 333.599
261.718 332.349
248.182 340.497
235.349 344.556
222.424 340.039
197.464 238.232
278.708 238.479
