198.089 268.034
195.127 289.908
191.402 305.326
183.364 321.292
176.959 335.397
165.469 347.434
153.066 356.105
145.801 361.436
151.697 363.017
168.198 354.668
195.214 347.239
225.519 334.901
250.995 319.427
267.583 302.015
277.901 280.662
282.983 262.341
284.744 237.915
139.358 231.249
134.830 228.790
134.144 227.394
136.015 227.347
141.054 227.870
154.089 220.532
159.527 214.584
168.962 209.637
180.223 206.731
195.678 206.918
148.376 230.310
140.313 237.643
131.411 248.028
122.611 262.698
139.093 275.127
135.325 280.359
137.729 282.529
150.354 273.814
164.894 260.753
150.194 245.562
145.357 237.684
149.833 235.034
158.475 240.476
150.840 244.496
147.057 247.630
178.913 230.057
178.652 220.312
186.126 218.503
198.578 224.190
188.400 229.267
179.779 230.865
137.890 317.120
132.671 305.986
129.708 299.490
132.793 295.109
145.700 293.118
158.075 296.918
172.164 305.154
161.426 316.618
147.830 324.413
137.230 329.692
134.467 330.240
135.396 327.303
140.375 317.835
134.736 306.185
135.576 301.433
148.856 299.050
172.037 306.533
151.108 319.966
140.356 326.307
137.110 326.295
148.210 239.211
183.117 222.807
