170.523 246.607
172.777 268.093
174.019 286.958
174.587 309.013
177.534 327.921
184.553 351.497
196.744 372.683
210.831 391.802
229.657 401.682
250.813 396.629
270.021 383.373
289.156 366.626
303.303 347.015
311.303 328.469
318.318 309.623
324.141 292.450
329.574 271.048
182.329 255.265
190.228 256.652
201.007 259.890
211.830 264.967
223.149 272.241
265.880 274.771
278.649 269.957
292.033 266.943
302.640 266.218
311.345 268.291
241.874 290.105
240.285 305.907
238.596 318.579
236.765 331.752
211.299 330.404
221.395 338.474
234.834 343.750
249.670 342.472
261.788 336.299
191.453 274.901
197.107 278.427
208.112 280.616
217.728 284.788
207.880 287.823
195.904 283.943
268.279 290.151
279.232 290.047
290.896 289.903
298.113 289.186
291.175 295.865
277.052 295.810
200.389 348.595
205.760 345.815
214.975 349.014
232.338 354.080
250.395 354.937
260.913 354.792
268.638 358.064
260.751 371.571
247.936 382.746
231.219 385.690
214.829 377.947
204.963 363.775
201.694 348.564
214.378 348.691
232.069 356.474
251.099 355.913
267.281 358.107
247.908 378.060
231.136 380.866
215.230 372.138
204.241 281.056
285.044 290.958
