198.922 247.125
204.371 278.768
211.071 301.975
225.844 317.548
240.921 332.193
268.720 345.099
299.262 355.346
325.215 364.374
343.354 372.422
351.480 372.489
348.880 372.769
342.304 371.044
331.126 365.600
321.350 355.019
315.729 338.660
312.802 320.241
312.316 293.881
278.945 210.765
293.848 208.432
306.599 209.611
316.161 213.065
324.693 219.906
347.914 232.913
352.964 233.794
356.942 237.816
359.118 243.372
356.194 251.875
339.325 237.914
346.230 250.073
355.017 260.293
361.653 273.736
328.587 287.979
341.407 291.679
352.921 294.510
357.036 298.459
354.725 298.490
287.710 235.420
299.878 229.710
308.320 233.380
313.224 244.215
308.901 243.647
297.926 240.512
339.075 259.313
345.760 253.743
351.128 257.626
348.437 267.200
351.701 268.775
345.946 264.067
323.848 320.448
335.750 312.829
347.858 308.085
359.398 308.981
364.460 314.040
363.766 324.215
359.895 334.827
362.442 334.348
363.560 334.378
358.257 331.351
348.556 328.233
335.076 324.495
324.625 321.412
341.580 318.310
352.825 320.186
357.866 324.784
357.161 333.663
359.822 322.907
354.265 319.358
344.377 317.525
305.240 235.403
348.512 259.375
