208.524 271.098
217.058 297.005
227.668 316.444
243.399 337.475
257.788 354.814
284.244 370.152
314.145 380.277
340.930 384.938
359.959 383.302
367.945 370.434
365.511 355.656
359.232 338.682
348.934 322.483
339.225 306.085
334.149 286.115
332.579 269.293
329.597 246.647
282.631 239.067
297.579 233.014
311.862 229.263
323.037 228.896
332.714 231.370
358.408 226.114
362.390 221.648
365.445 220.103
366.574 220.929
363.701 225.122
350.093 241.875
358.951 257.415
368.152 272.348
376.489 288.723
336.144 304.597
349.204 307.337
361.455 304.282
364.579 299.559
361.388 288.955
295.989 257.775
307.359 254.682
315.444 253.424
319.670 254.974
316.388 257.755
306.120 260.080
349.144 249.068
358.164 245.792
362.836 244.228
361.111 246.009
362.829 248.931
356.885 250.323
333.988 342.492
343.997 331.010
356.160 322.769
367.706 315.439
371.307 311.979
370.046 314.124
365.578 321.657
366.656 333.358
367.864 344.799
364.842 351.131
356.897 353.216
343.672 349.896
333.850 342.240
352.685 330.398
365.279 323.794
368.674 318.936
363.781 322.873
366.013 337.132
362.254 343.151
354.150 345.501
310.454 253.651
358.765 244.263
