173.879 234.168
177.386 260.981
180.561 282.700
187.008 300.531
195.183 315.698
213.252 327.460
239.148 334.755
266.429 339.784
291.126 344.037
311.222 342.779
322.552 342.194
331.850 338.447
332.526 330.661
329.805 317.669
329.027 299.114
330.340 280.341
332.261 256.241
230.874 195.227
244.610 189.133
259.270 187.474
271.074 189.714
281.614 195.360
317.070 200.735
326.410 198.625
335.000 199.883
341.403 204.064
344.823 213.244
299.341 212.708
301.338 228.091
303.889 240.447
305.928 255.533
270.225 266.353
282.645 273.312
297.918 277.250
308.656 276.545
315.536 270.647
242.756 217.151
253.403 212.609
265.587 216.456
269.745 221.991
263.379 221.349
252.292 220.039
313.803 228.236
322.009 224.080
332.795 225.000
334.843 230.236
332.597 231.506
323.046 230.030
255.758 295.906
266.382 291.102
281.437 287.490
300.237 289.130
314.749 289.989
320.383 295.684
323.288 302.683
319.264 306.098
310.290 307.073
298.182 306.243
283.463 303.738
267.808 300.482
257.669 296.414
278.785 295.549
297.557 297.064
311.601 298.471
320.394 302.699
310.771 299.694
297.670 297.650
282.390 296.363
257.175 215.478
326.896 226.045
