184.907 253.888
194.580 279.180
202.474 297.532
217.115 320.112
232.305 336.649
260.054 346.709
289.403 353.499
315.505 359.122
337.197 360.508
351.038 349.315
354.154 336.896
353.946 323.028
349.933 309.961
340.835 293.694
332.490 272.326
327.547 256.023
324.089 234.264
243.077 212.966
256.199 205.591
269.084 202.192
279.856 202.648
290.793 206.667
322.215 205.303
329.097 201.091
336.532 200.119
342.578 201.304
345.913 205.330
311.081 220.910
320.103 235.748
329.739 248.729
337.493 264.097
307.851 284.325
322.796 287.580
333.924 285.339
340.883 282.670
342.099 273.648
260.334 234.982
273.486 227.206
282.523 228.530
289.010 234.291
284.316 237.167
272.494 238.469
324.427 228.384
334.764 219.318
340.499 218.965
341.661 223.163
341.948 226.863
331.967 228.554
311.584 318.602
320.121 309.590
329.936 302.266
342.264 296.542
351.309 294.971
356.202 298.916
356.451 304.408
356.233 311.805
353.518 320.427
344.812 325.147
331.321 328.022
319.420 323.987
311.940 318.525
328.726 311.939
340.700 308.183
349.534 305.085
353.623 305.322
351.043 310.155
343.174 315.088
330.892 317.130
275.036 228.950
334.072 220.360
