169.867 249.573
172.840 273.654
177.366 291.076
187.024 307.009
197.539 320.432
219.723 330.012
247.528 338.152
276.258 344.932
301.121 352.430
319.888 352.274
326.957 353.927
327.114 352.169
322.968 348.895
317.691 338.991
314.678 322.467
316.049 308.259
317.422 287.987
228.051 201.730
242.044 195.240
257.534 193.735
270.261 196.264
281.886 202.161
320.930 213.912
330.290 215.024
337.603 220.282
341.646 227.312
340.518 237.614
300.958 218.310
303.778 229.407
309.774 236.814
314.230 248.199
275.552 266.793
289.646 269.910
304.408 272.756
313.637 276.786
317.060 275.744
238.254 220.828
250.275 213.797
261.490 217.781
268.817 227.103
262.936 225.877
250.456 224.093
312.657 239.677
324.495 234.835
332.715 240.125
332.814 248.898
332.009 248.447
322.635 243.483
267.806 299.375
279.447 289.556
291.420 285.698
307.705 286.574
319.327 291.311
324.388 300.326
323.311 312.358
321.873 312.946
318.558 312.440
308.377 309.806
294.071 306.533
279.006 303.002
270.542 300.353
288.921 295.650
304.771 297.454
316.680 301.827
320.081 311.745
316.192 304.618
306.991 302.333
293.382 299.281
255.943 218.624
327.095 240.188
