176.662 285.770
183.697 311.013
187.538 331.595
186.057 352.075
185.575 369.443
181.025 390.351
180.843 406.825
183.813 419.093
195.282 425.472
215.861 421.434
240.275 412.660
266.609 398.566
287.608 378.420
299.395 357.933
306.108 334.157
308.225 311.798
306.426 282.758
138.861 293.775
138.353 295.356
142.784 296.333
148.764 297.845
156.812 300.132
176.896 298.760
184.205 295.695
195.568 293.448
208.046 291.774
223.367 290.055
169.175 310.948
167.055 327.007
164.066 342.382
163.279 359.298
168.813 361.050
170.929 369.023
176.839 372.090
187.984 370.192
198.374 362.535
150.472 306.518
148.448 308.480
159.908 308.616
165.485 309.676
156.484 312.602
148.759 311.763
196.489 308.815
198.445 309.313
208.257 307.719
221.082 306.942
213.524 311.700
200.781 313.349
173.022 386.909
168.875 383.956
169.460 383.403
177.132 385.142
191.199 386.108
203.376 387.725
212.959 390.338
204.327 392.971
192.397 398.045
184.478 397.828
176.715 396.317
173.116 390.418
175.669 385.386
174.776 387.737
182.285 389.057
196.094 389.645
212.421 388.384
192.397 390.498
183.419 390.564
175.511 389.135
152.192 308.229
204.043 308.070
