217.067 229.010
219.901 258.303
224.399 280.482
236.598 302.120
247.804 320.221
271.763 336.252
296.371 352.320
319.710 368.757
335.910 380.978
341.159 378.855
335.983 372.885
329.182 366.012
316.996 357.486
307.265 343.722
302.858 324.168
304.200 307.660
307.474 286.136
308.200 210.410
322.877 209.872
334.560 213.157
342.469 218.771
348.187 226.474
364.908 240.286
368.110 240.783
369.239 244.063
368.224 249.030
362.383 256.677
359.055 245.578
365.355 260.412
370.253 274.762
377.525 289.551
334.869 292.371
344.527 300.332
355.449 305.920
355.480 307.737
352.709 299.878
311.508 235.651
322.253 231.392
327.045 236.552
328.467 246.202
328.459 244.048
320.450 239.729
348.548 260.881
355.296 256.882
358.656 261.087
355.131 269.208
359.794 269.453
356.686 265.285
307.738 314.292
321.542 310.323
337.720 310.336
352.594 313.476
354.674 319.779
349.638 325.717
341.249 333.862
343.728 340.791
346.457 345.822
343.184 344.260
333.268 337.645
318.724 326.517
307.113 316.474
330.500 315.394
347.284 321.588
348.194 325.567
338.876 334.065
344.201 336.744
341.200 335.659
331.224 329.559
324.385 236.238
356.524 261.577
