188.629 225.095
196.086 249.915
204.844 268.769
219.662 280.162
234.387 290.458
262.195 296.077
295.821 299.232
324.205 302.492
345.403 308.549
356.585 313.434
359.038 320.214
356.925 326.058
344.866 326.153
335.448 320.354
329.126 307.949
325.659 292.509
322.793 271.846
259.180 173.889
274.119 168.901
288.095 168.572
298.872 171.916
308.293 178.447
335.889 191.327
342.393 192.989
348.557 197.997
353.089 204.808
353.191 215.751
325.582 194.737
333.900 202.990
344.597 209.394
353.257 219.478
317.600 242.321
330.791 243.930
342.633 245.125
348.146 250.535
346.440 251.457
275.385 191.621
286.043 185.345
296.364 192.282
298.190 200.047
295.935 198.475
285.432 195.235
334.841 215.540
341.654 209.568
347.866 213.150
349.955 223.092
349.865 223.005
342.655 218.578
317.579 264.852
323.213 256.059
333.648 252.778
349.377 253.208
359.982 262.310
363.699 271.090
363.122 280.480
364.237 277.115
360.366 275.200
351.591 270.574
339.993 268.192
327.433 264.365
319.093 264.966
334.096 262.929
348.869 265.862
359.304 272.066
359.934 279.115
358.657 267.535
349.899 263.291
337.905 260.736
291.353 190.745
346.320 216.206
