183.520 264.165
195.623 283.493
205.567 299.486
214.075 315.414
222.963 329.112
239.185 341.651
258.344 351.188
277.542 359.114
296.916 360.187
312.975 349.823
320.773 335.219
327.298 318.998
329.328 301.912
327.276 285.782
326.067 268.268
325.935 250.868
326.946 228.846
204.457 236.493
213.279 229.357
225.323 224.584
236.837 224.010
248.728 227.043
285.165 220.196
294.428 213.386
304.420 209.370
312.872 208.701
319.788 211.702
270.058 241.405
275.897 262.330
281.548 278.418
286.756 295.549
265.122 306.294
275.117 309.032
286.112 307.141
295.070 303.598
300.347 293.758
221.119 256.360
229.088 251.103
239.974 249.098
247.439 253.311
242.056 259.144
230.265 261.747
291.939 244.640
299.676 236.478
308.745 233.495
315.311 234.570
312.647 243.554
300.899 246.731
264.924 329.406
268.616 326.431
276.988 323.532
289.886 320.280
299.642 316.789
307.184 314.231
312.291 314.146
307.763 322.246
300.182 330.837
293.180 331.673
284.589 333.927
273.406 332.175
265.982 327.847
277.147 327.455
289.569 325.643
300.633 320.524
309.982 314.243
299.976 322.497
291.390 324.763
281.715 327.262
234.423 252.035
304.521 236.943
