175.096 265.219
169.649 287.783
163.072 304.412
152.282 316.155
144.256 325.186
131.680 327.559
122.672 325.669
119.152 323.159
126.835 320.656
149.094 314.316
179.758 310.190
213.101 304.787
242.133 299.222
262.372 289.365
276.736 273.227
286.341 254.969
296.552 231.493
133.912 210.262
133.436 201.014
136.530 194.476
140.624 191.596
146.850 192.108
173.191 186.750
181.931 181.767
193.053 179.733
204.326 179.810
219.097 183.660
159.835 200.721
151.955 209.637
140.858 214.252
131.495 222.931
133.192 253.344
133.479 250.867
138.953 247.045
152.831 243.965
168.197 240.869
140.707 221.978
138.634 213.920
145.405 210.793
152.903 214.886
146.667 218.008
138.550 222.270
186.809 205.109
188.908 201.045
198.818 200.228
209.590 202.398
197.614 204.468
188.306 205.604
117.754 283.746
117.003 272.723
119.733 264.882
129.801 258.566
148.583 255.444
159.027 259.030
169.894 267.693
160.582 271.051
143.781 274.865
125.355 279.525
115.334 284.344
115.146 285.614
120.319 283.488
120.892 274.047
128.876 267.401
148.598 265.149
168.728 268.844
144.516 268.294
127.750 272.643
117.319 277.817
142.469 214.746
194.549 198.473
