183.369 264.006
191.080 288.371
197.709 306.723
201.968 323.522
207.320 336.987
214.793 347.157
225.562 353.070
241.346 356.067
263.168 354.545
287.161 343.769
307.876 332.485
325.778 319.195
336.031 305.008
339.020 289.176
340.066 268.666
340.627 248.007
338.259 220.535
178.805 233.228
183.750 226.975
193.257 221.980
203.025 220.060
214.256 221.339
249.315 211.845
259.414 204.904
271.945 200.433
284.290 198.493
296.419 200.438
234.522 231.891
235.606 246.362
235.895 259.081
237.813 275.382
226.217 291.652
235.123 293.248
246.916 290.737
259.529 286.186
268.656 277.192
193.747 250.129
197.089 242.974
208.686 240.191
219.379 245.070
209.145 249.469
198.316 251.300
257.880 233.972
264.259 223.754
277.518 219.970
287.265 223.267
279.979 227.841
266.773 232.315
222.784 320.684
228.721 315.113
236.588 310.401
251.286 304.082
268.688 300.535
280.125 300.082
291.831 302.115
282.435 308.421
271.416 312.337
254.769 316.773
238.486 320.164
229.698 321.654
225.401 320.118
238.843 314.862
255.011 309.739
271.240 305.653
289.832 303.425
270.252 306.621
253.402 311.590
237.546 314.900
203.903 244.027
271.291 224.727
