242.713 269.666
238.114 288.694
233.114 303.888
222.436 319.046
212.865 331.283
196.971 338.322
178.636 343.117
163.157 345.652
159.606 346.089
171.132 343.559
196.580 341.654
226.945 334.898
255.836 325.248
275.763 309.254
289.327 285.947
298.460 265.781
310.444 239.070
187.399 228.220
182.447 224.256
179.894 222.547
178.736 222.538
179.639 223.784
187.614 215.521
192.416 209.142
200.040 204.230
208.793 201.293
221.715 201.851
182.282 227.609
175.014 235.396
164.395 243.698
152.843 253.706
175.471 271.860
169.505 273.354
166.675 272.795
174.055 269.110
184.872 262.161
195.042 246.974
188.683 240.133
190.375 238.119
194.377 241.802
188.947 246.057
188.687 249.181
206.235 232.330
204.409 223.562
209.241 220.815
221.591 225.370
211.019 231.528
205.074 233.467
171.752 304.741
168.023 293.227
164.286 284.374
162.575 278.230
170.678 278.775
177.997 286.401
184.498 298.146
176.569 306.500
166.963 312.301
163.691 315.809
162.436 315.640
166.875 313.041
174.169 306.376
167.237 292.936
163.107 286.253
172.502 287.062
186.516 299.344
169.245 306.705
165.478 311.458
164.119 311.041
189.768 242.338
208.798 226.470
