231.296 236.856
236.445 257.769
239.616 275.108
237.704 293.052
237.318 310.510
232.041 334.000
229.553 354.752
228.744 371.872
232.269 384.276
240.199 386.636
250.842 382.589
263.756 374.477
278.136 357.570
287.436 341.005
292.219 324.702
293.065 309.054
294.075 286.418
176.419 238.779
169.482 239.929
166.176 242.693
166.037 247.359
168.574 254.334
176.230 265.165
179.482 265.015
185.980 267.009
194.606 270.022
208.355 274.165
172.742 273.922
169.205 290.537
165.714 304.174
164.715 317.160
189.274 312.138
186.537 318.647
184.752 324.096
190.541 326.237
196.235 324.216
179.995 259.096
174.160 259.180
176.556 262.837
182.857 269.964
178.450 271.229
176.512 267.823
194.669 284.902
190.797 282.176
195.623 286.554
204.086 291.531
199.386 296.252
193.701 292.653
198.334 341.746
189.732 332.475
184.691 330.432
184.334 334.208
191.150 341.030
200.104 347.939
209.778 357.074
214.829 368.704
214.051 377.182
211.864 377.168
207.056 368.029
203.271 355.125
200.443 342.003
189.281 336.869
189.147 339.932
196.174 346.527
211.241 355.578
209.552 369.319
207.077 368.606
202.738 360.893
175.962 263.578
193.962 288.220
