145.712 289.944
155.125 312.867
162.178 330.521
168.153 342.613
174.947 353.125
186.511 359.836
208.009 359.049
230.181 356.594
254.189 353.086
276.314 347.277
294.653 343.439
312.968 337.754
318.869 329.576
320.997 318.723
321.956 302.445
322.734 283.107
321.136 257.372
167.325 244.299
175.080 235.647
185.989 228.951
197.462 226.191
209.764 226.429
249.357 217.942
260.980 213.980
273.415 212.989
283.738 215.171
293.155 221.282
230.480 232.316
233.483 244.358
237.117 258.043
240.678 272.201
225.321 292.677
233.721 293.818
243.574 293.192
252.177 290.749
257.665 284.594
184.929 260.728
191.335 258.184
202.506 255.823
209.610 254.009
203.011 257.109
192.702 260.449
256.417 244.125
266.249 242.907
276.792 242.261
281.474 242.889
275.563 245.010
265.462 245.369
220.056 323.623
224.754 314.702
233.121 308.992
245.259 306.997
256.515 304.565
265.302 307.194
271.631 312.270
265.268 312.438
257.833 315.877
246.467 319.381
234.616 319.628
226.159 320.533
221.790 322.937
234.035 317.460
245.935 314.865
258.102 313.240
269.671 313.069
254.506 310.282
245.181 313.446
235.060 314.035
196.734 250.613
271.807 236.470
