158.008 232.768
161.991 258.652
163.098 279.194
162.128 303.053
162.778 323.268
168.125 348.763
184.999 369.969
204.531 383.718
222.793 391.819
243.129 389.357
264.665 382.726
285.697 367.878
297.242 346.769
303.906 326.520
310.794 304.180
317.033 285.604
328.598 262.558
186.224 260.501
197.627 264.304
211.443 267.860
223.403 271.324
234.687 274.922
266.741 280.858
278.579 280.460
291.541 280.676
303.144 280.753
313.037 280.266
247.738 287.101
243.658 301.936
239.736 316.712
236.549 333.159
212.454 322.246
219.183 331.996
233.574 340.162
249.441 338.010
260.800 330.815
195.905 272.199
204.692 274.337
217.446 276.232
223.797 279.457
215.354 280.112
201.392 278.295
269.868 287.311
277.192 289.135
289.334 288.688
296.944 289.610
291.178 293.166
279.009 292.517
204.404 359.406
207.686 355.042
214.828 353.720
230.191 357.102
246.188 360.311
254.409 364.530
254.604 369.825
247.577 376.375
235.702 380.462
226.520 377.450
215.833 375.532
207.824 368.305
206.220 357.152
216.183 359.571
229.999 362.086
244.517 366.004
252.232 367.260
238.783 368.859
228.773 366.153
217.657 364.803
202.817 272.674
278.484 286.357
