200.168 299.997
204.559 325.755
208.753 345.478
222.285 369.035
235.795 385.756
260.428 399.237
285.895 413.244
311.772 423.516
331.110 423.675
340.904 409.367
337.924 388.392
330.606 365.715
321.017 347.400
313.686 328.973
309.567 305.831
309.488 287.679
310.930 262.789
283.224 290.828
297.745 288.040
311.784 286.460
322.525 287.098
330.972 289.382
357.329 279.748
362.886 271.919
366.175 265.968
366.582 262.427
362.556 261.604
345.308 298.560
350.321 313.702
356.741 326.115
362.760 341.643
316.528 350.148
329.884 353.013
345.551 353.460
348.716 344.270
348.869 333.171
289.849 307.621
301.744 304.714
308.973 302.847
311.983 304.443
310.217 308.546
300.891 310.409
342.175 293.872
354.042 288.095
357.160 284.200
353.726 283.965
357.511 289.090
351.768 294.335
294.055 381.809
310.064 372.974
328.213 369.130
347.029 364.775
353.343 356.237
350.577 352.935
345.466 357.003
346.458 374.825
346.385 388.655
339.256 396.077
324.927 399.462
306.856 393.822
293.089 381.798
323.682 373.533
344.578 371.281
349.605 360.836
342.564 358.077
344.411 382.709
336.734 391.272
321.844 393.191
304.280 301.977
352.588 284.743
