195.615 248.428
193.435 273.859
191.626 294.068
196.557 317.015
203.755 336.479
222.142 358.850
243.324 376.151
261.857 389.460
276.113 393.523
286.467 383.316
288.741 366.973
290.946 347.864
289.436 326.907
288.901 307.555
292.573 287.599
299.265 270.235
309.527 246.433
270.233 257.623
286.107 260.057
301.124 262.451
311.673 265.615
319.424 269.188
346.990 268.792
353.478 264.517
357.415 260.905
357.773 258.003
352.733 255.469
331.982 280.514
332.569 296.860
333.665 312.990
335.415 330.502
294.792 329.078
303.533 336.052
313.492 339.220
315.501 335.337
315.378 324.833
269.283 274.079
282.200 270.843
289.649 271.815
290.825 276.848
285.680 283.213
276.245 282.559
323.187 276.322
335.638 271.268
341.539 269.681
338.418 271.897
337.504 279.712
332.633 281.364
271.734 353.837
283.320 351.668
295.145 350.755
306.924 350.404
310.498 349.332
307.435 348.048
302.982 348.934
303.476 359.014
301.410 368.332
296.066 370.991
290.055 369.565
280.715 362.515
271.986 352.677
288.355 351.354
300.557 351.275
302.614 349.372
301.304 347.825
303.508 358.925
299.413 362.152
290.632 360.842
284.489 274.870
336.733 273.594
