181.878 263.216
185.740 284.285
188.906 300.953
186.747 316.318
187.989 328.769
194.746 336.081
206.683 339.420
220.565 343.339
239.803 346.841
260.904 344.121
279.158 343.013
298.950 341.413
312.642 335.005
318.593 323.783
324.072 308.243
331.662 292.149
340.481 269.883
200.437 217.199
208.572 212.752
218.518 211.059
227.778 211.581
237.406 214.686
269.448 214.686
279.393 212.333
290.690 212.479
301.184 214.409
311.840 220.561
251.887 226.150
248.975 238.575
245.889 249.223
243.689 260.890
227.316 274.247
234.776 278.913
244.693 280.425
256.244 280.305
266.249 273.532
205.140 231.198
211.204 228.205
225.482 228.951
229.600 232.952
220.996 233.018
211.637 231.960
276.337 234.222
282.903 230.179
295.301 229.828
302.204 235.198
296.030 235.977
285.049 234.790
220.714 299.471
225.369 293.895
231.984 289.834
242.236 287.438
251.779 289.785
257.915 294.814
262.714 301.583
257.163 307.049
250.160 312.803
240.339 316.088
230.662 312.159
223.668 305.239
223.293 300.219
232.676 298.980
241.869 299.420
250.494 298.983
261.040 301.992
249.732 302.397
241.522 304.167
231.707 301.076
220.370 228.076
292.927 231.070
