168.530 251.070
169.920 278.851
170.934 301.479
175.080 320.472
181.074 338.094
195.312 355.978
216.454 372.814
240.082 387.069
266.573 393.138
290.008 388.359
307.016 376.389
322.630 360.859
330.833 346.548
333.301 330.823
335.628 310.785
337.462 289.583
339.786 261.450
206.178 216.008
217.676 210.670
231.251 208.063
243.617 208.978
255.562 212.886
293.223 213.259
304.332 211.277
316.217 212.573
325.732 216.185
333.612 223.540
274.090 226.373
275.068 239.991
276.075 252.758
278.442 268.745
243.991 282.593
256.064 287.756
273.356 291.220
288.253 290.140
296.950 285.026
219.625 236.322
224.960 236.108
239.911 236.794
246.262 239.012
238.168 236.968
227.020 235.602
292.867 242.314
301.230 240.443
314.954 239.480
318.347 242.924
313.569 242.697
303.049 242.929
226.491 325.299
237.662 311.135
251.340 303.814
273.199 304.816
291.885 304.848
300.847 312.259
304.907 327.672
298.627 345.089
286.269 358.143
269.994 361.382
251.316 356.467
236.311 344.053
228.609 327.506
249.801 310.663
272.923 310.277
292.174 311.465
302.680 328.581
286.411 346.161
269.600 350.274
251.165 346.403
232.514 234.462
306.713 238.933
