182.996 257.470
188.515 280.294
195.363 298.027
205.316 317.957
214.463 334.905
232.246 349.766
255.833 359.448
280.715 366.901
300.727 368.506
313.432 359.214
317.157 347.617
318.844 334.897
314.679 320.427
309.999 304.540
309.216 286.002
311.658 271.034
314.405 250.679
250.371 243.106
265.170 240.735
279.013 239.169
289.529 239.906
298.045 242.557
324.857 243.421
332.031 240.171
338.265 238.678
342.459 238.802
342.925 240.415
312.169 254.661
315.899 271.411
319.847 286.842
324.687 305.723
287.310 306.391
298.554 313.742
312.164 318.040
317.380 312.704
318.618 301.475
260.619 262.326
272.685 261.913
281.072 261.496
284.496 262.885
280.492 265.871
269.647 266.135
316.232 261.115
326.198 260.857
332.301 259.647
332.472 258.176
332.451 262.456
324.916 263.613
266.714 328.427
279.123 326.703
292.483 328.021
308.081 329.367
316.743 325.542
318.622 322.595
319.423 321.981
317.286 329.338
313.946 334.985
306.292 336.814
293.213 337.718
278.478 334.377
267.237 328.343
285.195 329.014
301.996 331.027
311.570 326.476
317.218 322.561
313.559 327.852
305.579 330.570
291.639 330.797
276.063 260.658
327.764 258.890
