164.209 261.343
169.188 289.720
174.252 311.864
183.505 332.413
194.122 350.236
214.579 366.039
240.054 378.091
265.525 389.220
286.292 394.033
300.631 388.288
306.581 378.755
310.181 367.656
307.211 354.930
303.634 340.154
302.865 322.062
305.338 304.798
310.167 282.058
242.955 239.256
256.755 236.410
269.523 235.861
279.459 237.861
288.400 242.663
320.482 248.194
328.512 246.797
334.984 248.400
339.041 251.063
338.918 256.322
304.667 257.670
308.085 271.774
314.005 283.996
319.601 299.497
278.956 305.323
291.059 312.805
305.220 317.545
312.619 315.922
316.203 309.337
253.664 257.868
262.535 255.295
272.389 255.810
274.886 262.103
271.484 263.686
262.006 261.795
314.796 269.509
324.507 265.086
331.890 266.410
330.577 269.518
331.469 272.003
324.303 272.127
253.701 335.336
269.677 330.196
286.527 330.594
302.674 331.655
311.626 331.860
313.960 333.491
311.654 340.674
305.849 350.424
302.900 357.474
294.053 359.125
281.260 355.536
265.490 346.632
253.949 337.043
278.636 332.588
297.871 334.440
308.651 335.733
308.537 341.532
300.337 350.840
291.761 353.050
277.466 348.502
267.165 258.111
327.454 267.254
