162.533 226.243
166.376 248.843
169.118 267.249
168.142 287.868
169.066 306.062
170.073 330.617
179.793 353.133
191.410 374.334
208.342 387.523
231.429 383.680
255.001 370.646
278.313 354.863
294.300 334.735
304.250 316.267
310.762 296.805
314.240 279.141
318.246 255.682
147.119 251.309
148.490 256.656
155.401 263.073
164.222 269.098
175.586 274.558
209.838 281.008
221.236 279.126
235.566 277.218
249.424 275.331
263.133 273.062
192.668 290.803
189.064 310.725
185.495 329.531
184.093 348.832
184.743 323.088
189.178 334.392
198.847 342.808
213.418 339.134
225.065 330.934
162.108 271.695
163.951 274.395
174.354 276.664
185.551 279.624
174.026 283.095
164.914 279.663
221.617 287.892
226.833 289.192
238.519 290.118
248.153 289.813
239.999 295.903
228.394 295.190
178.892 324.511
180.445 330.103
186.704 338.590
202.058 346.190
223.756 346.008
240.114 340.875
252.276 337.830
241.201 349.744
224.875 360.615
206.159 362.708
191.932 353.585
184.816 339.183
181.923 325.517
188.970 335.979
205.096 344.584
227.900 342.913
250.377 337.692
226.317 351.258
208.222 354.155
194.320 345.180
169.445 276.708
233.061 290.773
