182.354 276.757
190.778 301.411
200.009 318.754
213.752 329.403
227.020 338.116
251.658 339.400
279.586 337.164
306.512 335.997
332.126 338.483
351.626 335.241
360.544 337.249
364.392 337.941
366.112 337.249
365.003 330.506
363.104 315.237
360.089 298.859
352.973 274.218
228.559 209.453
239.471 198.795
253.121 192.768
265.429 191.314
277.939 194.300
315.846 194.336
325.376 191.811
335.085 193.835
342.933 199.280
348.530 210.696
300.296 208.679
306.643 221.650
312.916 229.873
321.652 239.255
292.081 269.309
304.472 269.407
320.380 267.949
332.318 269.306
334.787 265.336
245.228 229.456
254.159 220.006
267.175 219.746
274.524 227.659
267.513 228.151
255.340 229.242
318.447 228.705
326.988 219.392
337.735 220.302
343.111 229.808
340.817 230.352
331.079 229.439
300.557 290.375
305.337 282.966
314.866 278.345
330.148 277.491
341.914 279.302
349.426 284.933
352.442 293.431
347.666 293.021
340.011 293.173
333.973 292.598
325.068 291.578
312.293 291.692
300.491 292.738
315.339 287.637
329.435 287.194
342.093 288.896
348.354 294.382
338.242 286.798
331.093 287.307
321.724 285.536
261.780 223.121
334.205 223.731
