173.443 243.071
172.575 266.740
174.463 285.431
171.122 305.253
168.925 322.470
163.834 341.312
159.792 359.486
162.111 376.227
174.785 387.803
194.398 387.226
218.794 380.407
243.268 368.193
263.598 353.179
276.527 337.435
286.147 320.654
295.419 304.067
302.860 280.816
146.165 238.891
146.735 238.025
150.933 239.218
157.131 242.640
165.200 248.447
192.711 256.661
202.256 255.763
214.181 257.145
225.926 259.792
239.364 264.599
176.051 266.261
169.967 282.954
162.630 299.002
157.084 315.340
162.120 309.455
162.844 320.236
168.851 326.541
179.931 327.229
193.653 322.298
152.216 259.916
152.811 262.043
161.474 263.997
170.080 266.156
162.687 267.675
154.199 266.235
202.127 276.942
205.147 280.437
214.618 281.272
225.793 280.686
215.941 285.158
205.108 282.011
158.938 335.757
158.775 335.217
160.134 338.194
167.476 344.267
181.102 346.543
191.996 348.515
201.639 351.286
192.048 357.090
177.443 359.666
167.100 357.159
159.864 351.996
157.542 344.202
161.719 335.924
164.995 340.943
172.392 347.003
185.989 349.310
201.197 350.489
179.914 353.962
168.527 352.055
161.430 346.461
157.171 260.917
210.018 278.442
