178.756 240.443
188.725 264.156
198.781 283.717
212.798 303.019
225.225 320.050
250.782 334.540
279.534 344.579
306.576 352.824
327.273 361.488
333.336 359.949
326.615 358.039
319.230 353.306
309.591 344.698
300.361 332.158
295.740 316.024
294.394 300.840
291.229 280.916
253.369 189.401
266.390 183.638
279.658 183.550
290.481 187.846
299.792 196.027
325.059 207.381
329.442 206.512
332.237 209.623
332.842 215.420
330.622 226.169
316.525 215.451
324.548 227.174
332.574 236.075
341.791 247.294
301.553 260.425
314.594 264.829
327.021 269.066
329.770 271.078
330.107 272.498
268.121 213.066
277.451 206.749
286.196 210.040
288.587 221.093
287.123 221.358
277.551 218.957
317.083 235.509
324.916 228.481
331.856 231.461
329.455 241.921
332.216 244.085
326.724 240.377
297.400 301.121
309.195 292.253
321.442 287.686
333.166 288.670
337.199 291.857
336.903 300.292
334.365 313.197
335.863 317.947
337.733 318.385
333.706 316.755
322.900 311.559
308.479 307.929
298.130 302.569
316.652 298.001
328.471 299.016
332.690 303.484
331.402 314.079
332.938 311.300
328.674 309.655
319.100 306.145
284.035 211.715
329.676 234.074
