176.532 254.519
175.771 280.702
176.123 301.458
176.107 324.830
180.375 343.625
191.648 361.720
206.714 377.916
223.251 391.113
245.278 397.073
269.566 393.411
291.505 383.934
313.809 370.672
332.139 355.894
342.270 337.389
347.584 312.857
350.258 292.503
351.627 266.966
190.071 245.542
200.807 244.946
212.880 244.530
223.636 245.743
234.643 248.801
272.983 239.036
285.225 235.649
298.738 235.566
311.491 237.702
324.493 242.978
251.244 257.533
250.170 272.818
247.434 288.133
244.417 304.320
221.892 308.781
232.863 318.971
246.175 321.396
261.430 320.442
274.760 314.625
203.688 256.056
209.972 258.669
222.860 259.446
230.944 261.221
223.549 261.550
210.577 261.197
277.977 260.105
285.912 252.326
299.321 252.045
308.430 257.374
299.300 263.344
285.157 262.908
215.449 348.693
220.756 343.614
229.628 338.575
246.039 339.172
262.519 339.550
272.799 346.035
281.715 352.680
274.793 359.619
264.315 365.572
246.835 368.142
229.710 362.584
221.361 355.349
219.264 347.931
229.966 347.569
246.088 349.125
262.393 349.323
278.019 352.027
262.989 357.625
246.533 358.036
231.189 354.333
213.074 253.747
289.672 256.735
