216.547 254.953
215.735 281.207
215.511 303.059
222.592 330.218
232.336 351.245
255.898 371.617
281.818 386.776
305.973 397.665
322.286 400.207
329.675 387.355
326.362 370.260
322.105 350.419
314.397 330.759
308.000 311.716
306.023 290.241
308.754 273.832
313.388 253.121
306.489 257.609
322.285 257.910
335.106 259.222
343.372 262.217
348.430 266.571
366.286 265.820
370.547 260.903
371.926 257.920
370.779 256.319
364.604 255.693
355.852 277.919
357.775 291.758
359.709 307.856
361.274 328.171
316.276 318.262
326.574 327.917
337.831 333.108
340.642 325.014
340.658 310.920
307.913 275.353
320.684 275.372
325.538 276.027
326.555 278.781
324.515 282.097
316.667 282.255
349.001 276.303
359.191 273.828
361.469 271.591
356.604 271.305
359.438 276.931
355.673 278.718
298.352 351.726
310.720 345.765
322.303 344.299
334.572 344.258
340.240 340.131
338.096 338.817
332.725 341.921
335.363 354.716
337.278 364.734
330.474 369.464
319.876 369.586
307.904 362.518
297.494 351.239
316.717 348.548
330.593 347.927
335.160 343.657
331.048 341.964
335.818 358.311
329.372 362.647
319.771 362.578
321.488 275.906
358.317 272.917
