186.499 272.202
190.326 295.749
192.100 315.818
189.572 331.403
189.304 345.465
188.302 357.463
191.814 364.730
198.359 370.239
215.384 372.217
238.310 363.490
263.265 353.991
289.658 342.654
310.352 329.749
321.421 314.170
327.691 292.726
331.523 271.063
332.940 243.096
160.337 238.814
160.643 232.411
166.585 226.755
174.582 223.728
184.775 222.336
219.032 213.028
230.304 208.759
244.177 206.844
258.171 206.650
273.822 210.738
199.535 225.350
196.443 237.770
193.466 251.518
190.132 269.107
194.653 286.018
197.256 289.459
206.059 291.139
220.427 285.547
231.133 276.314
172.711 245.663
174.673 239.041
184.626 236.535
193.674 240.349
183.864 243.175
175.444 246.195
233.174 229.936
237.964 224.738
249.928 221.163
259.574 224.781
249.447 227.974
238.185 229.046
192.505 321.925
193.313 313.138
197.251 309.938
210.174 307.980
228.364 303.563
241.644 303.231
253.879 309.554
238.633 317.430
222.837 322.016
210.177 325.625
200.527 327.162
196.480 326.764
194.478 322.323
200.095 312.276
213.571 311.085
231.863 306.089
252.899 309.339
225.950 315.609
213.204 319.212
203.753 321.440
181.796 239.073
247.726 223.163
