197.176 275.825
197.750 296.592
198.435 312.427
194.902 328.718
190.885 344.181
181.363 359.023
174.363 371.564
168.241 385.356
172.769 392.723
186.916 386.692
208.213 374.895
230.201 362.265
249.888 347.707
261.264 332.219
267.799 315.517
274.681 298.184
282.197 273.841
146.298 252.836
142.177 249.875
141.666 248.583
143.083 250.100
146.974 253.652
165.895 250.303
173.957 245.518
184.925 243.309
196.323 243.872
210.288 247.266
152.446 264.730
145.131 280.220
137.221 294.959
132.627 312.673
154.697 314.303
153.118 321.192
154.581 325.248
166.352 322.137
176.063 312.466
153.469 268.873
148.583 266.616
153.769 267.739
158.835 270.334
152.313 272.301
149.475 272.760
182.295 269.523
182.664 265.856
189.082 265.659
200.982 266.835
191.576 271.761
183.329 271.100
166.806 335.431
159.855 331.774
156.148 331.942
160.506 333.700
172.119 332.571
185.277 331.825
199.792 333.395
186.819 347.265
173.118 359.489
162.408 364.136
158.785 358.710
162.384 347.977
169.483 336.485
161.043 334.165
163.380 336.375
177.311 333.967
198.915 333.675
172.575 351.927
163.049 356.426
159.580 351.426
152.377 267.457
189.237 266.243
