164.600 260.200
171.414 283.845
177.753 302.522
184.417 320.773
191.844 336.438
205.791 354.058
224.395 367.943
245.064 377.708
267.288 378.825
289.212 371.063
304.857 356.313
318.071 339.251
324.260 320.981
325.373 303.007
326.980 282.894
327.052 262.480
327.416 236.612
185.124 242.594
193.131 237.760
204.455 236.549
216.114 238.511
228.705 242.907
269.266 250.566
280.077 249.147
291.283 248.077
300.443 246.434
308.595 243.858
250.448 259.913
253.199 277.265
256.158 292.564
260.025 308.738
233.997 315.603
246.320 320.348
260.998 318.536
274.260 311.424
283.307 298.843
202.364 268.422
208.799 266.158
220.300 264.395
228.839 267.713
221.980 273.056
210.687 274.728
271.715 259.864
280.497 255.597
291.423 253.561
296.892 254.065
292.346 259.598
279.508 261.801
232.888 344.910
237.310 339.920
246.040 336.980
262.271 331.916
279.809 325.598
290.457 322.266
296.441 323.358
290.528 332.573
279.911 344.295
266.501 351.701
251.752 352.183
239.918 348.309
234.952 343.246
247.267 342.349
263.488 338.902
281.241 331.438
293.146 324.170
280.461 338.689
265.572 344.732
250.020 346.873
214.636 265.261
285.233 254.306
