178.762 225.854
178.500 250.077
181.290 269.742
180.860 292.235
181.779 311.976
191.724 334.215
205.514 355.620
222.083 374.682
241.334 384.221
260.877 379.131
272.908 364.204
283.372 346.213
290.078 327.469
293.237 308.599
299.381 288.952
309.916 273.721
320.919 253.281
231.815 231.362
245.232 230.944
259.624 233.373
270.992 238.202
280.480 244.680
316.067 249.627
325.930 246.524
333.590 245.269
337.871 246.378
337.585 250.012
294.172 264.309
290.853 284.865
289.528 302.257
287.127 322.599
251.564 310.579
260.661 320.320
273.445 327.452
282.188 324.336
289.341 316.441
238.244 258.381
249.455 257.189
259.984 258.510
264.406 263.536
256.940 267.438
245.512 265.937
299.642 269.304
311.699 267.561
319.468 269.676
320.459 272.341
316.371 277.938
308.346 276.923
226.706 335.019
237.510 333.191
250.996 334.171
267.192 337.735
279.886 338.768
284.997 338.970
283.961 340.929
274.133 351.146
262.793 360.830
250.857 363.756
238.951 358.995
229.536 346.968
227.224 335.706
247.531 337.328
265.030 340.999
278.012 341.364
281.602 340.277
264.343 355.403
252.843 357.871
241.514 353.311
252.567 261.202
313.318 271.800
