173.725 235.432
179.680 259.634
183.454 281.101
183.879 305.538
185.754 326.374
188.233 351.416
191.655 375.334
197.477 393.991
209.636 402.722
227.546 398.958
249.276 384.743
272.294 363.406
292.999 340.254
302.848 317.038
307.885 291.905
312.596 270.613
315.462 243.446
140.113 235.372
142.813 234.136
149.932 234.906
157.314 238.053
166.204 243.549
201.099 245.588
211.988 241.959
224.974 240.567
237.757 241.012
253.039 242.776
182.507 259.684
179.250 278.138
174.271 294.610
170.730 313.002
172.299 316.232
175.443 324.471
182.000 329.115
195.735 326.708
207.207 317.733
155.560 253.447
156.473 250.251
166.761 252.338
175.438 258.834
167.439 261.252
157.699 260.866
214.719 262.061
219.336 256.796
231.929 257.427
241.489 261.251
232.819 267.489
221.243 267.238
175.809 356.304
171.214 349.566
172.871 346.283
181.111 346.337
195.105 348.690
207.763 354.014
219.087 362.169
212.856 372.295
203.470 382.259
192.853 385.143
184.135 378.472
180.730 367.578
178.808 355.511
177.877 354.770
184.586 356.011
199.261 358.014
217.522 361.007
199.532 373.681
189.422 376.854
183.301 370.441
161.646 255.461
225.795 261.627
