162.154 249.082
164.867 273.388
168.884 292.377
169.521 311.302
170.152 326.765
173.077 339.541
181.936 347.527
191.654 355.334
208.056 360.431
229.919 355.642
251.978 349.319
275.441 341.111
292.884 328.404
301.556 312.000
307.724 290.225
313.443 270.864
318.111 244.603
157.484 225.709
161.804 220.736
170.128 217.893
179.404 218.379
190.080 221.599
223.193 219.873
234.197 216.181
247.279 215.490
259.145 217.327
271.184 222.082
205.463 233.917
201.511 248.685
197.585 260.980
193.147 275.510
183.649 286.495
189.287 291.606
199.424 293.327
214.923 291.906
227.177 284.246
167.035 245.108
169.841 237.862
181.937 237.655
191.492 245.713
182.113 247.676
169.454 248.404
231.880 243.052
238.103 235.016
251.561 236.065
260.752 242.979
251.047 246.377
236.579 245.806
175.887 318.984
177.071 313.051
181.377 308.270
195.986 306.727
214.598 307.526
226.577 312.315
238.572 320.401
227.410 325.767
213.254 329.758
199.155 329.977
186.713 329.094
179.681 323.652
179.378 318.123
185.051 315.940
197.042 315.681
215.505 316.119
234.951 319.771
213.761 321.931
199.797 319.981
186.557 320.289
173.435 242.249
241.492 239.557
