198.056 270.636
195.158 296.299
191.656 316.868
184.042 336.545
179.170 352.003
171.784 365.690
169.787 376.248
173.356 383.333
185.047 389.037
208.528 387.694
236.072 385.676
267.528 378.121
295.767 366.898
315.441 351.635
333.945 328.836
339.255 306.704
346.412 277.606
166.961 235.415
166.842 229.544
171.647 226.134
177.971 225.979
186.025 228.948
218.722 228.793
229.755 225.959
243.088 226.353
256.638 228.795
273.215 235.655
197.332 242.273
188.814 259.013
179.175 275.712
170.824 294.460
179.417 308.155
178.050 314.620
184.239 317.232
198.360 316.736
213.774 308.899
173.236 253.911
172.100 247.007
180.124 245.548
188.901 252.241
178.892 255.786
171.692 257.353
229.857 253.408
234.301 246.413
244.342 247.402
257.945 254.643
247.831 258.612
234.748 257.178
172.677 342.831
170.757 338.623
172.522 336.677
180.951 337.020
197.438 338.342
209.430 341.274
218.522 346.987
209.915 349.401
196.677 352.304
185.510 351.524
176.734 348.392
174.461 345.678
175.786 342.974
178.633 340.477
186.914 341.522
203.396 342.582
218.121 346.672
198.253 343.497
187.094 343.697
179.659 341.595
176.725 249.055
240.385 250.363
