193.110 279.540
191.570 299.478
187.192 315.651
178.622 329.887
175.076 343.617
175.045 352.628
176.168 358.786
181.626 362.933
197.892 363.620
224.449 358.047
251.533 352.250
280.323 342.070
306.475 330.429
319.884 315.784
327.508 295.661
332.147 278.157
336.522 255.241
177.011 213.420
180.407 201.679
187.642 193.649
195.082 189.788
203.281 189.337
238.298 178.955
249.864 174.031
262.929 172.849
275.394 174.752
288.756 184.079
215.679 194.722
207.129 203.382
197.994 206.447
190.354 212.906
184.281 250.051
187.567 246.484
195.580 240.588
210.022 242.125
224.126 240.525
181.379 224.808
182.524 213.989
193.382 213.180
199.755 217.710
192.107 219.655
181.818 223.178
245.063 206.220
248.726 196.361
261.822 193.879
272.838 200.641
262.410 202.414
251.026 204.477
174.644 295.627
173.728 274.215
178.330 258.172
189.666 249.658
204.905 252.618
216.475 266.125
223.429 287.619
214.628 302.895
199.066 315.570
189.370 321.099
180.644 317.736
176.260 310.054
177.931 297.083
181.067 271.726
191.031 263.790
204.944 266.394
222.321 288.749
200.405 301.757
190.730 307.176
182.075 305.385
185.144 216.804
253.451 198.689
