159.570 273.333
162.231 298.083
169.339 317.875
179.737 330.275
192.693 339.710
213.237 343.852
240.269 344.036
268.578 341.395
296.682 338.989
322.071 333.089
340.379 329.864
354.890 324.663
361.717 319.933
364.476 311.306
363.001 295.093
359.420 276.872
351.245 252.433
192.992 207.526
204.686 196.637
218.910 190.203
231.996 188.356
246.161 190.451
291.796 193.879
303.037 190.557
315.361 190.534
326.091 192.746
336.003 199.660
272.299 201.293
276.988 209.887
282.725 220.000
288.156 234.888
255.574 262.244
270.551 262.390
287.860 259.867
303.516 254.926
311.026 247.808
211.838 220.597
219.183 211.191
232.949 208.657
241.517 217.909
234.825 219.388
219.940 221.341
302.175 213.544
309.778 213.503
320.919 211.373
326.558 212.483
321.493 212.637
310.828 212.713
247.869 302.192
257.948 291.961
271.359 282.949
291.193 276.075
310.382 273.572
319.296 277.111
326.710 282.537
320.147 285.611
310.635 289.494
292.986 295.834
274.840 300.835
260.655 302.220
251.776 301.248
270.946 292.612
292.011 285.635
308.874 281.941
322.411 283.931
308.389 282.260
291.268 288.471
274.111 293.079
231.839 213.324
320.179 205.134
