166.209 268.843
169.170 291.551
172.786 309.201
170.903 331.953
171.457 349.588
173.930 364.905
180.356 380.660
190.328 395.695
207.853 403.282
231.845 396.282
256.258 381.679
278.779 363.698
297.541 347.978
308.451 329.672
314.916 305.243
320.579 286.947
327.314 261.872
147.499 242.798
150.295 237.808
157.987 235.638
167.023 237.656
177.726 242.540
214.270 239.392
226.711 233.673
241.615 230.960
255.291 231.893
269.145 236.563
193.411 257.385
190.087 275.667
187.237 293.836
184.206 314.432
181.873 315.433
188.030 323.518
198.644 327.703
216.339 323.237
228.614 311.906
160.717 262.803
162.156 259.290
173.011 259.897
182.928 264.039
172.481 265.513
161.397 265.894
227.105 261.305
232.406 256.157
243.789 255.538
256.154 258.429
246.200 262.892
232.349 263.621
180.963 345.735
182.209 338.699
186.433 337.110
200.257 339.774
222.511 336.735
236.353 337.311
248.731 344.201
238.060 357.631
222.558 367.237
206.992 369.565
192.605 366.899
185.615 358.526
183.610 346.409
190.152 341.340
203.861 344.657
224.421 340.487
248.560 344.362
222.563 359.449
208.179 362.347
195.140 359.348
169.092 262.079
240.048 258.816
