195.986 278.269
195.518 305.330
199.358 327.822
210.693 353.790
221.953 373.244
243.968 390.563
268.867 407.421
294.031 417.824
310.290 419.372
318.724 409.150
316.890 394.096
312.074 375.337
306.955 359.287
302.483 341.359
300.688 318.940
301.894 300.466
304.591 277.034
280.291 264.589
296.315 260.952
309.819 260.228
318.667 262.903
324.751 268.723
346.511 268.934
352.751 264.591
357.172 262.812
358.745 263.106
354.263 266.621
333.262 287.408
335.295 308.705
340.153 324.413
345.563 341.278
303.915 345.536
316.193 353.363
328.566 355.947
331.945 351.132
332.732 341.185
286.686 288.391
299.802 284.740
305.392 285.242
306.389 292.016
305.083 295.224
296.953 296.149
333.007 291.439
343.355 285.006
347.406 285.028
343.869 288.236
345.623 294.506
340.225 295.041
284.555 377.096
298.605 370.440
312.171 367.972
327.320 367.733
333.003 363.872
331.149 363.677
326.652 367.529
326.348 378.611
327.503 390.395
321.260 395.323
308.660 395.073
293.558 387.313
284.245 377.335
306.989 373.557
324.925 374.444
328.090 368.663
323.935 367.590
325.167 381.587
320.041 386.774
306.324 386.057
300.961 289.151
343.446 288.905
