231.388 275.679
236.548 302.767
243.975 323.803
258.543 342.643
271.133 357.418
291.941 374.287
312.380 380.196
330.277 382.792
341.170 380.217
343.101 365.867
338.591 350.099
332.355 331.190
318.160 312.388
307.709 295.435
301.817 275.459
300.162 256.263
299.500 230.179
317.313 249.420
330.436 242.630
341.282 237.582
348.513 236.514
352.733 238.215
363.044 228.241
364.869 221.741
364.133 218.142
360.826 217.818
353.533 220.606
360.064 249.655
368.494 267.612
376.198 281.720
384.923 297.907
342.869 311.153
354.070 315.691
363.606 314.886
360.558 308.562
354.854 296.575
323.610 269.919
335.021 263.331
338.715 261.122
337.360 264.601
339.808 271.787
333.719 275.154
348.860 253.513
357.635 245.044
359.076 242.040
353.505 245.205
359.236 251.857
357.496 254.895
327.997 346.330
338.763 338.228
352.065 333.336
363.266 327.657
362.332 321.157
355.998 318.701
348.753 322.789
352.016 334.734
354.898 347.920
352.920 354.648
347.416 357.593
336.369 353.915
327.595 345.864
345.692 337.832
357.696 332.042
356.924 324.457
347.048 323.763
355.340 339.667
353.527 347.293
348.075 350.290
336.447 267.577
357.239 249.200
