191.868 272.884
198.364 295.967
206.185 315.737
218.804 336.976
231.134 354.544
252.740 374.324
277.470 389.408
298.977 397.860
317.197 397.925
333.332 385.952
342.868 368.823
350.454 347.738
353.150 326.344
352.948 306.772
354.970 285.904
355.962 267.666
356.223 244.067
237.588 274.864
250.286 274.856
265.043 274.248
277.520 274.889
288.990 276.148
324.598 271.381
335.785 266.262
346.835 261.570
355.153 257.750
360.022 254.137
305.636 284.463
307.260 300.689
311.081 316.372
317.200 333.146
292.124 337.724
304.847 342.426
316.740 340.802
324.753 332.964
329.350 318.561
248.726 290.529
258.763 287.104
270.050 285.307
278.749 288.289
269.771 295.331
257.448 296.421
324.098 280.715
336.778 275.253
347.337 273.030
350.990 274.012
348.072 281.844
335.655 284.503
300.431 369.855
304.689 365.737
313.080 360.022
325.398 354.095
332.432 349.143
336.587 347.696
338.508 348.081
338.095 359.692
334.144 371.579
330.411 376.628
321.894 379.187
311.675 375.510
299.147 367.810
312.540 365.610
323.999 361.432
331.175 355.366
336.419 349.424
335.213 363.949
329.312 368.960
320.621 372.290
263.730 287.843
340.749 275.177
