193.822 233.332
192.957 253.211
192.847 271.263
191.194 296.032
193.031 317.208
191.662 341.324
188.150 363.411
190.016 382.752
199.005 396.062
213.507 398.503
229.190 391.589
244.673 377.999
259.895 361.672
271.579 344.874
278.761 324.759
284.437 307.513
292.525 287.441
153.459 228.424
149.392 228.559
148.970 234.606
150.938 243.673
155.410 255.171
183.851 270.948
195.537 267.848
210.005 266.527
223.588 267.785
236.394 273.283
165.180 278.100
158.758 292.633
151.689 305.819
146.561 319.884
160.335 305.328
159.095 314.134
165.081 326.305
180.989 326.857
191.503 322.972
154.347 258.710
154.825 257.211
161.721 262.097
168.432 272.180
159.577 273.250
153.279 268.885
197.427 288.654
201.051 284.518
208.091 287.658
218.683 296.768
208.311 301.647
199.900 297.523
167.160 335.271
159.861 326.681
157.423 328.633
164.381 337.956
182.770 343.447
197.313 348.041
209.067 359.808
205.839 375.940
195.857 385.629
186.983 384.385
178.911 374.513
173.996 355.831
170.013 337.784
160.971 333.468
168.244 342.135
186.225 349.425
207.905 360.244
194.100 380.863
184.992 381.599
177.189 369.615
155.050 263.875
201.986 291.600
