212.531 259.716
215.087 282.117
216.108 301.034
210.928 322.486
206.963 340.340
200.681 359.039
197.894 374.873
198.780 387.685
206.714 397.795
221.057 397.017
243.227 392.845
268.201 383.168
291.690 369.273
305.542 351.461
314.116 330.327
322.218 311.238
329.061 285.511
175.202 249.621
172.958 248.013
174.149 248.351
177.544 251.219
183.613 256.513
210.202 263.208
219.537 261.475
231.822 262.231
243.886 264.402
257.806 268.332
194.183 272.920
190.792 291.220
186.450 307.598
182.068 323.759
190.202 325.247
190.494 333.998
194.489 339.081
205.936 339.048
216.962 333.347
179.035 268.891
176.271 265.833
182.387 267.690
190.701 275.534
183.676 278.470
177.413 276.828
223.397 282.220
226.117 276.492
235.109 279.976
246.552 285.350
235.797 291.370
225.630 288.687
193.035 353.192
190.834 352.822
190.159 353.256
195.539 355.340
207.192 357.603
218.385 360.161
228.207 362.897
218.141 365.987
205.683 368.720
195.758 367.445
191.386 362.710
192.090 357.291
196.009 352.283
197.589 356.661
202.080 361.013
213.219 361.370
227.499 361.467
207.047 361.482
198.590 360.750
195.206 356.600
179.795 270.762
230.979 281.807
