161.254 283.709
164.792 296.942
168.863 308.867
175.583 319.694
184.747 330.361
195.306 335.685
208.706 337.470
226.104 337.619
246.081 335.878
266.061 326.498
282.255 319.352
295.592 310.149
305.604 299.648
312.472 286.908
316.389 269.853
317.243 257.169
319.067 242.822
161.894 204.127
167.018 191.433
176.750 183.339
186.429 179.966
196.751 179.661
232.598 168.535
243.445 164.236
255.792 163.318
267.080 166.253
277.260 175.894
213.412 179.824
210.895 177.957
209.184 178.362
208.985 183.602
196.808 226.251
202.427 222.801
216.703 215.483
232.151 215.608
241.465 214.883
175.426 211.529
181.845 200.160
195.173 198.511
199.707 203.398
191.761 203.363
180.528 206.590
238.334 192.745
243.003 183.155
255.334 180.170
265.138 187.911
256.962 187.300
245.255 189.698
201.779 270.820
200.558 250.227
205.279 235.421
220.266 226.226
238.372 226.182
251.258 236.184
261.344 257.468
256.801 278.110
245.882 291.225
236.579 297.377
224.222 298.474
212.073 290.484
204.083 274.339
208.812 245.322
223.289 234.300
242.089 236.456
259.919 260.472
246.240 286.146
235.860 293.500
223.403 293.112
187.734 200.875
252.310 183.869
