184.511 290.069
195.875 318.081
207.549 340.232
224.522 357.879
242.070 371.767
270.095 381.169
302.174 384.280
331.596 383.907
352.825 378.825
362.741 366.423
362.292 353.576
358.604 338.627
349.334 325.121
338.748 311.151
328.765 293.872
322.212 275.322
318.022 252.105
243.513 242.248
257.864 233.025
272.268 226.845
284.300 224.391
296.010 224.693
328.625 217.382
335.179 213.287
341.209 211.638
345.285 212.175
346.114 217.256
320.436 233.657
331.619 249.002
344.606 264.135
355.435 282.207
309.919 302.544
326.197 305.745
341.500 305.145
345.487 298.675
344.337 292.186
262.724 260.093
272.898 260.611
281.570 257.121
286.722 254.197
282.725 257.989
272.503 260.863
324.548 244.093
333.713 244.402
339.393 241.963
339.250 239.936
339.047 243.303
332.717 244.973
309.267 347.087
319.693 339.036
331.654 332.675
347.017 327.976
355.110 321.209
356.800 321.348
357.114 323.632
358.523 328.284
357.271 332.730
349.190 338.161
336.387 342.362
322.213 345.229
310.435 345.990
327.305 336.657
344.740 331.833
352.243 325.309
355.170 324.539
352.453 326.409
344.718 330.868
331.974 335.886
275.413 248.118
334.836 232.852
