194.012 266.108
193.207 293.331
195.115 316.188
202.419 338.349
211.208 356.911
226.612 378.144
250.529 391.657
275.329 401.371
297.883 404.926
316.770 394.334
329.940 381.122
342.999 364.834
345.968 345.040
346.788 326.075
347.864 304.288
347.723 282.969
346.712 256.120
236.934 269.952
249.465 268.945
263.839 268.152
276.531 269.669
288.654 273.206
326.583 269.528
336.752 264.797
346.675 262.064
354.278 261.251
358.541 261.354
308.862 286.324
312.280 304.705
314.693 322.235
317.134 341.465
281.538 339.355
293.911 348.647
309.097 352.369
319.802 345.783
327.382 331.493
248.750 286.220
260.270 284.319
272.375 284.272
279.851 288.998
270.785 294.256
257.272 293.830
320.320 286.977
333.254 281.450
343.720 279.822
346.445 280.671
343.209 289.421
331.848 291.722
262.325 360.529
273.436 362.216
288.839 363.233
307.504 363.581
321.561 359.334
328.428 355.097
330.573 351.973
325.841 362.439
316.592 375.300
304.331 379.719
288.939 378.437
273.725 369.349
265.006 360.267
285.401 365.120
304.441 366.494
318.844 360.729
327.846 352.400
317.564 364.503
304.696 368.342
288.526 368.177
264.975 287.470
336.693 284.166
