170.495 209.444
163.311 234.929
155.757 255.680
146.538 279.283
142.411 299.032
139.938 321.777
140.455 345.199
145.493 366.757
158.891 381.447
183.705 386.724
213.425 384.501
244.362 376.425
270.789 365.470
289.320 349.174
303.626 325.480
312.649 304.654
321.531 278.405
152.619 215.945
156.310 217.090
163.794 221.896
171.564 228.794
180.290 238.452
220.086 253.715
233.484 253.794
247.982 256.560
260.749 260.989
273.154 267.506
192.931 262.151
183.811 279.038
174.506 295.623
167.039 311.772
158.509 298.499
162.878 311.253
172.464 321.158
188.492 324.801
205.302 321.434
158.625 241.489
159.509 244.622
169.773 249.897
178.510 257.038
168.688 256.522
157.155 249.557
224.446 277.166
230.650 277.220
242.662 281.557
253.823 284.894
242.117 288.996
228.949 284.485
147.557 317.146
147.448 314.112
153.346 317.478
168.629 326.988
189.452 335.455
204.618 341.778
214.788 349.424
199.667 358.251
178.705 362.787
160.813 359.051
148.665 348.535
145.148 332.181
149.412 319.605
151.927 323.319
165.800 334.829
189.780 341.652
212.288 349.289
180.108 357.874
161.304 354.915
149.405 342.766
163.862 249.090
235.454 281.068
