203.161 220.523
200.314 243.010
197.416 261.406
189.547 279.361
184.880 296.049
175.229 316.547
167.365 337.964
163.264 359.687
167.922 376.153
183.818 381.251
206.702 378.298
230.790 372.601
254.089 363.437
269.863 351.141
279.302 335.007
286.643 319.340
295.930 297.914
151.068 230.420
147.195 233.126
147.259 238.192
149.278 245.245
153.335 254.310
171.550 271.915
179.193 273.602
189.817 277.451
201.007 282.340
215.469 288.461
158.112 275.791
150.805 290.354
143.467 302.538
136.269 317.372
154.241 304.775
152.372 315.835
153.440 327.156
164.776 329.804
177.216 327.232
153.224 251.064
149.860 252.009
156.582 257.816
164.232 265.846
155.052 264.308
150.528 257.716
186.883 289.149
185.780 289.453
192.760 294.009
203.623 300.032
195.257 302.644
187.446 297.685
160.284 318.783
153.746 320.582
150.882 327.049
155.503 339.072
167.710 345.416
181.620 349.668
196.461 352.545
184.998 358.701
170.072 361.499
159.419 357.085
155.213 345.647
157.677 332.242
162.053 320.161
154.538 328.757
158.322 341.530
172.919 349.083
195.026 351.884
171.442 356.589
161.756 352.557
157.386 341.501
152.902 255.264
190.636 293.066
