207.884 250.986
216.696 278.595
227.574 298.885
247.249 314.133
266.497 326.597
295.019 333.928
327.176 337.253
357.269 340.898
378.258 343.871
385.659 338.083
381.451 333.971
374.675 329.206
361.223 323.400
349.753 313.773
339.605 296.715
331.595 279.758
322.935 257.646
276.602 192.539
290.029 184.671
302.727 181.141
313.820 181.653
324.555 186.167
353.540 191.284
357.425 189.808
360.522 192.170
362.911 196.673
362.754 205.925
344.046 202.925
352.162 216.605
364.207 224.046
376.539 235.876
336.532 256.266
353.475 261.432
367.719 262.935
371.630 262.551
369.523 256.214
288.010 215.087
299.991 206.482
308.944 208.661
314.918 216.614
312.924 217.380
301.265 217.377
350.500 221.149
357.082 213.872
362.440 214.865
360.753 223.905
364.659 224.839
359.341 223.414
326.982 288.786
341.259 279.695
358.422 274.640
373.199 272.690
379.753 275.057
378.404 280.540
375.878 289.336
380.677 297.526
384.942 304.523
380.471 307.258
364.208 305.168
343.277 298.728
328.606 290.748
354.365 281.589
373.998 279.019
377.422 281.446
373.662 290.177
381.508 296.902
377.388 299.297
360.251 297.244
305.570 211.408
360.657 219.257
