183.497 211.116
182.328 235.025
176.604 254.941
165.418 279.303
160.056 300.226
153.239 325.503
151.259 351.116
153.406 375.542
163.843 394.643
183.973 401.065
210.914 399.237
240.146 391.608
266.923 379.458
285.841 363.058
299.363 340.071
305.851 319.615
309.825 294.882
135.358 234.627
133.404 239.307
136.213 246.013
141.188 253.918
148.788 263.418
176.254 283.808
185.503 285.929
197.766 289.618
210.522 293.733
226.863 298.465
161.448 284.426
154.450 298.925
145.825 313.609
137.375 330.273
150.222 311.461
149.618 326.645
154.964 339.978
170.083 345.541
187.902 340.341
141.952 253.246
139.128 256.247
147.161 263.136
154.715 270.759
145.707 270.842
139.842 264.030
191.542 297.860
191.785 299.296
200.670 302.566
213.609 306.540
202.806 311.988
192.756 307.589
152.146 325.493
145.520 328.847
144.619 336.657
152.790 351.646
171.955 360.070
189.591 364.011
205.364 366.797
190.976 373.557
170.716 378.204
155.820 372.717
148.147 358.770
149.441 340.568
154.319 326.883
150.017 337.117
157.147 352.788
178.571 360.359
203.597 364.909
173.592 368.853
159.996 362.323
151.559 349.889
142.038 259.768
196.810 300.989
