161.974 245.711
158.928 271.769
156.540 292.656
156.036 318.958
158.889 340.694
172.497 365.440
189.464 388.533
206.513 406.283
224.319 417.077
245.773 414.132
262.498 403.234
278.974 386.536
291.227 367.441
298.048 346.622
307.039 324.076
315.095 306.128
325.891 282.888
202.870 255.322
214.907 258.058
228.123 262.743
239.402 268.136
250.535 274.577
293.610 283.827
305.751 282.325
316.487 281.859
324.144 281.749
328.100 283.000
267.179 292.448
263.234 310.465
260.258 328.805
256.133 346.938
229.708 334.922
238.442 345.649
250.094 351.524
260.563 350.083
270.108 343.201
210.682 275.156
220.645 275.559
233.345 278.334
238.924 285.295
230.389 288.112
217.587 284.984
285.589 295.577
297.603 292.759
308.157 294.935
311.250 297.780
305.807 303.612
295.109 302.549
220.421 373.456
228.774 369.290
236.755 364.084
249.989 365.008
262.219 367.774
264.509 374.974
263.897 381.008
258.818 390.416
249.995 400.000
236.109 402.693
225.942 396.027
221.185 383.606
224.846 374.539
237.066 372.645
247.704 371.064
255.937 375.687
259.279 380.687
252.189 390.535
239.181 394.724
230.044 386.593
224.593 279.770
300.008 296.359
