184.061 254.776
183.989 280.285
182.709 300.087
177.355 312.858
174.537 323.139
170.575 328.969
173.089 331.513
179.884 331.534
195.413 331.184
218.467 322.958
247.105 315.918
277.504 305.545
302.758 296.111
319.052 284.020
328.438 265.076
332.543 244.130
333.755 215.920
155.247 200.917
158.736 190.809
166.096 183.285
173.439 179.551
182.142 178.783
218.603 165.503
229.934 160.053
243.083 158.187
255.843 158.798
271.144 164.548
196.709 181.160
191.048 191.093
183.497 199.755
177.503 212.813
179.885 245.390
181.485 244.511
189.270 240.590
203.523 239.259
220.187 235.294
168.510 210.301
169.847 200.903
179.978 198.055
189.179 203.537
181.599 205.796
170.705 210.190
230.906 189.712
234.517 179.224
246.002 176.875
256.707 182.625
245.821 185.939
235.414 188.321
174.913 287.589
174.396 273.707
177.035 264.308
187.941 258.506
206.045 256.943
219.050 263.045
231.905 274.186
217.316 279.567
201.657 284.555
187.186 288.649
176.802 290.129
174.649 289.507
177.885 286.800
182.027 273.143
191.822 267.842
209.580 266.609
228.882 274.998
202.571 275.874
189.336 279.661
179.864 281.879
174.839 203.571
240.886 181.834
