170.641 276.958
179.237 302.358
188.921 322.974
199.346 344.324
210.540 361.234
234.755 374.028
262.346 383.344
288.750 389.118
311.510 388.860
327.969 377.650
335.749 363.097
340.673 345.005
341.555 327.114
335.913 308.524
330.199 286.061
328.636 265.656
326.834 238.846
216.898 256.928
229.428 251.318
244.697 247.173
258.416 246.174
271.891 247.424
311.956 235.903
321.188 228.857
329.718 224.637
335.663 223.608
338.416 226.443
295.213 257.255
300.152 278.448
305.778 296.872
311.134 315.722
281.673 322.750
293.341 326.251
305.029 325.639
312.551 321.240
314.500 311.797
234.676 275.928
243.996 266.443
256.639 264.229
266.246 269.774
259.663 274.980
246.712 279.425
310.192 258.101
320.086 246.629
329.330 244.634
333.081 250.170
330.929 258.047
320.755 259.510
274.626 354.863
281.340 348.711
291.856 342.337
309.214 338.182
322.784 333.696
327.981 334.687
327.977 337.685
326.773 345.521
322.468 354.447
312.351 359.649
297.501 361.535
284.136 358.804
276.721 353.646
292.620 349.363
307.856 344.695
319.871 340.459
324.938 337.861
320.857 345.248
310.167 350.248
295.674 352.425
250.093 268.039
323.235 249.095
