166.368 282.028
173.966 302.252
180.177 318.501
186.621 332.364
194.923 345.585
211.206 354.207
229.064 360.630
249.525 365.663
272.791 366.474
293.365 359.591
306.242 352.029
317.512 342.986
325.173 333.148
325.166 321.068
323.252 304.615
323.110 289.073
324.531 268.813
189.936 216.581
198.577 205.365
210.068 198.972
220.899 197.070
232.573 198.702
271.303 194.737
281.217 192.300
291.912 193.623
301.604 198.062
310.270 208.770
253.676 208.055
255.645 219.715
257.535 229.293
259.799 240.874
240.641 270.573
249.876 269.584
260.972 266.972
270.416 267.146
278.446 264.969
204.109 233.284
210.930 225.902
224.731 225.708
232.918 231.472
224.368 231.938
211.592 233.280
275.045 228.345
282.273 221.902
295.454 220.813
300.709 226.479
296.129 227.068
284.676 227.239
239.192 314.821
242.445 297.209
249.798 287.798
264.017 282.650
277.269 284.045
285.845 291.735
292.466 307.919
290.523 319.602
283.638 326.470
269.552 332.161
254.696 330.524
244.484 326.113
240.523 316.230
250.879 298.265
264.731 293.481
277.712 294.377
290.581 309.210
280.995 318.521
268.013 322.463
253.801 322.065
217.351 226.087
289.042 221.361
