170.453 238.569
163.066 267.560
157.187 291.322
154.325 319.225
158.182 341.562
165.701 366.124
181.225 389.569
199.308 409.208
222.940 421.814
250.683 420.900
275.886 410.828
300.762 393.946
318.168 375.257
330.963 355.374
339.222 328.481
343.323 306.126
349.034 277.322
185.418 235.319
196.529 235.408
210.963 237.384
223.593 241.608
236.151 248.762
278.875 264.471
292.375 263.871
307.184 265.490
320.349 268.402
332.133 272.066
254.926 270.976
249.987 289.439
245.358 308.900
240.879 330.765
214.059 325.269
222.500 337.089
238.013 343.103
254.812 343.457
268.947 334.772
199.713 258.912
207.651 257.261
221.900 259.772
230.153 267.171
219.547 269.089
205.978 267.245
282.467 278.264
291.119 282.053
304.661 283.871
311.930 284.548
303.913 287.878
291.387 284.460
197.290 359.656
204.175 358.168
214.964 358.469
234.027 363.419
253.280 366.405
264.179 372.012
272.641 376.676
261.462 384.134
247.780 388.845
231.102 388.093
213.492 380.587
203.595 370.549
201.449 360.192
214.454 366.062
232.735 371.831
252.090 374.280
268.364 375.716
249.460 380.386
232.490 377.912
215.651 372.517
215.831 259.278
301.566 276.112
