200.918 274.352
212.482 290.899
221.251 304.478
231.366 322.107
241.601 336.976
253.636 354.789
264.365 370.205
274.341 386.086
288.604 395.529
303.446 390.323
314.209 375.937
322.945 359.865
330.048 341.527
332.324 323.860
332.964 307.480
333.906 293.220
332.029 274.015
178.053 297.586
178.341 299.624
182.542 303.736
189.506 308.565
199.296 313.642
229.548 313.265
237.545 307.483
248.904 301.898
260.605 298.101
273.979 296.844
219.369 329.573
222.296 347.787
221.731 363.249
222.703 380.373
224.429 354.733
229.917 364.116
238.631 372.680
251.108 366.290
259.314 356.489
197.214 315.591
197.261 316.173
206.430 316.955
215.308 321.317
207.046 325.769
199.258 323.280
251.536 323.795
253.924 319.284
264.036 319.384
275.934 319.617
269.964 327.265
257.921 329.390
238.311 364.106
231.310 367.817
231.815 373.703
243.563 379.202
261.063 376.470
277.209 371.365
293.149 367.928
290.295 378.082
284.030 387.498
274.029 390.807
261.102 383.065
251.321 372.755
241.106 364.425
236.713 371.161
247.455 377.222
266.342 374.381
290.723 368.234
282.149 384.534
272.142 388.469
259.587 380.478
201.268 320.034
260.402 324.340
