162.043 253.060
166.496 272.967
166.645 287.815
164.360 303.784
163.852 318.741
164.217 332.462
170.469 344.969
183.048 357.717
204.340 365.514
230.702 359.675
252.973 349.582
273.493 337.677
287.988 324.038
295.760 308.019
303.171 288.033
306.756 271.978
312.941 249.705
152.796 225.291
158.211 221.810
167.892 219.622
178.016 220.421
188.771 223.492
230.611 211.668
244.069 206.758
259.523 205.141
273.214 207.116
285.170 213.652
207.120 228.646
203.819 241.095
199.139 251.587
195.206 265.748
180.004 278.424
187.356 285.203
201.476 287.194
216.944 289.201
230.705 280.410
163.025 244.039
167.042 241.352
178.964 240.948
186.780 242.444
176.230 245.550
166.522 247.024
237.254 237.464
247.137 228.046
259.872 228.165
269.595 235.859
261.436 242.076
246.871 241.283
170.021 304.585
174.500 300.382
182.983 298.521
201.303 299.147
219.860 304.870
231.932 309.587
238.623 315.205
227.572 321.147
211.120 328.280
201.410 329.215
188.132 326.144
175.830 315.737
173.557 305.628
185.121 304.843
203.282 309.194
220.696 313.813
235.784 315.135
212.397 315.740
202.356 316.835
188.291 314.619
172.703 235.637
254.098 231.605
