165.004 265.894
173.509 289.347
178.274 309.105
180.625 331.362
186.215 349.685
192.723 370.989
203.444 390.379
218.678 404.021
237.152 409.010
257.462 401.983
276.646 388.485
295.189 368.945
310.682 347.236
317.834 325.277
319.035 300.108
319.166 278.886
316.198 254.044
141.745 272.139
143.702 271.338
150.331 270.850
159.074 272.482
170.371 276.486
210.586 269.767
221.774 262.919
235.675 258.446
249.105 256.451
263.771 257.086
191.713 289.708
192.893 308.887
194.313 326.781
196.935 344.487
190.033 341.956
197.410 349.271
207.478 351.709
220.189 346.972
232.359 336.231
157.099 288.983
156.226 287.991
167.096 286.832
181.030 292.415
171.481 298.415
160.517 297.696
227.248 286.891
231.603 280.741
243.758 279.198
256.695 280.176
248.385 290.444
234.554 291.627
195.509 365.745
194.901 364.889
197.779 365.436
210.591 365.245
229.461 362.785
242.421 361.382
255.467 361.550
250.608 374.256
240.281 385.983
222.761 392.070
207.115 387.491
200.569 377.526
198.365 365.072
202.081 367.453
213.380 371.104
232.825 365.112
253.309 360.977
236.671 381.457
219.924 386.690
205.716 382.544
161.842 290.597
236.538 283.253
