181.547 254.873
184.317 278.636
185.272 298.564
180.833 322.430
179.626 342.562
176.134 366.510
176.082 390.532
179.116 413.534
192.482 429.103
215.426 426.570
242.152 414.551
269.406 399.219
291.042 380.284
303.909 360.459
312.287 339.367
315.741 318.003
317.653 291.982
137.363 268.211
137.285 269.209
142.128 271.854
148.502 276.539
156.804 283.476
189.352 291.305
200.293 288.624
214.136 288.561
227.677 290.260
244.356 294.624
170.583 306.137
165.099 328.276
160.597 347.044
157.988 367.393
164.601 347.698
167.020 361.282
175.739 370.384
188.996 368.849
204.223 357.380
151.501 291.182
150.065 293.767
159.141 296.189
170.333 300.049
160.498 303.178
152.289 300.025
207.669 310.790
211.085 312.609
220.624 314.546
233.988 315.658
224.260 321.206
212.432 319.091
167.158 361.814
165.299 366.850
167.555 374.920
178.272 382.814
194.017 383.836
211.490 383.529
228.970 381.730
216.037 393.579
200.121 401.563
184.867 401.021
173.274 392.487
168.852 377.649
170.605 362.812
172.592 372.994
183.580 382.703
201.764 383.226
227.242 381.425
201.041 396.973
185.202 396.302
172.985 386.826
155.036 296.461
216.570 315.171
