192.104 274.677
202.170 301.723
210.362 324.546
224.595 348.367
240.040 365.504
267.637 378.710
299.826 388.266
329.304 393.833
350.155 391.505
359.249 376.810
356.869 359.200
349.433 340.921
339.213 325.531
329.497 309.425
321.389 289.130
317.901 271.840
315.384 248.818
260.685 244.577
276.482 238.283
291.699 235.012
303.706 234.985
313.868 237.143
345.103 239.173
351.272 234.781
355.588 232.154
357.751 231.173
355.288 232.613
332.991 249.246
339.999 264.516
349.352 279.518
359.268 294.954
320.974 314.483
334.539 317.004
346.879 313.707
350.247 306.308
348.032 294.434
275.762 262.875
287.221 255.075
297.389 254.326
300.930 259.714
297.875 264.520
287.463 267.791
337.584 253.442
344.812 253.696
351.224 250.265
350.418 249.409
350.769 254.345
345.024 255.238
317.384 351.463
327.061 343.951
338.644 337.414
351.974 330.946
357.958 323.123
357.723 320.715
355.875 322.831
357.945 329.938
359.132 339.392
355.700 347.539
344.927 352.758
330.073 353.481
318.150 350.317
334.226 343.674
349.140 337.121
353.383 327.837
353.590 324.222
354.752 330.398
351.554 339.152
340.563 345.078
292.243 256.352
347.552 245.033
