182.377 254.026
191.492 278.573
200.052 298.493
213.517 322.216
225.727 341.845
250.031 358.801
279.943 369.976
307.880 376.112
328.374 375.151
340.245 360.831
340.320 344.924
337.374 327.789
329.863 311.198
321.086 294.382
315.086 275.443
312.598 257.798
313.264 233.961
251.303 235.214
267.615 231.231
282.660 228.626
293.736 228.672
302.698 231.227
333.330 227.717
341.190 223.054
347.937 220.934
351.722 220.669
350.711 222.133
317.635 242.951
321.902 260.076
328.519 274.327
335.551 290.054
301.302 304.333
314.672 308.207
327.480 306.599
334.056 300.192
336.217 286.470
263.473 253.092
276.749 248.902
285.678 248.635
289.838 253.059
286.196 257.316
275.978 259.247
327.972 246.888
339.198 240.253
344.518 238.207
343.003 240.119
344.441 246.608
337.540 248.898
298.492 344.233
309.000 335.830
321.553 329.217
334.717 323.243
341.015 317.828
342.485 316.914
342.842 318.763
344.473 327.797
344.100 337.824
338.199 344.366
325.345 348.497
310.445 347.618
299.413 342.764
316.317 335.082
330.642 329.305
338.006 322.248
340.830 319.748
341.677 328.506
335.358 335.277
322.099 339.863
279.511 252.094
338.981 242.330
