167.518 251.529
169.222 277.533
173.412 298.118
174.078 318.471
175.125 336.902
182.248 360.289
198.344 380.514
217.012 396.795
237.654 406.416
261.144 404.099
281.588 393.548
301.010 377.574
312.097 357.169
316.484 337.996
322.439 319.924
331.253 301.969
340.716 276.800
186.266 252.212
196.199 253.083
209.290 254.598
222.104 257.583
235.293 263.349
283.185 269.138
296.897 266.931
310.463 267.280
321.401 268.775
330.427 271.144
256.388 282.918
252.778 304.163
248.651 324.703
245.922 345.662
221.703 340.507
230.210 351.679
243.339 356.886
257.500 355.753
270.537 345.511
199.182 272.897
205.381 271.761
219.190 274.063
226.901 281.228
217.515 283.322
205.058 281.186
283.468 288.196
293.263 284.628
305.981 285.452
312.322 287.664
306.794 293.956
292.938 293.041
210.589 367.820
215.862 369.826
224.506 371.256
241.543 375.374
258.554 375.071
267.096 375.950
275.481 376.846
268.837 382.658
257.334 390.357
241.358 391.414
224.479 385.890
215.948 375.673
213.677 367.304
224.947 374.598
241.128 379.476
257.643 377.840
272.788 375.372
256.979 383.506
241.375 385.366
226.493 379.899
212.499 275.167
299.537 286.656
