223.007 237.166
223.116 260.327
222.917 278.327
213.316 299.113
205.746 316.190
190.194 333.013
174.475 349.012
164.299 363.549
163.074 374.075
168.744 373.891
184.540 367.559
205.852 356.328
228.089 344.361
241.627 326.234
247.301 303.262
250.106 284.952
253.404 259.472
153.690 228.659
144.854 228.638
140.282 229.748
139.423 232.291
141.623 236.767
144.580 240.096
144.862 237.625
148.841 237.414
156.006 238.331
168.644 240.995
147.330 250.081
143.967 265.688
136.588 278.419
129.248 292.784
149.807 298.363
144.421 305.636
141.975 308.802
145.901 311.516
154.192 307.345
159.372 245.061
150.802 239.785
153.137 241.970
154.709 250.793
150.989 252.425
151.318 250.749
161.181 256.819
158.469 248.880
162.390 249.907
172.227 256.656
163.231 261.824
158.947 260.877
152.204 325.828
143.415 322.992
137.370 320.497
133.877 323.882
139.314 326.719
146.706 332.383
157.677 338.166
148.375 343.488
142.057 346.885
139.553 344.430
141.200 340.684
147.255 333.502
154.255 325.915
146.452 327.739
143.641 331.530
147.024 333.474
158.178 336.689
142.364 334.763
140.785 332.625
142.443 330.416
152.630 241.108
161.389 249.639
