157.617 259.718
164.075 283.736
169.439 303.065
172.390 328.006
177.805 347.363
187.465 366.429
202.277 382.901
220.651 397.623
244.123 404.923
269.512 392.031
290.339 374.163
308.958 352.271
321.905 330.416
326.353 307.189
327.553 279.449
328.755 257.580
326.401 229.733
144.948 266.994
150.370 267.142
160.922 266.096
172.892 266.153
186.810 266.799
232.974 259.298
246.178 253.766
261.523 248.647
275.609 244.399
288.846 241.147
211.039 274.034
211.564 290.385
211.508 308.701
213.113 331.863
197.859 325.065
209.507 336.605
224.697 341.230
241.376 333.687
252.619 316.469
163.273 280.686
167.228 279.567
178.802 278.249
191.365 279.497
180.329 284.958
168.038 286.458
245.831 268.446
253.707 265.610
266.601 261.857
278.074 259.237
270.286 267.648
254.787 270.679
194.687 353.148
196.945 354.200
207.012 355.688
227.897 356.217
251.025 348.578
267.146 343.421
276.461 341.716
267.492 350.878
252.624 363.492
233.240 371.194
214.484 368.340
203.567 359.467
198.805 353.291
209.950 358.036
231.000 360.041
255.098 351.144
273.026 342.783
250.753 354.983
231.762 362.404
213.711 360.069
173.551 280.646
263.365 264.331
