189.699 269.984
195.807 294.791
196.491 314.350
195.623 336.977
198.741 354.890
204.439 374.570
216.414 389.897
231.403 402.996
249.192 411.226
270.665 404.364
293.023 393.527
315.203 379.099
330.321 360.351
338.994 341.025
344.077 317.491
344.998 297.386
348.498 269.766
185.575 259.686
190.943 257.502
201.215 256.377
211.493 257.508
222.516 262.043
259.268 260.523
270.601 255.989
284.273 254.517
297.445 255.115
309.984 258.469
240.241 281.315
239.595 303.038
237.730 318.235
236.282 334.559
224.561 337.516
231.180 344.649
241.922 345.846
254.750 344.508
265.479 336.069
199.790 283.411
204.091 280.020
216.714 280.701
224.874 288.052
213.986 290.764
203.417 288.738
265.948 287.848
272.064 280.285
284.818 279.318
294.917 284.175
287.095 289.608
275.558 291.244
217.302 365.415
222.192 362.917
229.631 359.771
241.425 357.150
256.461 358.663
268.777 361.033
277.505 364.702
267.836 368.522
255.113 374.736
244.414 375.141
233.537 374.376
224.127 369.057
220.536 363.984
232.308 364.831
244.105 363.654
258.295 363.637
275.162 363.234
255.285 364.136
244.455 364.787
233.417 364.317
211.009 283.972
278.936 283.766
