185.552 246.212
194.900 268.609
200.351 287.031
202.964 308.716
208.428 326.339
217.379 347.132
230.565 366.416
248.354 381.121
269.427 385.352
290.163 378.415
305.868 363.322
316.917 343.128
322.861 322.419
325.186 302.792
328.008 280.035
333.208 260.933
338.030 236.816
198.873 235.107
207.978 232.234
220.853 230.764
233.116 231.974
245.951 236.379
287.518 235.057
299.317 229.511
311.850 226.938
322.761 226.648
331.201 228.716
266.906 253.562
266.926 275.451
267.473 294.956
268.934 313.894
246.620 317.838
256.773 324.498
268.936 326.079
281.412 322.618
290.825 311.848
213.542 256.382
220.851 252.157
232.778 252.228
243.549 258.468
234.759 264.489
222.348 264.917
290.606 256.111
301.280 251.926
313.012 250.053
319.008 251.404
313.236 259.722
300.634 261.258
240.462 349.147
246.836 345.458
255.681 342.251
269.428 341.468
282.761 340.193
293.552 342.392
299.229 345.351
292.115 354.861
281.947 365.577
270.664 369.106
257.559 366.758
247.041 358.125
243.637 348.168
256.934 349.337
269.946 349.508
283.833 347.488
295.708 344.931
282.567 355.787
270.444 357.850
257.166 356.927
225.747 254.493
304.757 250.163
