199.032 251.950
206.661 272.707
211.783 288.426
215.071 313.594
218.366 333.141
222.721 353.925
229.927 372.616
240.779 386.920
256.937 393.182
277.405 386.311
298.192 371.251
320.513 348.773
338.861 323.696
345.385 299.001
348.856 272.579
350.098 253.684
347.846 229.365
169.128 265.532
171.120 266.717
178.213 266.876
187.498 268.486
198.949 271.165
232.645 263.920
243.233 257.969
257.570 253.138
272.342 249.369
288.931 245.297
218.769 280.614
220.829 297.570
221.144 314.580
223.929 332.954
219.013 326.127
225.845 335.624
235.902 340.920
249.695 335.532
260.599 324.338
184.908 277.014
184.775 277.284
196.662 277.628
207.293 281.056
196.627 284.779
186.373 284.524
253.339 274.777
258.055 269.349
270.439 264.754
284.856 263.687
275.819 274.098
260.516 276.171
219.265 356.475
218.205 354.119
222.063 353.501
233.439 356.239
247.061 354.397
259.285 355.727
267.832 358.483
259.816 367.800
249.038 376.629
237.653 377.052
228.267 374.371
222.373 365.878
221.279 356.150
225.116 361.312
237.407 364.120
251.064 362.461
265.704 357.745
245.788 367.741
234.630 369.440
226.244 365.586
189.801 279.088
265.376 268.254
