210.316 248.711
215.436 278.515
220.906 302.855
236.583 323.996
251.292 342.790
279.324 360.166
307.072 372.017
326.327 380.845
338.892 386.307
347.264 380.852
346.585 373.675
341.553 362.756
331.826 349.062
325.194 333.801
323.653 314.650
324.635 296.040
325.528 273.045
302.370 209.890
317.403 203.960
330.045 202.790
338.796 205.778
345.539 212.704
366.929 219.188
371.231 217.884
373.951 220.552
374.278 225.502
370.608 234.595
359.610 233.496
366.538 254.547
374.446 271.689
380.407 289.445
345.283 302.010
355.750 306.935
363.343 307.991
365.896 309.060
364.602 303.007
315.698 235.262
326.032 228.969
333.080 231.389
334.188 242.718
333.019 244.199
325.816 241.977
359.184 249.727
366.064 241.219
370.832 244.232
368.569 252.485
370.881 255.941
365.990 253.993
353.915 339.326
359.102 329.699
364.747 324.461
371.194 323.694
374.114 326.152
372.513 331.973
370.036 340.785
367.765 347.227
365.467 354.553
360.907 356.118
359.894 353.636
355.387 346.472
351.745 339.002
362.050 334.295
366.551 334.410
368.287 335.260
366.298 340.168
366.603 342.602
363.572 344.293
362.436 342.499
329.699 235.803
368.732 248.374
