242.540 287.369
253.823 316.183
266.186 338.366
286.947 355.829
302.382 369.856
327.194 385.687
349.617 391.580
368.403 390.802
380.216 382.234
378.991 366.097
370.247 346.607
359.621 322.026
344.527 299.489
332.756 280.307
322.796 258.269
316.730 237.561
309.257 211.851
338.479 241.593
350.145 229.763
357.789 221.408
363.195 217.872
368.166 218.378
377.820 202.683
378.478 195.062
378.428 190.931
377.326 189.862
371.588 193.230
378.296 229.334
387.172 248.544
399.618 262.058
411.084 275.705
375.581 303.873
385.951 302.176
392.733 296.082
391.958 291.205
385.566 281.657
346.052 259.578
353.392 251.566
356.380 246.245
355.752 250.060
358.957 254.735
355.895 260.308
369.858 229.243
374.678 219.725
375.637 216.735
372.376 219.200
377.150 223.373
376.161 228.430
365.985 349.351
380.391 334.208
391.993 323.590
400.821 312.353
398.214 305.778
390.666 306.717
380.838 316.288
378.172 333.146
382.563 348.475
382.464 360.471
375.312 366.337
366.041 362.213
366.084 349.347
386.106 328.834
396.145 317.191
392.840 310.603
379.379 317.797
380.256 341.907
381.844 355.529
374.280 359.572
355.494 253.985
375.350 222.908
