219.955 256.625
219.040 281.830
220.751 302.649
233.089 325.585
245.252 343.199
270.062 359.601
296.897 370.237
319.649 375.935
333.972 378.468
339.435 372.078
335.767 364.297
329.522 352.109
320.295 337.909
313.987 322.086
311.606 301.852
310.292 284.567
310.055 263.331
299.429 243.736
313.586 241.064
325.666 240.672
334.127 242.919
340.361 247.163
361.252 248.490
365.338 245.868
366.790 245.142
366.350 246.322
361.375 249.571
351.717 260.123
357.705 273.885
366.168 287.738
370.441 306.436
329.345 310.162
341.035 315.813
350.714 317.117
352.094 314.896
350.566 308.677
303.779 261.198
316.828 257.323
322.185 258.058
322.529 263.706
321.227 267.209
313.146 267.882
347.545 266.198
357.312 260.677
360.403 261.189
355.730 265.198
357.172 271.411
353.837 270.451
321.089 342.252
332.562 337.715
342.541 333.644
351.076 332.256
354.416 331.449
352.950 334.443
349.126 337.689
350.469 340.680
351.327 344.879
349.459 346.155
339.952 346.122
329.162 343.765
320.484 341.268
336.546 338.328
346.037 337.445
348.532 336.835
346.917 337.098
351.177 338.232
347.519 339.150
339.027 339.472
318.460 259.908
357.073 263.379
