195.247 251.154
197.931 272.594
198.647 289.117
195.439 308.132
194.776 323.442
191.119 338.754
189.706 351.776
193.876 361.535
205.497 366.951
224.242 360.490
249.905 348.185
276.466 330.874
298.616 312.765
308.874 293.616
312.314 271.884
313.977 252.166
313.112 225.218
150.495 228.594
149.465 222.354
151.536 218.258
155.414 217.555
161.662 219.431
187.799 210.366
197.227 204.226
210.195 200.830
223.257 200.682
239.362 203.652
171.457 229.692
167.198 246.548
163.495 261.268
162.302 277.187
167.808 287.813
170.024 292.120
176.361 292.235
189.140 287.620
203.383 278.866
160.578 246.439
156.553 240.086
164.776 238.407
174.315 242.451
165.447 246.657
158.996 249.942
206.687 233.722
207.469 225.046
217.270 224.436
231.508 228.418
220.329 235.079
209.759 236.322
173.788 327.034
168.123 319.482
167.731 312.484
174.763 308.652
188.861 305.686
202.866 310.310
218.609 317.222
209.563 325.487
197.603 332.921
184.340 337.135
176.159 336.444
173.891 331.907
176.863 325.840
174.565 320.956
182.102 318.370
195.614 315.901
216.321 317.242
194.348 324.274
182.049 327.590
174.526 327.868
161.298 242.233
213.508 228.835
