165.552 270.167
175.983 291.847
184.729 308.940
193.700 330.392
202.612 347.676
221.548 364.656
246.004 379.058
271.344 388.956
292.818 391.731
307.676 380.367
312.913 365.227
312.695 347.291
308.332 330.286
302.979 312.813
300.943 291.578
301.635 274.879
300.480 253.679
208.253 241.343
222.306 235.873
238.035 232.594
250.980 232.959
262.383 236.853
297.200 231.189
305.889 225.393
314.185 223.074
319.944 223.758
322.130 228.193
281.700 252.069
287.000 271.626
292.555 285.738
298.408 299.945
269.701 318.937
282.447 322.341
294.520 319.350
302.435 318.057
306.546 311.471
224.713 263.514
235.927 255.959
248.905 256.616
255.044 264.143
249.648 269.132
236.764 269.816
298.838 257.156
307.355 247.049
316.103 245.718
318.605 251.318
318.154 258.137
309.274 260.218
269.651 352.563
278.824 346.293
288.443 340.033
301.769 334.900
311.672 333.724
316.229 337.852
317.527 341.283
315.054 346.186
311.913 352.608
303.521 356.658
290.289 357.048
278.291 354.347
270.707 351.353
287.678 347.043
300.289 345.024
308.136 342.230
314.114 340.725
307.689 342.797
300.069 345.481
289.298 346.478
243.499 261.088
309.876 252.368
