178.424 263.412
177.609 288.603
177.134 308.179
180.114 326.187
186.405 341.436
198.762 357.128
219.402 369.024
237.885 375.981
257.263 381.330
276.760 378.775
293.377 374.916
312.522 365.816
322.946 353.415
329.781 340.806
335.136 322.825
338.168 304.054
341.773 278.430
202.057 225.182
212.685 220.125
225.771 218.400
237.234 219.959
248.576 224.189
292.182 227.333
304.347 225.396
316.480 226.985
326.086 230.928
333.456 238.081
268.753 236.748
268.210 248.756
268.969 258.013
269.542 269.877
244.540 294.685
253.956 295.408
266.122 295.161
276.799 297.967
285.436 294.398
213.840 246.655
223.109 239.012
234.720 241.712
243.001 250.656
235.244 250.489
222.028 249.752
289.454 254.008
300.801 246.373
312.197 248.276
317.253 256.485
311.711 258.246
298.890 256.247
236.894 331.100
241.745 321.813
250.664 314.001
264.916 311.914
277.475 316.109
283.458 325.086
286.639 334.766
281.066 340.287
271.865 344.427
262.470 344.346
251.862 342.525
242.460 336.562
242.462 330.684
251.464 327.337
263.806 324.502
274.275 329.256
281.024 333.908
271.425 334.073
263.614 334.979
253.703 332.202
228.615 244.754
305.625 251.635
