151.229 253.225
155.056 278.585
154.782 300.998
157.405 325.888
165.056 346.618
177.670 371.379
194.254 391.509
210.373 408.925
231.208 418.133
254.069 410.399
269.188 395.112
285.524 377.283
299.860 355.665
309.853 334.717
317.877 312.343
322.062 291.780
328.649 267.298
171.484 246.649
182.554 242.426
195.864 241.660
208.363 244.881
220.973 251.609
267.098 254.981
280.856 250.640
294.758 249.273
305.866 250.715
314.453 256.896
241.492 276.770
240.432 302.067
240.312 320.383
240.444 340.329
213.298 335.392
224.366 344.461
238.478 348.055
251.574 346.674
262.507 338.081
181.984 274.834
190.391 274.862
203.175 275.914
212.095 282.407
202.538 287.581
187.344 285.321
266.480 287.088
276.589 282.188
289.806 282.855
297.407 283.421
291.076 293.000
276.355 293.044
206.185 368.338
213.960 365.346
224.903 365.462
240.108 365.558
251.906 364.175
258.057 365.285
260.460 368.951
255.221 377.066
246.709 385.786
235.988 389.532
223.565 385.107
213.390 376.026
208.784 366.315
222.453 365.496
239.208 367.601
252.119 366.053
258.907 366.543
246.880 378.630
236.313 384.044
224.393 379.212
194.264 278.560
281.536 286.051
