152.837 278.566
159.660 303.712
163.737 327.762
174.667 355.247
187.092 377.225
204.128 400.767
227.978 414.571
251.015 422.859
273.116 424.163
289.945 410.955
300.617 394.753
311.265 373.441
314.686 348.563
317.570 325.433
317.144 299.229
313.079 277.966
310.794 253.874
188.534 240.714
199.624 232.303
213.494 229.718
226.760 231.585
240.484 237.558
283.583 231.338
293.027 222.941
301.736 218.372
308.473 217.812
314.220 224.039
264.991 253.972
269.465 272.906
274.063 289.905
279.016 306.449
235.739 310.883
248.433 316.800
270.203 318.030
285.838 309.218
293.273 299.546
208.099 265.722
215.574 256.660
228.736 255.954
234.841 264.105
230.356 266.542
218.567 269.293
287.165 255.930
293.684 245.954
304.564 243.539
309.904 250.294
306.194 256.053
297.030 257.128
233.102 363.826
238.464 346.930
252.533 338.243
275.556 334.399
293.451 327.961
299.792 332.690
299.429 349.074
293.564 372.887
285.124 391.386
273.670 400.606
258.186 397.447
243.175 384.784
236.770 365.215
251.177 347.633
276.333 342.061
294.556 338.364
296.376 351.972
283.672 385.439
272.605 395.958
257.464 391.184
222.125 259.953
300.699 248.302
