191.183 250.962
197.127 275.569
198.359 295.775
200.370 312.001
204.219 327.590
206.076 348.081
217.317 363.352
229.524 374.761
244.395 381.991
263.235 379.530
281.423 372.968
301.649 361.889
315.941 344.409
327.606 329.061
334.503 310.359
338.005 289.182
346.268 263.511
187.390 241.959
190.630 240.028
199.007 239.422
208.787 241.461
219.813 245.529
257.772 247.742
269.431 245.073
283.226 244.412
295.723 246.028
307.008 249.631
236.435 261.414
233.224 278.683
230.362 294.661
228.438 313.386
224.453 310.229
229.256 317.944
236.999 323.858
247.945 320.858
258.189 318.441
199.336 262.826
202.805 259.360
212.764 259.053
222.690 264.746
212.827 269.938
202.500 269.292
266.139 269.246
272.821 263.807
283.697 264.948
292.507 269.859
285.724 275.908
273.339 275.029
218.878 339.680
221.538 336.468
226.204 335.526
239.620 337.421
255.760 338.128
265.205 339.887
271.603 344.808
263.937 352.083
253.667 359.087
241.497 361.474
230.057 355.073
224.840 347.298
222.004 338.540
228.623 339.414
240.469 341.207
256.910 342.029
270.103 343.385
253.732 352.564
241.513 355.964
230.974 350.493
208.191 263.026
280.190 268.632
