192.354 227.195
194.933 252.848
196.556 275.625
200.181 302.569
207.278 325.755
223.816 349.357
242.278 369.378
260.409 385.090
279.857 392.519
298.007 387.407
309.371 375.158
321.354 358.464
331.030 339.876
335.774 319.678
339.973 295.582
344.041 274.868
350.042 249.685
233.163 202.095
245.187 196.880
259.116 195.681
271.199 198.182
282.560 204.097
321.601 209.825
332.671 207.261
343.796 207.962
351.834 211.144
356.652 218.533
301.027 224.928
302.111 244.293
303.194 260.280
304.861 275.076
273.286 287.396
284.343 292.232
298.857 293.758
309.526 295.482
317.011 292.048
244.040 224.140
253.429 219.651
266.600 221.721
272.086 230.296
264.986 232.626
251.837 230.951
319.493 235.924
328.490 229.816
339.366 230.697
343.490 236.841
339.619 241.506
327.851 240.185
261.764 332.056
271.616 317.499
285.141 311.148
303.124 311.917
315.991 315.193
319.250 323.054
316.156 337.567
312.049 355.732
304.474 369.029
292.349 372.817
279.452 366.934
267.945 352.266
263.593 333.284
281.407 319.567
300.999 320.932
314.400 324.084
314.529 337.603
305.663 359.314
295.198 363.197
280.465 356.814
261.105 225.819
334.766 235.424
