164.669 235.334
163.308 262.704
160.323 284.600
158.001 305.998
160.792 324.333
174.034 341.510
193.193 357.999
215.130 373.691
241.166 384.730
267.644 385.045
288.084 380.131
306.863 370.218
319.338 358.329
324.841 341.570
329.168 318.701
332.243 297.209
338.461 270.194
203.148 214.579
216.650 213.399
231.685 214.905
244.357 218.593
255.830 223.927
298.243 227.206
311.051 226.280
324.028 228.157
334.428 231.778
341.544 239.129
273.902 236.849
270.964 251.360
268.185 265.608
265.171 284.691
233.994 289.434
242.256 296.823
257.428 304.088
271.150 306.838
280.435 303.041
216.783 238.505
225.035 237.805
237.944 241.385
245.945 243.514
238.044 244.083
225.667 242.679
292.242 250.832
304.382 247.702
314.863 249.955
319.644 257.103
313.736 259.468
301.389 256.274
214.282 318.013
222.174 313.642
234.126 313.674
254.781 319.833
273.968 326.512
282.226 333.109
284.814 340.471
278.059 343.790
265.940 344.768
250.161 340.656
232.137 332.382
219.995 324.512
217.258 318.783
233.515 320.159
253.431 327.133
271.342 333.446
282.241 339.281
266.911 338.190
251.911 334.388
234.292 326.006
231.525 235.703
308.313 250.648
