180.869 236.085
186.080 260.319
188.374 281.632
193.177 302.240
200.815 319.831
214.639 341.217
232.673 359.256
250.162 372.103
268.670 377.633
286.678 370.300
299.393 357.679
311.983 341.416
320.091 322.462
325.697 305.525
329.803 286.552
332.630 267.021
341.221 243.090
215.611 224.925
226.447 222.143
239.390 221.642
250.813 224.228
261.696 229.266
297.082 229.414
308.207 225.638
319.262 224.449
328.195 225.676
335.200 229.298
278.150 245.482
277.804 265.339
278.236 280.325
279.114 297.810
256.023 308.055
265.572 312.525
275.506 313.126
285.119 312.770
292.741 307.017
226.962 248.883
236.806 244.621
247.912 246.507
254.944 252.162
247.552 256.956
234.411 256.938
295.402 252.950
306.272 247.883
316.969 248.513
321.496 251.877
315.371 259.252
304.059 258.643
262.306 342.965
264.091 336.035
267.991 330.738
277.210 326.579
286.501 330.348
291.087 333.680
291.990 338.964
286.526 347.092
280.115 356.043
275.140 358.488
270.135 356.777
265.575 349.769
263.281 341.239
270.364 340.267
276.726 338.496
284.221 339.200
289.172 337.872
280.224 344.303
276.397 346.179
271.685 345.667
241.342 249.453
310.775 251.506
