171.977 307.848
175.203 331.230
178.413 353.637
188.557 380.409
200.538 399.471
224.436 418.122
252.677 431.210
279.617 439.365
302.631 437.004
318.534 419.655
326.413 397.914
332.218 371.971
331.492 346.816
328.129 323.934
324.961 299.342
321.452 280.515
319.163 258.038
235.371 315.493
249.509 311.741
263.151 308.050
274.816 306.365
285.705 306.714
321.452 292.671
330.452 285.057
338.506 279.747
344.378 276.240
347.497 274.470
304.245 314.991
308.710 334.207
313.770 349.444
318.307 363.625
283.093 376.110
298.123 378.367
311.003 374.015
320.031 369.347
324.537 360.015
249.991 331.063
261.105 328.198
271.751 325.180
277.210 327.002
272.705 333.540
260.237 336.717
322.281 310.878
331.866 303.986
340.170 299.371
340.882 298.379
340.457 307.839
330.569 311.746
271.438 403.520
285.033 398.359
299.032 393.093
316.877 387.809
328.004 380.034
330.059 379.158
327.543 379.473
326.641 391.805
324.684 406.563
313.900 417.698
297.276 420.803
281.646 413.920
274.549 402.565
296.543 398.620
315.590 394.149
325.384 386.672
324.729 380.440
324.236 401.462
313.918 411.665
297.570 414.449
267.693 330.285
336.064 304.889
