179.778 275.799
188.478 298.678
193.734 318.089
194.272 337.123
198.976 352.572
205.190 368.803
215.801 383.083
228.795 396.596
247.312 402.034
269.878 392.439
291.100 375.755
310.252 356.234
323.567 336.742
328.847 318.159
329.848 297.672
329.826 277.271
330.309 250.707
162.083 273.166
165.239 271.287
173.327 269.759
183.300 270.357
194.910 272.538
232.866 265.743
244.032 259.351
258.163 254.117
271.686 251.053
285.406 250.144
215.749 282.654
216.858 297.672
217.119 310.211
217.149 327.522
210.807 325.922
218.191 332.863
229.234 335.489
243.511 329.538
254.362 319.384
180.236 288.336
181.198 285.303
193.616 285.323
203.810 288.227
195.147 291.963
183.285 294.008
247.169 280.165
252.942 273.062
264.872 270.000
278.104 270.584
269.204 279.282
254.823 282.301
208.019 352.564
209.095 346.152
215.083 345.085
231.381 345.175
251.248 340.103
265.859 338.115
279.284 342.719
270.053 357.077
256.346 369.931
239.656 375.925
223.220 373.511
214.601 364.055
210.199 352.657
217.975 346.660
234.334 345.772
254.972 341.962
277.475 342.893
255.906 363.517
237.748 369.906
221.466 367.683
186.077 286.934
257.706 273.957
