176.032 251.868
175.641 273.630
169.902 291.580
162.140 313.027
158.459 331.092
153.646 351.103
153.372 368.334
153.245 384.007
161.492 395.604
178.288 398.134
200.201 395.450
228.169 389.273
256.262 376.284
275.037 360.223
287.928 338.973
296.239 320.463
305.745 301.125
153.504 247.878
155.591 248.025
160.378 250.132
165.796 254.360
173.004 261.003
204.768 268.280
215.860 266.345
228.417 267.737
239.743 271.440
251.201 278.215
185.095 278.630
179.855 293.190
172.211 304.509
162.364 316.654
162.171 310.832
163.988 319.988
166.608 327.063
176.461 331.657
188.837 333.242
157.110 268.258
159.078 265.171
166.882 268.655
174.457 276.982
165.912 278.312
157.989 275.505
212.759 290.862
218.440 285.437
228.139 289.161
237.904 298.276
225.977 301.644
216.019 297.417
152.263 338.154
152.353 333.787
152.215 331.225
156.084 334.707
164.973 343.689
171.689 352.640
177.771 360.337
167.657 366.581
157.472 371.621
149.164 369.582
146.288 361.492
148.545 349.812
152.927 339.319
153.158 338.548
155.243 344.045
165.123 351.032
179.882 358.668
156.453 363.674
147.788 363.240
146.458 355.581
166.121 270.861
226.136 292.894
