163.601 283.344
170.175 307.229
175.536 327.806
184.456 348.515
192.949 365.281
207.371 383.647
227.570 397.482
248.130 408.325
269.412 411.905
288.636 404.509
301.322 390.957
313.058 373.627
318.438 354.142
321.663 335.739
325.301 313.564
326.531 292.954
329.429 268.431
193.865 268.741
204.954 265.361
218.728 263.248
230.908 263.332
243.234 265.995
283.286 262.085
294.301 257.458
305.675 255.669
315.189 255.816
322.601 258.170
263.497 279.480
264.876 298.761
266.906 314.558
269.201 331.479
245.627 339.375
256.651 344.215
268.517 343.924
278.509 342.295
286.025 334.044
209.469 286.918
217.997 283.451
230.268 282.299
238.075 286.885
232.036 291.449
218.602 293.461
285.540 282.966
296.199 276.893
306.409 276.580
310.653 279.281
305.166 286.615
292.821 286.918
241.239 371.784
246.846 364.691
256.692 360.387
270.777 358.601
281.818 357.812
288.482 360.150
292.135 365.899
288.870 375.653
281.073 385.687
272.121 389.626
259.872 387.732
248.232 380.160
243.161 371.287
255.926 367.149
269.789 365.998
280.493 364.153
289.565 365.733
280.822 377.573
271.369 382.213
259.401 379.859
225.863 284.762
301.161 278.823
