198.788 227.367
205.486 251.776
212.233 272.475
226.503 291.318
241.325 309.982
267.499 329.044
295.330 345.999
318.064 358.771
335.340 365.549
346.736 361.653
346.818 353.509
343.047 340.996
335.711 328.829
328.177 316.310
322.317 299.968
320.434 285.036
318.465 266.508
266.794 174.791
280.919 170.276
294.179 170.794
304.627 174.852
313.564 181.824
336.767 192.655
342.274 193.462
347.546 197.505
351.038 203.523
350.237 213.494
330.662 196.435
337.773 204.151
344.723 210.884
354.454 219.927
319.899 238.485
332.735 243.047
344.701 246.483
347.433 248.202
345.137 247.850
276.910 194.914
286.278 187.259
294.950 192.743
300.211 202.979
296.876 198.988
287.157 196.403
331.814 216.287
337.672 210.540
344.149 213.612
344.138 223.763
346.676 222.873
341.296 219.191
326.191 288.904
332.464 271.592
340.716 262.575
351.287 260.464
355.955 266.469
356.382 279.035
353.452 297.117
353.810 311.696
354.967 322.350
351.625 324.821
344.627 319.128
334.587 306.354
325.528 290.812
338.853 275.612
349.582 273.862
353.811 280.203
350.617 297.697
349.589 308.250
347.778 311.343
340.848 306.231
289.599 191.663
341.561 214.328
