166.833 250.970
172.062 274.708
176.737 294.094
183.475 316.874
191.741 334.290
207.214 350.896
225.975 365.219
246.826 374.667
268.040 376.387
287.933 367.943
303.138 353.948
314.668 334.989
321.886 315.703
323.119 295.764
322.551 271.928
321.251 253.663
319.402 229.995
183.535 238.727
192.395 234.992
205.044 232.622
217.286 232.647
229.921 234.895
271.038 228.207
282.190 222.277
294.176 218.581
303.975 217.150
311.507 218.897
251.649 246.963
254.046 265.043
256.498 279.778
259.041 295.464
234.838 309.255
246.212 314.041
260.289 312.793
273.271 309.329
281.511 299.564
197.916 253.545
205.116 248.037
217.021 247.301
226.515 253.945
217.708 258.869
204.713 260.181
275.074 244.981
284.230 236.123
294.998 234.214
301.502 237.889
297.743 245.765
285.356 247.914
234.955 344.304
239.812 338.135
247.073 332.087
262.430 328.712
276.870 326.513
286.712 329.118
292.065 333.197
287.437 342.219
277.929 353.134
267.222 355.873
254.117 356.785
242.186 350.693
237.809 342.879
250.052 340.398
263.835 339.097
277.600 335.208
288.759 333.111
275.897 341.057
264.751 343.246
252.372 345.017
211.764 250.358
289.696 237.528
