217.790 266.752
215.760 286.557
210.629 302.963
197.870 318.874
188.563 330.676
173.785 339.172
160.208 346.227
148.321 350.796
146.269 351.262
152.621 340.788
171.475 328.552
202.813 309.419
239.829 290.623
266.691 271.790
283.569 248.638
290.971 228.564
296.905 202.749
163.671 222.391
157.626 213.750
155.179 206.123
155.299 201.519
157.336 199.283
166.711 182.263
171.752 174.747
179.318 169.171
188.788 166.037
203.416 167.695
157.725 201.879
146.925 213.803
136.280 226.728
125.915 242.996
156.496 262.302
148.884 265.348
141.845 264.462
146.724 259.344
155.203 251.413
165.394 229.229
160.326 221.891
163.784 217.520
169.273 219.309
162.893 222.398
160.558 228.214
182.798 200.030
180.208 191.024
184.944 184.632
195.867 187.876
185.790 192.739
180.440 197.307
154.856 299.997
149.955 291.859
143.928 287.154
136.935 283.667
135.331 280.191
137.160 283.424
141.931 291.384
133.122 300.668
130.076 309.151
132.296 314.394
137.442 312.418
145.114 307.172
154.452 300.461
147.601 294.745
140.849 292.925
138.357 289.095
146.642 291.495
132.996 297.808
136.522 302.209
141.390 301.648
162.226 221.083
183.584 189.562
