176.136 275.041
181.656 298.475
184.235 317.529
188.540 336.248
196.005 354.462
204.230 371.517
218.260 384.255
236.022 393.693
258.590 398.117
281.409 392.022
299.342 382.912
316.552 368.406
328.071 350.792
337.561 332.656
345.193 309.688
349.277 290.123
352.853 264.753
192.784 206.436
198.911 195.430
209.430 189.509
220.842 188.614
233.639 191.967
278.017 190.520
290.590 186.380
303.912 185.819
315.610 189.059
325.183 199.822
255.242 203.866
254.258 211.445
252.287 217.368
251.442 227.741
227.961 256.844
235.627 258.259
252.715 258.405
269.951 257.203
281.196 253.783
204.024 224.436
210.246 212.044
223.675 211.770
232.024 218.995
222.402 221.942
210.550 225.109
281.234 220.057
288.182 210.763
302.439 210.509
311.034 221.768
303.705 222.734
290.140 220.966
220.435 315.154
224.895 291.980
234.947 278.898
253.353 273.301
272.085 275.620
284.779 287.668
292.526 313.995
284.319 339.320
271.676 356.536
257.346 363.315
241.022 355.596
228.658 339.916
223.928 317.709
234.321 289.662
254.666 283.724
276.219 288.021
289.341 316.965
271.659 345.491
257.175 352.629
241.393 345.276
223.000 216.670
302.598 215.900
