175.850 277.618
181.176 303.005
188.145 323.227
207.532 343.763
226.683 357.617
257.909 363.322
289.834 368.030
318.765 371.271
340.112 370.996
349.771 359.024
347.669 347.183
341.283 333.926
332.650 321.833
322.404 305.925
311.109 283.401
302.125 265.921
294.745 243.652
242.511 237.267
256.336 228.836
270.028 223.454
281.214 221.996
291.019 223.625
322.695 217.365
328.811 211.716
332.805 209.409
334.338 209.689
332.894 214.259
309.501 233.701
319.300 247.561
329.925 258.270
341.355 272.911
301.688 292.958
317.929 296.686
332.835 296.461
336.957 290.538
334.815 282.086
258.631 252.594
269.569 244.838
277.550 244.421
281.729 250.153
279.331 254.216
269.425 256.002
316.031 240.328
324.215 231.027
329.835 228.976
330.203 232.826
332.176 238.054
325.474 240.979
301.813 327.081
313.270 321.921
325.705 317.891
339.298 314.969
345.320 309.804
345.713 308.721
343.688 310.946
345.096 319.145
343.886 326.651
338.130 330.300
327.329 331.976
314.091 330.288
302.442 326.918
319.829 321.836
334.780 318.686
340.403 313.515
341.136 311.931
341.899 320.164
336.984 325.071
325.460 326.231
270.790 249.037
325.168 234.258
