180.885 256.594
187.279 281.367
188.537 302.165
184.712 327.097
185.042 346.509
185.423 366.372
190.125 384.695
197.951 400.936
210.661 410.455
229.691 407.802
252.621 397.084
277.313 381.777
300.042 364.340
312.854 343.158
317.921 316.114
318.326 293.877
318.025 266.641
142.179 265.628
142.270 267.400
146.525 269.847
152.449 273.080
160.687 277.930
193.054 280.994
203.318 277.946
216.178 276.346
228.962 274.952
244.480 274.066
176.757 293.202
174.038 309.370
170.540 325.263
169.008 343.210
171.081 338.355
175.583 347.437
183.813 352.411
196.452 351.990
208.464 343.299
153.855 282.415
151.862 282.883
161.445 285.504
169.699 290.681
162.267 291.425
153.687 290.197
209.583 294.910
213.077 291.853
224.735 291.624
236.149 292.332
226.068 298.439
214.908 298.315
178.108 360.636
174.151 357.194
175.903 358.673
185.524 363.658
200.515 363.024
218.326 363.959
232.265 369.251
222.639 380.921
209.698 391.488
198.209 392.301
188.721 386.355
183.903 373.610
181.008 361.277
180.112 362.091
189.942 368.632
207.897 367.948
231.267 369.808
207.344 384.228
195.446 385.517
187.265 379.350
156.222 284.727
218.399 291.947
