196.660 264.921
206.892 284.330
214.621 300.820
220.444 324.225
227.116 342.654
236.674 362.977
245.604 382.766
257.691 399.449
276.206 406.464
297.046 398.808
316.997 381.487
333.626 359.159
346.972 336.462
349.705 313.936
348.536 290.491
349.093 272.556
349.593 249.652
192.340 288.011
201.955 293.957
211.873 299.044
219.721 302.136
227.087 304.124
249.452 297.202
257.324 291.089
268.133 284.873
279.122 279.307
292.720 273.587
238.489 307.226
239.014 319.498
239.904 335.742
240.574 353.190
228.108 341.916
237.717 351.301
250.173 356.358
263.839 349.020
273.651 334.928
198.382 296.040
200.678 294.951
213.081 295.097
221.981 301.416
212.818 306.030
202.365 304.953
266.763 297.339
273.172 289.743
286.263 286.374
296.757 287.277
288.828 297.510
276.342 300.246
232.887 366.188
233.339 361.670
236.650 360.714
248.197 361.295
268.002 358.063
283.750 358.929
298.554 362.784
293.448 376.660
279.973 391.044
263.989 396.249
251.632 392.045
242.514 380.407
236.973 366.060
241.512 363.971
251.236 365.817
271.758 362.068
297.059 362.168
279.083 383.488
262.893 392.134
250.670 386.240
207.583 301.625
280.466 295.002
