158.382 273.680
163.663 299.007
164.669 318.980
164.777 335.047
166.288 349.091
169.092 361.141
179.983 371.173
194.433 381.601
215.047 388.280
239.589 383.310
263.028 375.444
286.650 366.854
302.500 356.463
312.297 343.597
319.463 325.248
324.875 307.220
336.798 283.076
167.999 232.730
174.647 226.135
185.723 223.220
196.396 223.951
207.671 227.815
249.360 229.607
262.368 227.386
276.420 228.364
288.670 231.672
299.065 238.988
224.704 242.292
219.912 257.828
216.670 272.736
213.881 289.624
201.381 302.731
206.918 307.949
217.794 310.064
230.881 309.317
241.286 301.478
180.698 254.522
186.698 248.488
197.766 248.240
204.790 254.483
195.371 257.381
184.969 258.172
250.638 258.324
259.228 252.363
271.375 253.246
278.717 259.484
271.180 262.536
258.312 261.278
189.823 335.212
195.479 326.938
203.123 324.327
216.128 323.866
229.565 325.423
242.251 329.113
249.819 337.583
240.343 344.588
226.298 348.472
215.229 348.452
203.736 346.713
195.017 342.496
192.613 335.067
204.418 331.470
217.269 332.389
231.327 333.071
248.785 337.712
228.699 340.415
216.974 340.448
205.553 339.189
193.510 251.383
267.050 255.940
