241.781 236.204
248.888 264.086
257.113 285.520
276.766 306.041
293.959 323.187
323.579 336.832
352.409 347.346
375.959 355.325
388.073 360.062
386.444 356.610
374.615 352.493
360.046 346.779
342.348 339.004
328.421 327.480
318.095 310.799
312.537 296.045
309.332 276.326
335.211 213.644
347.854 212.973
357.577 214.424
364.404 217.942
368.776 223.224
377.461 226.888
377.730 227.242
375.803 230.501
372.504 235.005
365.461 242.188
377.902 232.933
385.410 243.886
395.322 254.419
407.725 267.255
371.961 280.880
382.599 286.326
391.430 288.283
389.659 290.498
383.519 288.988
337.811 233.289
345.802 232.319
350.440 236.026
350.602 239.065
351.506 237.752
347.417 236.809
363.925 249.734
370.465 244.241
372.856 246.941
366.832 255.192
372.053 256.908
371.421 254.251
368.357 311.901
378.900 306.580
387.347 302.545
394.131 304.045
395.740 306.884
391.635 312.420
383.941 319.016
389.086 320.936
394.463 322.840
392.483 322.137
388.187 318.712
377.679 315.234
367.595 312.012
383.304 309.688
390.702 310.965
390.518 313.762
382.206 318.402
392.361 315.256
389.707 313.912
385.853 312.204
348.199 227.082
370.441 246.509
