202.757 242.762
191.965 265.186
184.647 284.065
175.640 302.028
170.442 317.788
164.488 332.763
167.733 343.242
175.257 349.634
189.018 355.218
209.610 356.915
233.474 357.627
264.467 351.391
293.262 340.391
314.051 327.593
330.058 307.829
340.462 286.980
346.808 259.414
189.201 191.936
194.756 184.195
203.322 180.998
211.114 181.667
218.650 186.211
250.609 188.615
261.905 186.341
274.274 188.044
285.383 192.671
297.883 202.602
228.667 201.340
219.728 211.580
210.455 217.552
201.543 227.373
186.454 254.448
191.051 255.952
201.451 256.534
211.803 261.178
226.426 261.995
190.276 208.542
194.653 199.525
204.098 201.755
209.008 211.336
199.916 209.965
189.805 208.917
251.710 215.241
258.810 204.184
270.707 206.573
279.540 216.543
269.856 218.611
256.832 217.316
172.333 298.071
171.375 282.495
178.047 275.800
188.964 273.528
196.902 280.819
199.641 290.897
203.152 307.081
201.266 314.670
194.104 321.774
186.879 322.021
178.849 316.735
175.199 307.485
175.027 298.509
175.689 287.629
183.609 287.306
191.944 293.246
203.499 306.630
191.867 310.334
185.894 310.523
180.043 305.373
197.330 202.963
263.100 210.318
