192.424 254.656
196.571 276.434
195.780 295.765
195.098 310.095
197.716 320.393
201.381 326.698
209.167 329.887
219.699 331.739
235.683 331.392
257.225 326.185
280.685 320.240
305.056 311.639
325.718 301.657
338.532 289.281
343.850 270.431
343.897 250.221
344.252 224.752
178.503 217.460
180.794 210.026
187.026 204.209
195.088 201.794
205.800 202.562
240.731 190.961
251.494 184.567
264.728 181.729
277.669 182.188
292.051 187.230
223.532 209.766
222.248 223.616
218.513 232.581
214.683 242.689
205.926 269.040
212.682 268.972
222.159 265.591
235.643 263.622
250.106 259.917
186.275 231.118
188.128 224.805
197.893 220.931
208.556 225.001
199.771 230.458
189.654 232.901
252.290 213.768
256.464 204.715
267.885 202.182
279.675 206.621
269.779 212.836
258.349 215.459
200.630 301.411
199.150 292.306
203.547 283.586
217.653 277.211
234.005 276.483
244.309 281.447
253.304 289.511
246.543 293.798
235.686 298.567
221.299 302.086
208.325 304.533
202.886 303.213
204.189 300.769
207.277 292.903
220.314 287.025
235.528 286.477
251.664 289.718
234.199 290.276
220.437 293.417
207.867 296.778
194.921 224.089
263.440 206.189
