198.499 246.643
207.889 272.552
213.300 292.997
220.065 310.400
229.988 325.263
250.369 335.934
276.388 342.866
302.763 348.824
327.410 351.975
346.423 345.826
355.870 338.749
362.043 329.294
362.826 318.641
360.200 305.424
358.932 288.383
360.235 269.836
361.585 244.995
242.323 205.608
255.258 199.265
270.574 196.313
284.317 197.036
297.277 200.583
339.652 201.070
350.770 198.226
360.583 198.137
367.664 200.721
371.287 207.233
318.939 213.559
323.093 227.310
327.524 239.847
331.992 255.911
296.761 269.739
309.581 274.057
325.634 275.937
336.282 273.949
340.747 268.992
256.387 225.285
266.966 215.072
279.827 216.215
288.082 225.484
280.168 228.567
267.277 229.872
333.785 225.871
343.637 216.024
354.939 216.218
359.769 225.475
357.547 230.412
346.015 229.599
288.118 306.730
300.258 298.968
312.793 293.645
330.278 291.719
343.786 293.189
350.593 298.198
354.103 306.090
350.119 308.781
343.279 311.613
330.288 313.180
313.332 311.662
300.169 309.313
291.047 306.474
311.327 301.903
327.635 300.782
341.794 301.994
350.728 305.987
341.616 304.136
328.965 303.889
312.853 304.054
272.672 218.825
349.620 219.517
