180.341 280.562
183.421 305.792
187.789 326.461
192.827 343.103
199.665 359.127
213.981 375.475
234.704 386.563
255.282 396.451
278.852 402.304
299.665 393.908
313.716 382.587
326.557 367.632
331.903 351.469
332.444 336.093
332.059 317.842
332.516 299.390
332.042 276.159
210.163 244.134
222.390 238.985
236.423 236.707
248.171 236.657
259.345 238.895
290.712 237.301
299.795 234.296
309.827 233.941
319.310 235.178
327.927 239.737
275.276 249.966
277.339 264.638
280.197 278.879
282.020 295.114
251.163 304.666
261.058 312.092
276.168 316.762
290.151 314.787
297.756 305.589
219.330 257.267
227.594 250.078
239.944 250.839
248.295 257.721
238.843 257.721
226.752 258.164
295.778 257.821
305.474 250.049
316.527 250.536
320.837 256.442
318.260 258.068
305.140 258.469
243.633 343.943
246.252 336.341
253.736 331.649
271.548 331.969
289.884 335.771
300.282 342.258
305.444 349.983
299.042 357.659
289.393 362.116
275.810 362.775
262.413 359.174
252.325 353.091
246.677 344.175
255.779 336.719
270.885 337.100
290.178 343.349
302.944 349.484
290.507 355.574
276.662 355.233
263.050 352.565
233.466 252.654
310.411 252.659
