162.922 246.248
167.450 272.076
172.343 294.136
174.493 312.973
178.618 329.558
193.631 343.845
215.925 355.915
241.206 367.533
266.795 374.010
287.994 368.662
299.828 360.683
308.604 351.588
311.304 340.259
309.885 325.919
310.796 308.775
314.730 290.897
320.610 267.910
207.662 213.959
219.998 209.270
234.227 207.884
245.977 210.049
256.583 215.259
293.089 222.261
304.083 221.097
314.259 222.667
321.289 226.092
324.984 233.058
273.883 230.376
275.839 243.798
277.430 256.751
279.680 271.952
247.667 286.820
259.156 292.226
273.350 294.803
284.316 295.556
289.901 290.738
220.054 232.398
229.639 226.782
241.248 229.986
245.925 239.138
239.146 239.183
228.769 237.587
290.443 246.411
299.237 239.103
310.531 239.613
314.462 246.823
311.077 249.466
301.093 248.503
234.157 320.491
244.629 314.984
256.648 312.413
273.954 313.635
288.023 315.829
294.146 319.636
296.650 326.313
291.231 330.204
284.632 331.877
270.853 331.978
254.408 327.953
243.045 325.246
235.498 321.147
253.077 316.627
271.490 317.838
285.242 320.432
293.327 326.576
283.305 325.691
270.168 325.164
253.766 322.574
234.050 231.228
305.004 242.281
