203.603 235.808
203.167 257.756
204.720 276.047
202.936 295.323
201.664 311.732
199.941 332.561
202.171 353.431
208.868 372.921
223.182 385.821
243.461 386.704
267.343 379.480
291.620 367.431
311.468 351.376
322.711 333.867
332.424 315.314
342.042 299.361
349.746 275.626
183.729 246.624
186.145 248.815
192.236 253.296
199.099 259.566
208.084 267.193
250.982 279.104
264.643 277.570
279.959 276.971
293.844 278.288
307.508 280.730
223.822 286.303
217.970 303.388
209.833 321.939
203.715 342.093
208.610 321.137
209.952 333.424
217.517 341.592
230.810 342.013
243.863 332.209
194.642 266.757
194.719 265.726
204.386 270.195
214.264 278.679
202.219 281.010
194.325 276.774
258.330 291.869
265.184 288.499
277.638 291.750
289.202 296.827
277.067 303.297
264.505 300.548
202.460 341.459
203.060 344.099
207.352 348.879
216.353 355.596
228.659 358.940
242.580 360.494
253.391 360.636
243.343 363.899
228.049 366.181
217.789 363.794
209.565 359.107
204.599 349.844
205.526 341.546
210.852 348.432
220.109 355.182
235.159 358.016
251.590 358.989
230.645 359.265
220.054 355.743
210.845 351.292
195.951 269.100
266.679 290.910
