179.664 251.367
181.262 280.889
184.709 305.674
192.825 330.141
202.946 349.690
224.608 368.343
250.055 384.700
276.084 395.462
296.770 398.677
308.660 394.423
309.769 384.470
306.792 367.322
300.876 349.181
295.912 331.009
294.893 310.182
296.333 291.575
298.987 268.248
269.513 242.921
285.986 241.909
299.926 242.754
309.784 245.735
317.076 250.327
339.736 251.240
345.843 248.725
349.499 248.326
350.591 249.517
346.263 253.121
326.599 266.516
329.288 286.831
332.344 304.468
334.915 323.495
293.703 324.061
303.518 330.640
312.789 333.774
319.887 333.715
323.836 329.561
279.268 263.240
291.265 260.484
298.244 262.462
299.853 267.864
298.166 270.936
289.275 271.463
328.555 271.360
337.321 266.121
342.236 266.769
340.524 271.149
340.537 276.670
334.840 275.847
271.660 352.520
283.085 349.826
293.920 350.035
308.419 352.695
318.151 353.484
320.898 355.046
318.595 358.205
316.193 360.661
313.163 364.351
303.780 364.830
291.347 361.948
279.679 357.199
272.551 352.051
289.006 354.798
303.549 358.103
312.749 357.845
315.279 356.056
311.223 355.928
302.524 356.778
289.742 354.360
291.658 263.954
337.574 270.135
