205.041 254.792
205.574 280.128
206.105 300.962
201.008 320.895
196.867 337.988
188.033 358.514
186.317 376.847
187.545 392.175
197.665 403.358
219.145 403.269
243.400 397.823
269.262 387.193
290.488 370.471
306.083 354.573
317.928 335.094
325.804 315.584
332.935 289.593
173.880 251.788
172.782 251.903
176.322 253.854
181.743 257.597
189.653 263.320
218.336 270.043
227.581 268.426
239.886 268.850
252.120 270.848
265.784 274.564
204.096 280.649
200.850 297.166
195.262 309.400
189.278 323.712
187.800 325.800
191.724 331.988
199.665 335.226
210.535 336.433
220.689 331.723
180.166 271.311
181.020 269.799
189.729 272.684
196.121 279.385
188.648 281.154
180.046 278.188
229.049 287.471
231.787 283.641
241.906 286.031
251.262 290.323
242.602 295.308
231.707 292.281
184.699 351.585
184.359 348.026
187.131 347.019
196.251 349.326
209.258 352.842
220.512 358.040
232.140 365.957
220.337 370.915
206.624 374.421
197.464 374.428
190.155 369.481
187.718 360.795
188.227 351.926
190.672 352.195
199.278 354.731
213.177 357.958
231.106 365.173
209.486 369.621
198.201 369.976
191.213 363.600
184.453 274.063
237.011 287.856
