244.157 262.552
251.173 284.897
259.587 302.053
272.076 320.612
284.488 334.407
307.900 344.838
329.957 351.016
347.442 354.996
355.745 354.675
354.732 344.220
344.064 333.122
329.924 319.700
313.184 305.833
301.507 291.343
295.724 274.135
291.890 258.075
288.307 236.617
330.443 239.944
342.635 236.623
351.514 233.961
356.465 233.591
358.005 234.552
363.903 228.929
365.042 224.761
363.034 222.420
358.878 221.985
350.872 223.126
360.635 241.391
364.903 255.568
371.235 268.635
378.614 282.985
345.611 292.446
354.927 295.791
361.819 294.819
358.221 291.900
351.406 284.099
330.243 254.392
339.711 247.638
342.094 245.350
340.716 249.600
343.501 255.530
338.219 258.180
347.904 243.545
354.783 237.363
354.504 235.961
347.772 240.592
353.518 245.930
353.792 246.974
352.923 319.304
357.509 312.849
362.044 306.854
365.854 303.409
365.869 301.459
364.535 303.628
361.581 308.157
365.435 312.934
369.122 319.432
368.830 322.765
365.903 323.404
359.291 321.353
350.865 318.636
359.696 314.776
363.752 311.678
363.351 308.494
358.672 308.643
366.451 309.876
365.502 313.169
363.878 314.024
340.666 248.285
353.574 238.750
