190.086 264.470
191.471 286.215
196.740 305.388
203.971 329.734
212.834 348.421
224.483 369.146
237.049 386.532
251.629 399.796
269.125 405.352
286.830 399.525
300.084 385.575
310.867 365.788
320.380 343.435
327.162 321.657
331.964 297.469
333.989 278.382
333.732 256.381
191.332 265.707
197.495 265.278
208.778 268.346
220.501 273.770
232.984 280.571
274.678 277.251
286.350 268.509
299.343 260.638
310.341 256.008
318.666 256.157
254.534 297.155
254.881 315.982
254.467 331.874
255.103 350.059
232.239 331.278
240.951 340.684
257.868 348.025
273.112 340.310
282.946 330.094
208.745 287.833
216.322 285.257
227.909 285.789
234.661 293.028
226.833 298.228
214.737 298.171
278.216 289.461
284.072 280.382
295.494 278.439
305.079 281.445
298.750 292.249
287.303 293.924
234.633 365.129
234.900 359.178
242.805 358.776
258.838 360.421
274.635 358.240
286.334 357.326
292.994 362.723
288.401 378.462
277.392 392.348
268.511 396.336
257.105 392.996
244.419 380.149
237.417 365.622
243.335 361.108
260.109 362.607
278.406 361.410
291.182 363.962
277.324 384.906
267.643 391.172
255.700 385.987
215.957 292.148
286.985 287.156
