175.358 269.994
178.552 292.694
181.669 312.941
186.446 334.834
194.246 352.657
206.832 377.312
223.462 400.915
242.964 419.503
266.238 426.310
289.158 416.444
306.802 396.190
321.962 370.949
330.986 345.534
335.624 324.445
337.876 303.887
339.462 284.380
339.609 259.742
193.137 290.831
202.378 293.315
215.666 295.742
228.252 298.343
241.171 301.238
282.170 298.503
293.753 293.390
306.380 288.899
317.613 285.200
326.741 281.913
262.036 313.702
262.247 332.374
262.680 349.856
263.263 368.402
236.365 359.909
246.858 370.211
262.464 374.008
277.211 370.332
287.529 360.931
210.204 303.894
215.948 304.183
228.868 303.738
238.529 305.769
229.583 311.630
217.742 311.767
283.190 302.855
292.660 301.126
304.232 300.083
311.292 299.260
307.098 306.101
294.391 308.259
230.974 383.138
235.234 384.586
243.290 385.929
263.011 388.691
283.158 384.903
292.941 382.883
298.077 381.372
290.848 388.707
279.582 400.712
264.688 406.029
248.358 401.277
236.672 391.718
232.879 381.765
244.748 387.501
264.051 390.441
282.947 386.381
295.174 380.177
278.146 393.537
263.645 398.443
247.726 394.555
222.829 305.906
299.852 301.338
