151.295 274.251
155.193 300.778
157.495 322.324
160.059 345.767
165.588 364.905
177.228 386.041
196.578 402.361
217.104 415.171
238.510 421.923
257.618 415.748
271.773 404.591
286.338 389.807
293.141 370.992
296.830 351.699
301.556 328.745
307.822 308.599
317.179 283.826
187.706 264.801
200.967 263.198
215.871 263.731
228.254 267.000
239.908 272.759
283.287 274.692
294.854 270.950
306.153 269.813
314.592 270.700
319.708 273.773
259.398 289.961
258.025 310.088
258.299 328.476
258.381 349.701
227.930 347.742
238.267 355.646
251.009 357.773
262.024 357.271
271.229 349.563
200.955 286.854
210.852 281.058
224.305 284.158
228.217 292.964
219.987 294.863
208.703 293.640
281.060 294.504
291.307 286.231
302.237 287.183
306.317 294.001
301.467 298.459
291.301 298.800
213.627 377.698
222.754 373.677
233.914 372.245
250.046 372.213
264.048 372.628
270.651 375.360
273.172 380.091
266.712 386.383
257.095 393.445
244.669 395.162
232.984 394.055
221.050 385.954
216.221 377.358
232.218 377.775
248.224 378.579
261.149 378.123
270.209 379.021
257.991 382.897
245.703 384.220
232.119 383.283
214.580 286.577
294.853 290.774
