198.013 276.928
204.906 302.603
214.239 322.736
226.773 343.387
238.301 359.515
262.120 374.069
288.694 384.223
312.892 390.460
330.677 388.754
339.816 377.017
339.505 361.478
334.341 342.471
325.083 324.229
317.014 307.111
312.771 286.892
312.186 267.855
310.795 243.436
270.979 258.940
285.223 254.342
297.352 251.379
306.302 250.962
313.819 252.993
336.573 245.010
342.085 238.895
346.255 235.455
348.740 234.179
347.197 235.726
326.224 264.033
332.172 281.800
339.075 297.068
344.804 311.813
311.968 323.273
322.419 325.622
334.537 324.247
339.645 320.840
339.846 311.930
283.429 274.604
293.272 269.204
300.467 267.865
301.849 272.808
299.509 277.618
291.038 279.345
333.583 263.472
338.502 256.842
344.342 253.290
344.255 256.317
344.841 262.181
339.781 265.133
308.543 355.855
318.589 349.148
327.602 343.310
340.007 340.036
346.405 336.453
347.516 337.856
344.396 341.739
343.681 347.713
342.416 356.243
336.102 360.084
327.170 360.991
315.323 358.407
308.698 354.703
323.533 349.162
336.150 347.109
342.206 342.389
341.758 341.678
340.284 346.532
333.624 349.083
324.808 351.788
296.160 270.895
340.945 257.191
