174.371 269.942
180.666 294.249
186.540 313.300
194.784 334.867
204.919 351.826
222.910 367.680
244.726 380.239
268.214 388.494
291.073 392.274
309.062 383.753
318.070 373.292
321.790 358.137
321.895 342.637
320.785 326.596
320.478 306.478
321.907 288.977
323.967 265.450
221.161 238.917
232.343 232.834
245.810 230.331
258.155 231.386
270.319 235.201
309.019 234.357
318.709 231.016
327.387 230.628
333.105 232.269
335.267 237.830
290.373 250.449
293.584 268.108
296.938 284.453
300.455 301.090
268.650 312.966
279.626 318.085
292.175 318.641
300.634 316.831
306.664 309.566
234.981 260.383
241.996 253.426
253.543 251.537
261.808 259.188
255.432 262.969
243.569 263.789
304.820 258.742
315.937 251.264
325.953 252.289
328.604 258.557
325.391 262.268
315.770 261.949
260.847 349.651
269.238 344.159
278.833 341.101
294.685 339.030
306.356 337.296
311.686 338.632
315.231 342.025
310.777 347.873
304.638 352.357
294.685 354.863
281.237 354.928
269.075 353.078
261.449 348.803
276.770 346.496
291.103 345.216
301.934 343.160
311.799 342.349
301.469 341.898
292.309 343.874
278.822 344.708
248.309 254.843
319.621 254.173
