182.073 245.181
174.396 266.875
169.189 284.496
167.279 301.354
167.855 315.672
172.993 327.787
185.753 339.468
204.873 350.980
225.997 362.163
251.469 365.378
274.222 368.626
294.000 366.927
306.424 362.340
315.637 353.210
324.383 336.107
328.494 318.871
336.423 297.658
216.502 194.764
227.946 188.992
240.993 187.709
252.220 190.589
262.607 197.408
300.750 208.911
312.801 210.381
324.362 216.198
332.549 224.465
337.662 236.595
277.120 213.720
273.556 224.448
270.935 233.268
267.577 243.737
232.810 263.575
242.733 266.666
257.020 270.831
270.433 276.122
281.679 279.203
222.724 211.639
232.305 204.772
243.991 209.546
250.466 220.980
240.387 217.668
226.764 213.561
293.938 235.266
308.010 228.661
319.008 234.221
321.784 244.659
316.216 243.341
304.335 239.167
208.110 297.438
219.992 285.082
233.165 280.603
252.178 282.802
268.757 292.065
277.095 303.780
278.638 320.392
267.936 324.252
254.565 325.423
238.855 321.568
223.993 316.197
214.618 307.326
211.726 298.609
229.544 291.185
248.319 294.415
266.133 303.057
275.288 319.241
258.306 316.284
241.231 312.362
225.899 305.871
236.213 209.870
311.251 234.584
