177.695 263.957
186.178 288.229
194.190 308.913
200.652 327.832
208.610 345.168
217.556 364.063
226.450 381.247
238.205 394.648
254.471 399.632
271.812 392.309
286.372 378.249
299.362 358.183
311.075 335.728
317.276 314.126
319.262 290.464
320.392 267.585
321.903 239.478
155.148 242.485
157.039 235.781
164.112 231.873
172.992 231.883
183.999 235.090
219.302 228.482
230.347 222.170
243.907 218.803
256.699 218.575
270.385 222.699
202.033 247.983
201.520 264.605
199.497 277.292
199.706 291.584
196.375 305.488
202.158 309.407
211.865 310.879
225.100 308.051
239.053 301.482
170.051 263.121
170.349 258.442
181.382 256.338
192.569 260.541
183.671 266.023
172.922 268.243
232.314 254.843
238.727 247.255
251.353 245.948
260.880 248.777
254.440 256.113
241.447 258.496
209.052 346.904
200.388 336.204
201.626 330.571
213.881 329.999
231.948 328.134
247.378 331.096
259.525 343.386
260.005 363.833
252.261 380.324
241.525 385.943
228.917 380.207
218.182 366.020
211.754 348.569
204.490 337.591
216.319 335.226
237.235 334.290
257.948 344.724
250.154 373.255
239.619 378.570
226.914 373.883
176.012 260.294
243.637 250.166
