179.269 250.558
180.307 274.261
182.673 291.257
187.294 312.722
196.148 330.084
216.676 343.137
240.593 354.502
267.011 365.023
293.376 370.171
312.892 363.289
321.549 353.631
326.959 341.121
328.961 328.446
325.938 312.288
322.346 292.526
318.334 276.751
318.011 256.732
224.786 221.839
238.055 218.403
252.383 216.461
264.693 217.233
275.915 220.323
311.766 221.316
319.893 219.430
327.581 219.936
333.531 221.933
336.692 226.607
295.633 228.304
298.922 239.173
303.586 250.555
308.270 265.919
267.896 278.821
281.811 284.799
297.122 287.847
309.583 287.013
315.622 282.711
235.079 235.010
243.974 232.077
258.040 232.204
264.016 237.333
258.011 238.182
244.578 238.080
308.281 238.316
318.222 234.461
328.113 233.935
328.445 237.887
326.594 241.335
315.807 239.427
249.618 313.084
264.336 308.757
276.934 305.029
295.733 304.816
311.995 306.192
319.104 311.437
322.653 316.663
318.886 323.128
311.599 327.719
294.931 329.604
275.281 326.325
262.080 320.019
254.627 313.212
275.635 312.847
294.150 314.317
309.868 314.605
319.488 316.226
309.976 319.458
294.621 320.858
277.055 317.969
252.714 233.450
323.980 235.850
