152.315 263.163
158.425 286.606
161.548 303.211
161.417 315.621
164.323 325.144
172.154 327.570
186.587 326.481
203.818 323.531
226.400 323.055
253.365 319.811
274.241 321.345
292.954 320.763
304.929 318.602
311.234 310.644
314.915 294.780
320.097 277.424
327.173 252.884
162.923 209.902
170.886 202.122
182.787 197.160
194.072 196.085
205.738 198.159
247.749 190.890
260.538 188.055
274.596 189.077
286.856 193.253
297.316 202.160
224.743 203.404
223.556 213.450
222.687 221.719
221.111 232.265
204.262 258.146
212.179 257.604
224.347 256.463
238.376 255.850
248.965 253.518
175.030 227.568
180.280 220.134
194.091 219.171
202.936 223.805
193.048 224.948
180.917 227.161
252.363 220.409
261.508 209.262
273.930 210.362
282.993 221.364
275.719 222.046
261.367 221.240
192.201 291.450
198.970 283.185
207.821 274.923
224.816 269.599
241.932 271.555
253.485 278.797
261.976 285.460
252.368 284.734
240.500 283.551
226.453 284.430
211.288 285.862
201.305 289.141
195.981 291.695
208.878 283.362
225.154 277.494
243.337 280.721
258.582 286.876
240.758 280.167
225.768 280.332
210.532 282.705
188.624 218.771
269.310 215.171
