191.720 273.582
199.267 292.479
204.257 308.314
216.365 321.861
230.511 331.179
254.575 333.623
284.620 331.815
313.038 328.924
338.782 328.191
354.751 325.570
363.012 325.927
368.784 324.031
365.330 320.874
359.633 312.757
351.626 297.577
344.843 284.368
339.128 267.449
233.918 215.042
245.633 206.129
258.843 200.724
270.708 199.366
282.633 201.410
318.827 200.303
326.988 199.176
335.090 201.835
341.640 206.548
345.689 215.513
305.634 208.870
314.908 216.426
324.419 222.889
332.289 233.403
298.415 261.724
311.648 262.020
325.059 259.546
332.183 261.619
335.124 262.043
251.041 229.624
258.508 219.674
271.274 220.314
279.023 227.985
273.416 226.928
260.800 228.635
321.664 226.532
329.628 216.832
338.443 218.969
342.050 228.245
341.275 227.406
332.218 226.020
289.588 292.083
299.704 280.986
311.685 273.142
327.882 270.646
340.083 271.988
347.693 279.116
351.777 288.052
348.491 286.183
341.954 283.671
329.684 283.717
315.223 284.761
300.926 288.088
292.074 291.705
310.460 282.538
327.982 278.752
341.504 281.518
348.675 288.642
339.311 278.963
327.062 277.091
311.718 280.046
265.591 222.028
334.241 220.855
