164.528 244.603
171.016 270.254
179.488 289.307
188.531 309.927
197.344 327.451
216.178 343.405
240.876 353.470
265.613 360.848
287.991 363.119
303.849 354.575
309.921 344.337
313.023 331.500
310.030 315.254
304.887 297.875
303.183 278.071
306.969 261.442
309.466 238.113
215.916 225.952
231.443 222.540
248.369 220.684
262.474 222.288
274.847 226.424
313.226 225.465
322.201 221.298
329.616 219.329
334.437 219.431
335.833 221.996
294.961 239.482
298.839 255.235
303.765 269.539
309.376 285.925
273.677 296.328
284.995 301.574
297.847 302.968
303.953 300.560
305.331 294.150
229.745 249.713
241.732 240.966
254.141 241.551
259.553 248.822
254.519 253.279
241.625 255.867
303.068 246.787
313.310 238.307
322.772 238.300
324.075 245.484
323.293 251.277
314.646 250.795
260.394 323.867
269.248 321.914
281.289 319.165
296.238 317.794
307.725 317.222
311.517 319.091
310.791 321.574
308.557 325.566
301.455 330.766
291.448 332.061
280.477 331.676
267.336 327.976
261.073 323.107
278.091 325.228
293.880 324.240
303.740 323.036
307.902 320.643
300.296 322.192
291.918 322.984
280.318 322.568
247.318 246.723
317.797 243.633
