180.809 286.319
181.547 304.753
186.311 320.475
193.088 339.820
201.770 353.735
216.458 373.096
232.051 388.649
246.810 397.769
262.258 397.866
276.406 387.212
285.919 370.490
295.614 349.688
303.483 327.067
308.753 308.290
313.792 290.442
318.151 275.653
323.057 258.372
233.121 323.876
245.679 326.467
259.063 326.577
270.150 326.294
280.357 326.603
316.073 317.953
324.977 312.650
332.776 308.010
337.996 303.315
339.523 297.095
297.743 334.071
299.780 351.091
301.294 366.271
301.298 381.319
268.583 370.033
279.681 376.640
290.818 378.165
298.674 371.333
303.626 358.852
245.741 333.272
254.235 334.474
265.499 332.060
269.808 329.496
266.178 335.168
254.797 339.162
306.181 321.309
317.195 320.246
326.123 316.586
327.112 313.518
323.760 321.121
314.660 324.813
254.057 390.473
264.527 393.799
275.665 394.609
288.641 392.096
298.165 385.103
298.478 379.729
294.012 373.959
286.760 382.672
279.489 394.970
268.715 403.938
259.868 404.724
254.802 399.060
256.424 389.931
271.733 396.658
286.545 394.048
295.118 384.970
291.938 374.418
280.112 394.487
270.642 403.174
262.345 403.297
259.107 333.659
320.044 318.658
