171.444 259.735
180.650 277.474
184.028 291.275
187.247 308.980
191.473 323.931
203.134 341.872
218.214 356.601
233.600 370.023
251.249 374.157
267.809 366.786
277.400 351.823
286.571 335.655
292.906 317.330
294.696 300.169
299.017 283.137
304.248 269.417
312.160 250.731
197.418 279.793
207.402 282.700
220.107 284.389
231.595 285.911
242.416 287.397
277.605 283.591
288.229 279.423
298.900 275.629
306.563 271.977
311.287 268.016
259.194 297.283
259.986 315.243
260.792 331.559
261.769 348.876
241.135 336.317
248.627 343.662
257.587 346.644
264.429 341.421
269.333 331.816
211.035 295.508
218.149 294.751
230.411 293.708
237.374 295.708
229.364 301.767
218.012 301.771
271.824 291.684
282.513 288.341
292.392 286.443
297.006 286.987
292.425 294.275
282.415 296.235
230.629 349.379
236.966 351.898
245.426 353.263
256.825 354.433
267.185 350.555
274.002 346.800
276.666 342.897
271.555 355.204
262.867 364.389
255.206 365.637
245.906 365.923
236.559 358.861
232.897 348.800
244.145 353.905
255.599 354.453
266.427 350.668
273.801 343.390
265.059 357.405
256.381 359.748
245.639 359.994
219.718 294.434
283.088 288.086
