189.600 269.335
198.358 292.956
204.293 312.748
205.039 331.170
207.363 347.026
211.817 363.877
217.462 378.237
226.876 387.539
241.964 390.127
261.193 385.097
280.480 374.459
297.902 360.060
312.384 344.379
319.072 327.741
322.603 308.152
326.023 286.337
331.948 257.573
173.567 250.527
174.668 246.992
180.594 245.111
188.602 245.627
198.734 248.147
233.834 244.235
244.701 239.840
258.330 237.076
271.721 236.576
285.290 239.567
215.405 260.746
211.929 279.424
207.640 296.173
205.177 312.401
206.614 322.949
210.279 327.430
217.934 327.346
229.551 325.973
240.730 316.001
185.672 268.260
187.941 263.015
197.131 262.457
205.843 268.377
196.595 273.652
188.694 274.827
244.384 265.195
250.605 258.217
260.770 257.309
271.621 261.730
263.235 269.243
252.100 269.283
212.681 353.931
210.074 348.221
212.146 344.749
221.878 342.184
235.172 342.269
247.767 343.494
256.539 347.940
248.554 350.994
236.876 355.891
229.971 356.900
222.947 357.373
218.080 355.456
214.827 351.414
219.795 349.615
227.055 348.103
240.711 347.085
257.214 345.531
237.626 348.227
228.513 349.873
221.102 350.747
194.188 265.333
258.421 260.233
