213.360 287.912
215.649 308.823
216.762 325.260
212.547 341.453
210.242 353.897
204.411 363.534
206.759 366.475
212.651 366.764
225.335 365.596
247.617 357.423
273.610 349.599
302.188 337.723
325.090 324.163
339.202 308.393
345.894 286.392
354.193 268.041
351.207 241.888
182.423 244.031
180.981 235.423
185.083 228.561
191.291 225.659
199.715 226.479
228.850 213.502
238.701 205.937
251.923 201.962
265.667 201.481
281.224 206.143
213.813 234.601
209.423 251.220
203.054 263.320
197.446 276.479
204.467 302.377
206.018 303.513
211.390 298.833
223.776 297.732
236.339 290.546
187.860 260.754
187.512 251.754
196.328 249.280
204.748 253.836
195.690 259.457
188.526 263.319
240.406 240.698
243.819 229.874
255.211 226.103
266.699 231.274
257.875 237.408
245.874 240.747
204.315 330.881
202.597 324.984
203.340 319.808
210.596 312.883
226.028 312.714
239.787 314.077
252.590 317.309
239.138 321.197
224.489 326.365
214.120 329.007
208.339 330.343
206.924 330.300
207.885 330.415
209.669 325.859
215.994 321.718
231.840 319.475
250.515 317.819
227.046 317.941
216.069 320.711
209.963 323.736
192.446 253.324
251.117 231.227
