194.752 243.356
194.331 266.844
192.315 284.939
187.190 304.306
181.858 320.211
170.456 335.764
161.185 348.391
154.997 359.338
160.504 366.443
180.700 363.370
208.234 356.311
238.394 344.532
264.574 329.021
280.027 310.949
290.147 288.621
295.547 267.436
300.150 239.047
144.973 223.211
140.683 219.135
140.960 216.832
143.803 216.793
149.628 218.749
171.543 215.960
179.113 211.943
189.996 210.457
201.795 211.539
217.714 216.027
159.270 229.564
151.495 244.002
142.241 257.955
135.581 274.224
151.722 284.387
149.374 287.951
151.416 290.170
162.167 288.569
175.456 283.259
149.237 237.188
145.743 232.015
152.403 231.619
158.341 235.967
151.903 240.650
146.702 241.525
185.084 235.290
186.478 230.090
195.712 229.056
207.012 234.258
196.372 239.642
187.337 238.988
150.060 315.513
144.071 306.562
141.981 302.127
146.980 303.152
158.880 302.665
173.243 308.297
185.845 317.094
173.209 323.192
159.288 328.578
149.351 329.293
145.215 327.629
147.227 322.050
152.661 315.567
146.870 311.210
152.285 311.973
164.703 311.931
184.958 316.002
160.721 318.480
151.003 319.333
146.915 318.157
149.285 235.651
192.350 233.698
