200.681 276.699
207.533 295.036
211.527 308.693
210.286 321.235
210.498 330.729
211.984 333.072
219.336 329.806
230.508 325.606
248.881 320.784
273.169 313.764
296.169 309.666
319.220 304.752
334.881 298.891
340.521 288.251
343.369 270.508
346.728 255.294
349.654 234.190
185.863 222.417
189.230 211.996
197.458 203.815
206.468 199.780
216.725 198.998
254.208 185.604
265.479 180.020
279.039 177.709
291.830 178.823
304.973 185.096
235.596 202.996
234.448 211.984
232.805 219.344
230.496 229.285
222.850 257.397
228.932 255.023
237.157 250.503
249.610 248.561
261.043 245.356
198.519 234.677
201.306 223.236
212.392 220.040
221.907 225.124
212.280 228.779
201.631 233.413
264.500 210.624
270.860 198.483
283.522 196.756
293.380 204.337
285.556 206.063
272.434 208.781
216.622 288.254
218.891 278.451
224.166 269.304
236.010 261.625
252.503 260.169
263.520 264.746
273.611 272.641
264.625 277.623
252.791 283.108
240.399 286.385
228.992 288.598
221.398 289.062
219.546 288.699
227.804 278.961
240.046 273.487
255.029 271.145
271.379 273.998
251.884 273.723
240.085 275.995
228.686 280.311
206.841 223.844
277.393 200.523
