181.480 279.510
180.696 301.447
177.979 318.445
175.285 337.743
175.079 351.923
179.751 359.988
189.893 365.058
203.876 369.215
226.245 371.374
253.783 368.336
279.983 364.754
306.161 359.355
326.109 352.230
336.359 338.697
344.140 317.067
348.464 299.970
353.094 278.028
184.571 228.024
192.421 220.488
203.240 216.361
213.849 216.301
225.191 220.227
261.960 218.911
273.750 215.102
287.442 214.975
300.166 217.692
313.244 225.378
241.520 234.421
237.185 246.333
232.277 252.287
228.640 259.035
208.529 287.104
218.155 288.933
229.374 287.516
243.728 289.342
257.409 288.523
195.873 245.354
201.081 239.527
215.055 239.884
221.192 246.217
213.507 246.935
200.990 247.197
268.200 245.539
274.511 239.476
288.768 237.867
296.454 244.579
288.533 246.738
275.833 246.189
198.601 322.879
202.566 311.648
210.126 303.459
225.219 301.091
242.126 303.479
252.782 311.847
259.770 322.932
252.961 326.871
239.678 330.623
222.166 332.246
207.185 328.903
201.740 326.225
201.855 323.004
210.991 315.386
225.627 313.449
242.351 315.404
257.698 323.037
238.505 319.481
224.677 319.536
211.807 319.172
211.862 242.229
287.058 241.661
