180.096 264.450
183.248 287.232
187.694 304.238
192.474 321.155
197.168 336.879
200.634 357.394
210.631 373.959
221.883 388.866
237.328 397.497
256.795 390.105
274.060 378.182
292.081 364.544
303.339 345.297
311.219 328.851
317.547 311.731
321.832 293.435
327.032 268.782
171.798 275.120
176.868 278.267
185.849 281.183
195.600 283.872
206.316 286.260
240.195 276.825
251.618 273.102
265.262 270.664
277.682 269.127
288.987 268.738
221.890 293.260
220.728 310.002
218.946 325.881
217.734 345.515
211.953 337.988
217.544 346.459
225.362 349.943
235.055 347.884
243.711 343.234
182.693 290.660
187.776 294.580
198.835 294.978
206.342 294.512
197.500 297.492
187.185 296.107
249.160 292.314
255.232 287.151
268.888 286.893
277.799 289.867
269.025 296.671
257.054 296.943
205.733 360.260
208.579 360.685
213.897 362.826
225.415 363.798
240.947 364.788
250.310 364.768
260.384 365.940
253.162 368.459
242.927 373.482
229.605 376.353
217.987 371.226
211.863 364.406
208.778 358.949
216.414 365.393
228.228 368.691
242.259 367.394
258.987 364.331
242.403 366.112
229.248 369.012
219.448 364.725
190.754 287.814
261.451 288.552
