175.003 243.103
175.708 269.463
174.983 289.323
168.882 307.786
165.843 324.345
168.629 339.269
177.873 353.042
189.027 366.403
208.214 375.684
234.114 375.965
259.689 370.571
285.561 362.610
305.628 352.926
315.424 336.777
324.064 315.677
333.524 297.275
344.577 271.029
181.839 214.068
188.179 210.359
197.908 209.396
207.675 211.588
218.085 216.630
258.060 221.077
271.083 218.990
285.310 220.077
297.567 223.921
308.225 231.844
232.954 230.645
224.695 244.671
217.040 259.553
211.434 276.759
201.712 286.759
206.524 292.812
217.540 296.640
232.347 298.119
245.749 293.383
191.755 235.321
195.821 231.310
208.058 233.819
215.854 239.461
205.725 239.018
193.946 238.473
261.068 244.757
269.857 240.504
282.079 243.440
289.744 249.254
280.954 250.287
268.496 248.166
186.869 314.613
191.501 308.165
199.914 307.758
216.400 311.078
236.099 314.101
252.614 318.972
263.551 327.633
248.516 338.455
229.089 343.353
212.532 342.251
198.592 336.077
191.729 326.903
189.153 316.254
200.153 312.511
217.665 317.185
241.081 319.872
261.046 328.358
232.328 337.683
214.921 337.692
201.039 331.263
199.280 234.191
274.086 243.830
