185.117 261.917
192.631 285.624
198.889 305.463
211.664 328.222
226.011 344.537
247.870 358.071
273.271 368.264
298.346 375.222
321.098 377.066
337.645 365.091
346.480 351.545
353.250 335.483
355.570 319.437
354.335 301.444
351.672 277.658
347.932 259.164
346.941 234.783
224.378 230.985
237.674 225.059
253.036 221.364
265.997 220.942
278.400 223.368
319.624 217.199
330.694 211.674
342.237 209.249
351.327 209.105
356.620 211.958
300.688 234.498
305.479 251.553
310.904 266.579
316.952 282.615
285.714 297.952
298.757 302.604
313.794 300.905
323.722 298.205
328.177 287.165
240.915 247.837
251.916 239.769
263.213 239.514
271.451 247.019
263.506 250.683
251.053 252.009
322.164 239.531
330.764 229.864
342.170 227.820
347.275 233.230
345.656 238.723
334.533 240.738
285.058 334.108
293.930 326.204
304.371 318.125
318.637 312.953
330.406 312.234
337.917 316.362
339.825 322.417
337.861 331.494
331.436 342.049
322.313 345.425
309.814 345.766
296.046 340.760
288.157 333.266
304.677 328.118
319.290 324.891
329.554 322.143
336.727 323.006
329.845 328.196
319.922 330.571
307.100 332.910
255.299 241.773
335.950 230.722
