178.096 286.638
181.703 317.062
186.318 341.185
196.335 366.138
208.230 387.823
228.603 410.249
252.501 428.027
277.173 440.361
300.581 443.720
318.345 433.982
327.699 417.007
335.216 393.690
337.423 369.746
337.541 347.566
336.381 322.516
335.245 300.732
333.183 272.677
240.441 255.316
255.115 247.497
270.264 242.932
283.101 243.273
294.894 247.392
331.023 243.864
339.527 238.644
347.809 236.817
354.543 238.166
358.701 244.342
315.922 265.477
322.637 286.756
328.435 303.199
333.691 321.482
291.981 331.125
307.320 337.036
322.474 337.726
332.756 334.766
336.509 325.669
253.859 277.398
266.618 273.146
276.628 271.601
282.698 277.149
278.127 281.057
265.684 282.859
326.445 272.151
336.742 264.999
345.476 264.401
347.549 267.145
346.672 273.244
335.259 274.360
266.607 379.623
284.690 365.032
303.079 358.016
324.370 354.547
338.294 352.452
340.215 357.340
332.692 369.942
327.349 392.156
322.967 408.475
310.214 417.140
289.664 413.103
274.736 399.659
268.478 381.431
296.540 364.486
320.956 359.621
334.317 359.213
329.954 370.302
321.994 401.702
309.930 410.965
290.920 406.789
270.966 276.297
340.686 268.229
