170.472 265.414
179.061 288.990
182.825 309.530
185.675 332.948
191.819 351.573
204.924 369.910
222.616 387.190
242.658 401.637
264.357 407.789
285.867 398.229
304.618 382.305
321.469 361.864
332.966 341.852
336.029 321.381
336.352 298.258
337.289 278.824
342.446 254.730
180.952 257.290
189.534 253.886
202.350 251.887
215.066 252.646
228.408 256.157
272.991 254.614
285.904 249.689
300.015 246.539
311.958 245.688
322.145 247.784
250.737 272.329
252.150 292.928
253.548 310.599
255.262 331.038
235.685 333.259
244.115 339.608
256.891 341.813
269.082 337.846
277.642 328.852
198.698 276.292
205.560 272.747
219.317 272.426
226.394 277.406
217.917 282.477
204.496 283.191
277.314 273.122
285.038 266.915
299.152 266.199
306.644 268.747
300.851 276.319
287.499 278.068
231.771 363.345
234.447 359.618
242.265 357.279
258.395 356.566
275.916 353.938
286.650 353.440
291.236 357.164
283.325 365.687
270.735 373.401
259.663 375.354
248.079 374.374
237.790 369.187
233.192 362.534
244.675 361.902
259.572 361.628
275.581 358.343
289.030 356.311
270.935 363.085
259.467 365.250
247.863 365.395
206.629 275.725
288.853 269.735
