187.982 267.145
192.584 292.284
197.626 312.190
198.808 331.011
202.345 347.330
205.999 364.568
217.098 379.161
231.632 393.394
251.082 400.537
273.258 395.425
294.216 384.274
315.130 370.241
328.665 351.952
337.269 334.219
344.112 314.024
349.217 294.172
352.505 267.468
184.103 268.967
191.206 269.947
201.525 270.188
211.653 271.429
222.363 273.810
260.924 266.534
272.888 263.440
286.616 262.411
299.265 262.454
312.495 263.156
240.215 282.129
238.836 298.280
236.472 313.659
234.046 330.560
219.767 321.532
227.179 331.692
241.227 338.330
256.115 336.821
265.258 327.113
197.874 279.996
202.287 282.212
215.130 282.935
220.930 285.003
213.609 287.356
203.298 287.194
269.914 283.570
276.680 275.777
288.521 275.665
299.664 279.509
291.642 287.121
277.915 287.418
215.870 346.699
219.115 346.091
226.883 347.756
242.360 352.674
258.443 354.791
269.450 356.108
278.910 358.597
270.373 364.000
258.030 368.538
246.179 365.557
231.983 360.151
221.896 352.644
219.374 346.881
227.645 351.980
243.684 357.776
260.702 359.275
276.834 358.693
258.709 361.645
245.396 357.680
229.782 352.721
205.647 278.939
281.419 279.942
