146.660 272.914
151.660 300.890
153.340 323.298
157.952 345.907
166.146 366.289
182.518 386.683
202.548 404.227
223.616 416.934
248.021 421.953
272.584 413.173
290.109 397.979
305.866 377.434
316.739 356.379
322.040 335.473
323.979 310.131
323.076 288.174
323.317 260.362
170.206 243.806
179.783 237.847
192.135 234.593
203.877 235.063
215.998 238.716
256.382 236.152
267.793 231.349
280.282 229.531
291.259 230.041
301.112 234.332
236.828 252.369
238.589 268.556
240.693 282.156
242.844 296.788
211.285 308.301
224.425 314.828
242.193 316.108
258.580 312.069
269.239 301.297
185.424 262.876
191.745 261.313
204.024 261.467
211.136 263.844
202.210 266.249
191.692 265.651
263.036 260.726
269.852 257.925
281.560 255.172
289.080 255.117
283.885 259.887
271.759 261.810
208.328 358.469
212.735 342.722
223.314 336.490
244.419 334.036
264.443 332.190
274.715 336.716
280.262 352.080
273.148 369.630
263.303 381.234
248.825 386.846
232.404 383.723
220.123 374.774
210.173 359.697
223.681 339.733
244.232 336.695
264.578 336.282
278.128 352.417
262.030 373.247
247.651 380.401
231.718 376.528
196.901 260.488
276.418 255.813
