184.243 275.925
183.804 298.468
182.888 315.769
177.421 341.119
173.671 360.158
166.944 378.221
160.862 395.909
158.850 410.431
166.091 418.268
182.493 411.275
206.308 397.350
232.630 377.089
257.421 356.233
271.575 333.005
279.064 305.420
282.498 285.532
282.747 259.125
129.559 264.616
124.290 261.905
123.794 260.806
126.322 261.972
131.541 264.910
153.717 259.583
161.398 253.612
172.690 249.155
185.310 247.075
202.214 248.239
142.206 275.747
137.973 292.596
131.206 307.145
123.169 325.413
144.854 331.866
142.923 338.364
143.144 341.485
155.022 338.682
166.976 330.399
140.922 280.754
134.935 276.146
140.751 275.594
149.733 281.607
141.638 285.696
136.815 286.523
175.036 277.679
173.469 268.812
181.664 267.501
195.817 270.893
185.532 278.907
176.536 280.602
148.140 366.062
145.330 364.200
142.389 361.675
145.252 360.935
156.472 361.149
166.920 363.663
178.822 364.986
169.942 373.804
159.043 379.940
150.328 382.069
145.467 379.108
146.731 373.011
150.844 365.485
151.295 366.333
152.852 367.924
163.875 366.744
178.575 365.133
160.512 370.787
151.733 372.658
148.025 370.409
137.404 278.738
177.935 271.553
