186.785 257.494
196.240 276.932
202.274 294.764
210.036 316.264
220.111 332.382
238.759 345.790
261.999 353.547
284.662 359.911
304.130 360.415
315.867 347.529
319.397 333.391
322.418 317.836
320.404 301.582
316.371 285.330
314.085 266.764
315.853 250.415
319.385 229.770
237.014 246.170
250.431 242.869
265.247 240.376
277.359 240.702
287.720 243.111
322.651 236.490
330.842 230.592
336.959 226.854
340.032 225.405
339.855 226.002
306.067 253.737
310.865 271.776
316.246 287.302
321.683 303.436
288.123 309.577
297.962 313.686
309.195 313.473
315.894 308.710
318.920 299.316
250.928 265.319
262.784 259.329
271.816 258.599
276.193 262.764
271.224 268.092
260.053 270.455
318.011 253.509
327.181 246.781
334.939 244.723
335.874 247.446
335.467 253.787
327.454 255.819
272.572 331.747
281.360 330.034
294.458 328.649
309.686 326.567
320.077 320.066
323.569 316.104
323.674 316.123
320.548 322.878
315.513 331.130
307.360 334.844
296.806 337.063
282.956 335.085
273.566 330.819
290.204 331.314
306.606 329.531
317.234 322.702
321.171 316.463
314.255 323.656
306.419 327.852
294.730 330.090
266.042 261.236
330.795 247.601
