178.505 263.619
183.715 287.733
190.847 306.832
194.660 325.666
198.812 342.542
210.565 358.610
227.087 371.390
246.296 381.291
267.130 385.050
286.107 379.390
298.063 369.453
308.698 357.298
314.040 342.397
313.989 326.234
315.248 308.083
320.393 290.323
324.739 266.874
205.000 237.695
215.380 233.206
228.538 231.416
240.468 232.785
252.264 237.033
290.469 237.826
301.136 234.577
312.066 234.164
320.637 236.104
325.951 241.302
271.591 252.115
272.821 269.615
274.554 286.063
276.140 303.213
249.586 311.658
258.956 317.135
271.111 318.694
281.121 317.441
287.957 311.788
216.613 257.371
225.282 251.432
236.953 252.533
244.449 260.970
234.924 262.902
222.733 262.524
288.968 262.129
299.296 253.462
309.775 254.366
314.271 260.013
311.269 264.258
300.210 264.711
239.139 347.304
245.658 340.474
255.206 335.186
271.341 333.609
284.649 334.531
292.336 338.937
295.722 344.170
288.799 350.614
279.660 355.661
268.667 356.610
256.692 355.474
246.884 351.767
242.226 346.971
255.528 343.545
270.308 340.487
283.293 342.375
291.768 344.324
279.631 347.954
269.075 350.535
257.886 348.681
228.530 255.575
302.182 257.657
