168.239 244.630
172.602 274.925
176.641 298.110
188.755 320.408
199.804 339.134
220.695 357.147
246.901 367.721
270.609 375.857
290.097 379.584
302.908 373.971
308.513 365.687
312.238 354.614
305.469 339.265
299.277 322.263
297.189 300.842
297.697 279.892
303.695 251.658
243.131 234.824
257.892 233.646
271.717 233.349
282.265 234.872
291.069 239.044
320.132 240.705
328.493 238.051
335.397 237.351
339.419 237.943
338.791 240.304
302.610 254.421
303.173 270.968
306.866 283.315
310.247 296.163
277.687 309.552
287.931 313.619
299.345 314.288
306.149 313.950
311.339 307.404
252.306 252.837
264.927 248.810
274.563 251.871
278.171 258.134
272.395 259.558
261.809 257.377
316.854 259.785
324.738 254.853
333.380 253.861
332.601 257.966
333.617 261.607
325.815 261.583
267.933 338.721
276.177 331.638
288.576 327.975
302.615 326.712
310.854 326.501
314.036 330.063
314.145 337.628
311.419 344.848
306.142 349.159
298.902 350.464
289.453 349.948
277.739 345.564
266.766 339.009
283.771 332.235
298.441 332.039
307.163 331.401
311.476 337.463
307.612 340.487
299.152 341.179
287.946 341.428
269.518 253.410
329.288 257.017
