189.720 214.125
190.372 239.210
191.958 260.499
202.460 280.116
213.115 297.154
235.396 314.076
259.406 329.762
280.143 343.461
294.536 354.579
302.393 355.757
303.099 354.940
300.477 350.800
292.513 343.081
286.842 331.080
286.391 313.741
287.944 296.706
288.784 275.605
268.759 196.004
283.196 195.134
295.819 197.919
304.625 203.101
310.828 211.443
331.060 226.029
335.846 227.070
338.024 230.937
337.436 235.929
332.933 243.559
319.089 231.497
323.141 244.857
328.111 255.657
330.846 269.981
296.250 274.512
306.753 282.298
315.715 286.884
317.806 290.439
316.903 288.940
273.635 218.164
287.625 214.445
295.902 219.655
296.511 230.375
294.817 231.241
286.098 226.307
318.944 247.009
328.324 242.099
332.556 247.389
326.951 255.676
329.452 258.204
324.952 253.525
287.002 304.068
296.823 300.062
307.326 298.098
318.366 300.276
321.140 305.407
319.985 313.020
317.498 322.001
318.648 325.445
317.038 327.298
311.612 324.300
302.904 318.875
293.413 310.579
286.085 304.818
301.218 306.394
312.367 309.035
314.215 313.736
314.736 321.608
317.263 318.894
312.986 315.577
304.222 310.780
292.515 219.843
329.512 247.362
