186.825 249.371
180.565 272.116
174.481 291.707
168.114 314.721
165.687 333.932
166.510 354.193
172.156 372.399
181.009 386.841
198.037 396.236
219.642 397.980
241.960 393.946
266.782 386.184
288.731 373.801
303.495 357.297
313.570 334.488
319.710 314.103
328.803 289.533
175.640 231.233
179.864 227.842
187.859 227.450
195.391 230.467
203.410 236.848
236.114 245.975
248.295 245.352
261.638 248.500
273.217 253.894
284.500 262.012
212.958 256.341
203.228 275.073
194.781 290.872
186.316 309.328
184.588 320.147
186.094 328.167
192.238 334.074
204.675 334.313
217.298 330.400
180.396 254.072
183.325 251.209
193.529 253.939
200.882 261.271
189.508 263.079
181.409 260.404
236.444 271.978
243.488 269.568
255.398 273.070
262.936 278.990
253.595 282.743
241.526 278.972
172.883 356.950
175.241 353.369
180.164 352.858
190.519 357.964
203.477 358.919
214.600 364.034
223.909 368.354
218.459 371.948
207.008 371.700
194.983 368.182
183.518 364.974
176.995 361.508
175.548 357.006
183.643 356.539
194.220 361.009
207.278 363.167
223.450 367.892
210.614 364.875
197.273 360.508
184.357 358.619
187.999 254.222
247.115 272.779
