187.803 258.256
189.696 284.249
191.307 305.833
188.206 329.536
189.100 349.089
192.814 369.587
201.948 387.164
213.995 400.988
233.118 408.824
257.247 404.297
281.938 393.810
308.213 377.410
328.139 357.575
338.870 336.550
344.438 312.193
347.489 290.069
350.861 261.502
167.982 251.550
172.620 250.019
181.247 250.148
190.484 252.585
201.987 256.865
244.560 256.883
256.957 252.481
271.662 250.079
286.030 249.732
301.944 251.946
223.649 271.014
221.364 290.379
217.922 308.190
215.470 327.610
208.957 329.960
214.780 338.230
224.589 341.395
238.080 340.020
250.965 330.891
183.517 269.041
186.389 265.532
197.386 266.070
206.494 273.566
197.779 276.941
187.295 276.776
256.625 273.944
263.477 267.109
275.440 267.290
285.101 271.529
276.743 278.681
264.176 278.902
203.306 364.993
201.906 360.184
207.549 357.971
221.814 359.149
238.601 359.575
250.140 363.034
257.849 368.894
251.528 375.579
238.132 383.605
225.718 384.276
213.307 379.955
206.387 371.779
205.963 364.026
210.910 366.890
224.644 367.881
240.162 368.547
255.684 367.253
236.760 372.367
225.302 372.533
213.719 369.897
192.415 269.225
270.566 270.626
