164.721 266.978
168.119 290.383
174.648 309.603
184.745 334.843
193.376 354.502
210.409 374.793
232.106 390.635
253.789 401.749
273.491 406.425
289.905 395.181
300.244 379.665
309.202 360.063
313.270 339.449
312.903 319.364
314.878 297.693
320.236 279.467
327.398 256.329
216.543 270.599
230.282 269.917
244.710 270.604
256.681 272.916
268.250 277.341
305.691 282.102
315.645 277.312
324.990 273.909
331.916 271.493
335.961 268.980
286.211 293.806
288.082 311.722
290.894 329.637
292.969 345.347
260.009 344.168
271.388 351.622
284.328 354.105
292.815 348.966
300.366 338.688
226.871 287.916
238.187 284.225
251.511 284.742
258.187 293.043
249.690 295.805
236.548 295.096
303.101 292.462
311.408 289.666
323.600 287.319
325.787 283.722
321.987 291.006
311.181 293.208
255.277 374.085
262.904 371.806
272.218 369.544
284.202 368.665
293.050 364.988
297.646 365.195
301.132 366.423
295.317 371.970
289.201 378.151
280.440 380.829
270.936 380.776
261.637 377.086
255.308 372.442
269.845 370.927
281.014 370.958
289.589 367.622
298.513 366.041
289.459 371.350
280.381 374.627
270.878 374.183
244.227 286.944
317.246 282.805
