185.597 246.033
190.546 270.770
195.163 291.924
209.328 318.426
223.090 339.285
246.695 359.843
270.265 378.450
292.015 390.260
310.576 391.780
322.746 381.115
326.013 364.500
327.280 342.835
326.372 321.823
323.292 301.977
319.866 278.638
317.224 260.237
315.955 236.427
256.032 220.476
269.827 214.808
283.722 212.322
294.612 213.388
304.225 217.551
334.714 215.191
341.145 210.641
345.983 208.586
348.281 209.345
346.849 214.462
321.518 233.476
328.352 250.150
336.597 261.586
343.509 273.889
305.674 293.669
319.470 296.574
332.127 296.256
337.072 294.463
338.581 289.841
266.104 243.910
277.983 238.667
286.763 238.942
290.691 244.890
287.127 248.913
276.486 249.835
327.881 242.806
337.040 234.969
343.202 234.791
343.440 239.074
343.768 245.504
336.261 245.979
295.624 341.623
308.745 324.821
322.269 315.898
335.483 312.255
343.699 310.962
344.074 316.751
339.474 330.113
335.037 349.026
329.845 364.507
321.090 372.046
309.653 370.246
299.272 359.903
295.968 342.352
318.006 323.947
333.291 319.063
341.084 318.316
337.065 330.834
330.636 354.723
321.838 363.468
309.380 361.231
282.118 243.361
339.570 239.715
