199.788 238.594
196.210 266.242
194.927 287.824
197.435 311.033
201.506 330.270
214.667 350.405
234.409 368.833
256.392 384.927
279.091 397.523
300.270 396.616
312.730 391.864
321.942 381.497
325.786 368.778
329.551 354.399
337.961 336.616
343.962 318.463
353.304 294.158
260.609 216.704
275.677 215.986
289.997 218.572
300.811 223.543
309.544 230.975
342.410 242.741
353.583 243.101
363.771 246.332
370.817 251.077
373.329 258.617
320.712 250.726
319.470 266.292
318.864 280.102
318.388 294.016
280.746 303.829
291.934 311.434
304.552 315.311
314.336 319.711
322.157 316.198
271.584 238.026
283.102 236.545
293.706 242.266
294.614 250.699
288.731 250.070
278.770 244.785
331.861 264.747
344.559 261.216
354.561 263.875
355.151 269.669
351.220 272.336
341.483 269.841
267.490 336.169
275.731 329.310
286.431 326.377
304.207 330.534
317.030 335.586
320.083 342.316
317.946 351.474
314.831 354.874
307.724 357.603
297.791 354.918
285.135 350.017
273.783 342.986
268.252 336.886
283.385 335.761
298.835 339.080
310.424 343.241
315.124 350.161
309.140 346.076
298.984 342.591
286.479 339.810
287.408 241.578
349.242 265.248
