180.320 269.041
191.344 286.619
197.877 301.620
201.499 321.270
207.660 337.657
221.669 357.835
239.213 374.762
256.899 389.025
274.672 392.574
290.940 382.861
302.559 363.589
313.398 342.251
319.542 319.511
320.354 300.205
321.975 282.201
325.291 267.019
329.957 247.254
209.767 297.925
219.702 301.059
232.455 302.467
244.190 303.476
255.058 305.377
284.894 301.539
294.696 296.254
306.359 291.006
316.147 286.114
323.933 280.239
270.224 313.042
270.618 324.906
271.310 336.791
273.186 351.333
248.232 341.435
259.422 348.853
272.586 351.610
284.538 344.507
293.300 334.464
218.247 305.612
226.103 307.734
239.031 307.837
248.941 309.500
239.736 314.774
227.330 314.481
288.671 303.407
299.183 300.322
311.125 295.613
315.970 291.690
310.375 302.900
298.515 306.296
248.728 365.690
251.824 361.498
259.429 361.487
273.916 362.191
287.458 356.675
295.756 353.754
299.727 355.852
295.334 372.238
288.157 384.826
276.436 390.875
263.566 387.703
256.205 378.220
248.662 364.852
259.754 363.482
274.080 364.723
288.350 358.765
298.421 355.430
286.307 377.470
275.472 382.980
264.635 379.775
233.159 310.048
304.634 299.583
