176.384 260.557
182.507 285.276
184.196 306.568
184.363 324.669
187.240 340.649
192.099 355.528
205.873 362.433
220.773 366.547
240.907 368.672
266.162 361.634
289.604 354.936
313.330 343.391
325.961 326.417
331.665 308.577
335.485 287.616
336.421 267.478
339.356 239.678
173.604 234.238
179.161 227.760
188.539 223.488
198.982 223.261
210.792 225.397
248.449 221.910
259.731 217.482
273.105 215.058
285.361 215.517
297.650 218.978
229.758 236.658
229.809 252.760
229.287 267.198
228.764 281.758
218.667 293.804
225.141 297.066
235.473 297.044
248.171 295.888
257.539 289.182
190.789 251.506
194.439 242.542
205.593 241.405
216.037 248.706
206.824 254.044
195.727 256.672
256.061 244.649
265.073 234.054
276.223 233.723
283.653 240.564
277.084 247.492
265.147 248.641
211.033 320.767
213.390 313.298
220.604 309.396
235.294 308.377
252.321 306.854
263.692 308.439
270.980 314.643
258.623 318.328
243.973 321.121
234.108 321.135
224.720 321.867
216.124 321.631
212.970 320.131
221.685 314.255
237.498 311.595
254.745 311.124
268.906 314.717
247.420 313.558
235.826 314.593
225.056 315.769
199.704 248.011
270.583 240.355
