199.713 244.809
196.793 261.126
190.199 276.106
177.463 291.257
169.162 302.403
160.103 307.973
150.654 312.389
146.661 316.489
153.180 319.900
172.845 315.483
200.324 312.005
232.015 306.843
261.774 300.194
280.214 286.347
293.285 264.419
301.155 246.502
313.750 225.121
163.994 201.639
162.171 193.610
163.936 188.427
167.948 186.540
174.511 187.583
200.386 179.450
209.181 174.359
220.567 172.792
232.951 173.823
247.660 180.170
184.495 196.104
176.953 208.468
168.170 216.936
158.289 225.904
160.350 249.183
157.944 249.464
161.647 247.050
171.752 247.673
186.487 247.032
164.269 216.828
162.044 210.395
169.635 208.913
175.415 212.562
168.344 214.978
162.205 216.744
207.881 204.851
210.351 197.989
220.818 197.236
231.593 201.637
219.282 204.723
210.273 205.651
142.114 275.396
142.733 266.568
143.762 258.975
149.858 253.390
162.925 255.395
172.096 261.158
178.008 269.914
171.184 275.511
155.836 281.469
145.248 282.400
138.753 283.457
139.363 279.957
145.419 276.115
148.093 269.278
151.754 266.006
164.580 266.320
178.363 271.069
160.382 269.084
148.801 270.076
143.737 272.109
165.960 210.401
215.799 200.080
