176.039 296.756
182.920 318.803
187.634 337.318
191.293 357.101
198.607 370.565
206.969 382.058
221.949 390.281
242.851 394.397
266.156 394.381
287.517 380.071
308.680 364.166
326.739 344.363
336.145 327.577
340.944 311.099
339.615 290.167
337.624 270.780
333.689 247.114
166.289 256.175
170.120 246.419
177.963 238.929
187.445 235.348
199.380 234.785
239.852 218.118
251.203 210.751
264.748 207.409
277.392 207.874
290.455 213.564
221.383 240.839
224.045 255.999
225.925 267.121
228.114 282.536
217.453 312.322
226.305 312.087
238.502 309.935
252.082 304.740
264.474 296.687
183.657 274.802
186.297 271.648
195.399 267.169
206.543 264.037
199.874 267.824
189.208 272.888
254.558 247.102
262.889 243.702
274.247 240.471
282.449 241.264
272.853 244.883
260.655 247.086
218.328 350.298
220.609 343.903
228.143 338.347
243.414 334.464
259.501 329.008
273.316 328.432
284.838 331.359
280.270 339.395
268.399 348.188
251.993 354.061
234.846 357.850
224.197 355.286
221.196 349.927
230.522 345.497
246.890 341.321
264.844 335.827
282.234 332.431
266.148 340.312
249.754 345.264
233.065 349.485
190.886 263.599
266.912 237.087
