192.181 272.121
193.562 293.096
194.211 308.178
199.523 319.870
207.997 327.683
221.569 329.186
239.917 327.303
261.522 324.345
285.369 322.188
308.413 317.516
329.183 315.916
346.724 311.817
356.280 307.097
360.412 298.743
360.246 284.388
355.304 270.766
349.559 252.216
205.959 219.803
213.247 210.314
224.138 203.873
235.502 201.936
248.125 203.775
288.629 198.938
299.546 194.941
311.186 194.349
321.164 197.065
330.260 204.596
269.480 212.607
272.136 220.468
274.356 222.910
275.521 230.407
248.363 256.639
261.981 257.251
276.333 254.931
289.988 254.870
302.941 254.326
216.661 232.303
222.552 222.939
234.979 221.233
245.231 227.860
237.429 229.279
223.945 232.150
296.796 222.699
304.134 212.834
316.208 211.591
324.031 219.985
318.726 221.721
306.432 222.128
246.548 285.973
251.523 275.165
261.090 267.078
276.463 263.749
293.032 264.476
304.770 270.001
312.831 278.649
305.728 280.445
294.524 283.621
278.681 285.545
263.875 287.117
253.896 286.099
249.615 286.002
262.975 279.300
277.959 276.909
294.845 275.424
309.884 279.726
291.734 274.591
277.016 275.842
263.423 277.874
232.317 225.163
313.518 217.016
