189.209 260.017
198.483 284.684
207.613 305.615
217.392 327.234
229.366 344.925
254.103 358.941
283.204 368.519
309.796 375.082
332.581 376.036
348.506 367.518
354.958 356.818
357.073 342.206
351.593 326.780
343.454 310.386
337.540 290.177
336.261 271.768
332.821 248.538
236.311 214.830
250.641 206.893
266.583 202.811
280.338 203.114
293.508 207.043
334.750 205.896
343.716 202.011
352.119 201.672
357.950 204.164
360.236 211.199
317.660 220.702
324.299 238.391
331.206 252.493
337.188 268.943
305.751 288.602
318.611 291.107
330.218 289.407
339.068 289.074
342.978 282.194
252.550 234.178
264.078 225.230
276.502 225.593
284.732 233.451
279.173 236.290
266.153 237.918
333.027 231.262
342.640 222.151
351.714 222.126
352.991 229.491
353.330 233.246
343.760 232.882
307.125 331.960
315.497 322.290
325.978 314.358
339.571 309.596
349.459 310.461
354.382 317.402
355.297 326.917
353.025 332.647
348.832 336.818
339.145 338.389
326.621 338.553
315.352 336.252
308.044 330.767
324.973 325.939
337.915 322.802
347.686 323.040
351.895 326.474
346.710 327.454
337.327 328.000
325.698 328.765
270.868 229.466
347.215 226.981
