176.920 284.659
176.136 309.558
174.063 328.921
168.538 342.732
166.687 354.536
162.863 364.623
169.571 368.476
180.532 369.548
198.750 369.597
226.064 367.441
254.058 365.914
284.741 360.552
306.824 349.972
321.386 336.914
330.312 317.758
333.266 296.611
335.597 269.045
164.509 244.277
169.545 238.608
177.372 235.160
185.195 233.840
194.157 235.270
228.566 230.408
238.776 226.698
250.729 225.458
262.630 225.663
278.051 229.473
210.349 244.081
206.713 255.505
201.052 264.947
197.785 276.831
186.603 298.405
193.212 300.714
203.817 299.534
217.658 297.795
231.125 292.025
172.287 254.589
174.592 249.291
186.138 249.450
192.493 255.298
183.160 258.011
173.461 258.174
241.248 249.254
245.008 241.155
256.914 239.695
266.436 244.268
257.636 248.141
245.751 249.710
177.786 333.188
179.919 325.297
186.472 319.080
199.298 315.173
210.886 314.125
222.052 319.368
234.892 327.058
222.279 329.304
211.726 331.063
198.949 333.593
186.797 335.110
181.023 333.532
181.224 332.280
186.526 329.110
199.763 325.929
213.637 324.640
232.042 327.028
211.033 324.575
198.048 327.386
186.937 328.059
179.546 251.955
251.433 243.738
