159.227 260.479
160.906 286.906
160.670 308.122
160.830 333.571
163.208 354.305
169.661 377.211
185.828 394.552
203.735 407.525
226.090 415.130
251.597 410.627
276.185 402.275
301.818 388.328
316.967 367.606
326.689 347.166
333.982 323.376
339.349 303.325
345.704 276.464
167.052 258.840
176.037 259.162
189.117 260.649
201.863 263.816
215.191 268.347
260.802 272.314
274.456 269.681
289.943 268.799
303.766 269.414
316.329 270.932
236.328 284.115
233.183 301.585
229.848 318.612
227.011 337.867
208.396 336.510
216.803 345.939
229.183 350.768
243.596 350.217
256.783 341.888
183.437 278.994
189.009 277.328
202.278 277.611
211.685 282.455
201.659 286.654
188.762 286.138
266.911 286.339
275.055 283.677
287.790 285.060
296.999 287.504
290.730 293.311
276.343 292.487
198.685 367.043
203.343 365.892
211.029 366.343
225.684 369.203
242.203 370.584
252.089 373.164
260.313 376.363
252.528 377.696
240.793 380.556
226.535 381.224
211.946 377.188
203.193 371.809
201.968 366.424
212.685 369.899
226.829 373.520
242.305 373.894
257.568 374.608
239.090 372.205
226.812 372.605
214.557 369.306
193.535 277.986
280.431 283.028
