175.322 275.929
187.533 297.435
197.577 313.931
210.962 327.456
224.656 338.822
247.935 343.378
276.493 344.974
308.184 345.885
334.847 343.216
350.172 335.482
350.973 329.126
348.964 323.077
341.699 317.215
333.807 306.979
327.691 289.969
324.364 274.712
318.117 254.374
221.188 222.172
232.232 212.873
245.847 206.991
258.669 205.914
271.086 208.154
305.024 204.065
312.579 200.134
320.335 199.086
326.713 201.395
330.811 208.804
294.118 216.247
304.322 225.979
314.695 235.658
325.013 248.074
287.858 272.092
302.142 274.548
317.528 274.481
325.241 270.769
324.433 264.970
241.705 238.128
248.523 230.808
259.241 229.139
267.599 237.047
262.282 238.876
250.848 239.676
305.223 230.884
313.318 221.940
321.720 219.898
325.948 225.782
326.723 228.659
318.207 230.433
272.661 303.339
285.666 293.788
300.657 289.479
318.171 288.370
329.673 284.310
335.559 285.385
337.283 289.638
335.622 295.815
332.530 298.112
322.285 301.467
305.118 303.360
287.530 305.678
274.316 305.064
295.647 295.056
314.640 291.999
327.675 289.492
334.915 292.062
327.814 295.077
317.020 298.867
300.456 300.714
254.828 232.556
318.343 223.657
