157.114 263.078
162.748 286.076
167.104 305.850
168.388 329.796
171.514 349.231
174.520 372.900
179.021 394.265
187.868 409.828
205.199 418.259
227.605 415.528
248.240 405.083
269.515 386.996
287.703 365.877
299.371 345.982
306.987 323.460
314.437 304.456
320.665 281.168
148.657 273.873
152.498 275.480
161.406 277.139
171.857 279.580
184.022 283.291
220.835 287.028
232.351 285.432
246.402 284.834
259.918 284.603
273.341 284.772
203.314 299.088
202.587 318.950
201.071 337.408
198.456 357.343
184.688 352.466
193.133 360.405
203.193 366.036
216.813 364.849
229.477 359.175
159.104 291.251
162.416 291.038
174.054 291.927
183.867 297.258
174.327 301.873
162.629 300.180
232.273 302.065
238.663 298.512
252.412 299.471
262.778 301.441
253.813 309.258
239.327 308.497
179.850 382.389
181.765 381.163
185.712 382.304
199.357 386.969
216.787 388.863
224.640 390.254
228.293 392.875
220.528 394.019
210.405 394.467
197.145 393.351
185.660 389.486
182.096 385.941
182.002 380.914
188.377 385.303
200.685 389.128
214.921 391.322
227.324 389.511
211.282 389.616
198.396 388.758
187.667 384.895
169.461 292.935
246.587 300.452
