166.661 240.486
166.517 259.819
169.688 275.677
175.761 287.209
183.683 297.668
206.347 301.534
236.074 306.195
268.712 309.843
300.228 316.112
325.958 317.146
340.052 320.293
349.834 320.135
353.379 321.240
349.600 314.609
344.848 299.094
343.720 285.193
338.345 265.375
215.761 175.877
229.348 167.519
244.520 164.443
256.973 165.262
269.170 169.741
309.172 177.304
318.816 178.136
328.653 182.988
336.777 189.713
342.028 200.717
290.891 180.501
294.266 186.606
297.819 194.035
302.466 203.298
265.898 233.665
277.586 234.891
295.121 235.279
306.599 239.641
310.503 238.776
230.506 193.101
242.154 184.213
253.568 188.978
259.864 196.257
252.627 192.647
240.388 190.656
306.101 205.560
316.975 199.421
327.029 203.233
330.309 212.133
328.496 209.064
317.326 205.888
246.756 266.431
257.708 252.567
272.301 247.346
294.460 247.506
311.897 254.172
321.608 265.310
328.027 280.542
323.359 284.033
312.637 280.933
296.704 277.499
276.710 275.892
258.000 273.997
247.594 269.286
270.583 255.620
293.620 255.034
310.750 263.215
325.416 281.880
310.330 277.708
294.202 275.258
274.999 272.643
245.125 187.997
320.781 203.610
