164.004 289.021
173.935 311.022
177.528 328.959
182.649 345.985
188.298 359.572
197.077 370.576
214.685 373.392
233.726 372.503
254.114 369.250
274.580 362.052
293.636 354.813
313.068 343.708
321.509 330.152
324.687 314.693
325.654 293.532
323.552 275.212
322.936 250.738
168.137 247.985
174.196 238.862
183.754 232.190
194.264 229.399
206.505 230.536
246.093 220.033
256.729 213.825
269.092 211.142
280.019 212.272
291.027 217.890
229.313 243.992
231.572 260.284
231.593 268.753
233.508 279.565
216.585 307.656
227.319 307.382
241.306 302.815
256.491 299.373
266.971 292.600
182.413 267.559
186.573 258.382
199.031 256.219
209.748 262.046
200.242 266.628
188.523 269.576
256.617 251.084
263.386 239.643
275.601 237.987
284.535 243.541
279.887 248.778
266.529 251.883
217.529 341.328
221.594 332.858
230.655 323.967
244.039 317.583
258.815 315.444
270.688 319.424
278.208 326.116
271.054 328.897
260.007 334.889
247.355 337.875
234.752 341.566
223.530 341.917
220.562 340.499
231.860 333.176
246.625 328.269
261.650 324.626
275.039 326.595
257.577 325.514
245.544 327.545
232.959 331.769
191.805 260.991
269.054 242.655
