180.730 278.467
184.966 303.595
188.383 323.682
193.128 342.977
198.356 359.220
210.430 375.315
233.549 385.081
259.551 390.107
287.526 391.061
311.303 384.591
329.524 376.643
346.348 363.278
351.642 347.825
352.575 332.198
352.376 312.137
351.019 294.193
350.762 271.116
208.639 233.698
219.111 224.497
232.247 219.132
244.821 218.380
257.861 222.195
299.024 219.448
309.555 215.422
321.169 215.407
330.928 218.665
339.737 227.314
281.314 238.923
285.002 257.235
287.826 269.608
290.786 282.866
261.333 308.671
274.985 311.937
289.228 310.467
301.050 309.021
310.749 306.041
220.378 255.840
229.000 247.949
241.803 247.677
251.042 254.878
241.684 257.689
228.918 258.623
305.095 252.828
314.638 243.804
327.173 243.656
332.462 250.912
328.879 254.128
315.967 254.145
246.698 352.553
257.835 345.118
270.391 338.317
291.323 333.715
308.551 332.816
316.832 337.427
322.937 342.961
312.748 345.610
300.503 348.009
283.485 349.768
266.345 351.622
253.713 352.226
249.094 351.463
269.072 346.069
289.633 342.228
306.410 340.684
318.615 343.023
299.536 340.558
282.994 342.593
266.118 344.730
235.697 250.195
320.968 246.634
