174.286 252.048
179.307 277.105
182.277 299.962
186.845 324.187
192.749 342.913
201.837 364.555
215.298 382.957
232.195 395.787
252.929 400.982
275.513 393.275
296.856 379.584
317.384 360.007
333.502 339.111
342.295 318.001
347.174 292.497
349.413 269.584
348.631 240.776
170.164 245.510
175.492 241.485
185.822 240.300
196.642 242.296
209.294 247.055
253.034 252.250
265.373 247.702
279.737 244.975
292.932 243.793
305.414 244.599
232.644 267.323
232.584 290.997
232.298 310.581
233.109 329.099
220.626 337.197
229.861 343.622
242.595 343.709
257.018 341.735
268.452 328.026
184.741 269.835
188.850 266.753
200.948 266.959
212.587 271.782
204.039 276.482
191.310 277.496
264.134 268.977
274.779 266.528
287.421 265.238
296.138 265.386
288.866 272.558
274.317 273.413
216.393 366.615
218.297 363.670
227.816 362.605
244.374 362.786
261.966 360.384
276.044 361.030
283.686 362.732
273.810 369.131
259.840 377.533
247.655 379.725
234.061 378.546
224.420 372.307
219.668 365.263
230.683 366.777
247.283 368.238
264.575 364.843
280.411 362.059
259.647 368.830
246.699 371.273
233.995 370.112
195.172 269.377
281.731 267.151
