166.771 276.721
176.259 300.249
180.571 320.110
185.220 341.683
192.775 358.455
206.069 375.505
223.625 389.823
243.576 400.170
266.344 403.229
287.361 394.406
303.703 381.109
320.196 361.229
330.764 338.723
334.038 317.925
337.655 294.071
334.536 274.138
334.882 249.184
179.069 251.612
187.882 247.080
200.542 244.137
212.907 243.761
226.216 245.435
271.850 239.700
283.206 234.587
295.703 230.879
306.787 229.111
316.958 230.714
250.889 255.432
252.588 271.073
253.972 285.244
256.213 301.014
236.698 319.221
245.876 322.335
258.275 320.936
270.717 319.921
278.710 312.854
197.369 272.367
203.485 264.995
216.240 262.803
225.592 268.306
216.263 275.239
204.193 277.433
278.711 260.219
286.047 252.487
297.887 251.219
305.894 256.243
301.014 262.446
288.669 264.039
235.462 354.748
236.761 345.750
242.757 339.536
257.225 334.117
272.527 336.386
280.425 342.574
284.306 352.401
280.954 357.863
271.638 364.081
260.725 365.655
248.912 364.894
239.491 360.699
235.689 353.973
246.736 349.282
259.113 347.224
270.511 347.560
282.532 351.034
270.792 352.012
260.283 353.040
248.314 353.886
212.075 268.787
294.706 256.468
