205.661 241.223
209.732 266.728
212.289 287.733
221.374 307.372
231.162 323.827
251.497 339.759
275.731 351.905
299.142 360.763
317.278 366.161
330.001 362.532
333.594 356.469
333.864 346.020
330.286 333.682
328.439 319.254
331.660 301.154
334.932 283.788
338.601 261.708
274.524 221.411
289.171 218.806
303.200 219.078
313.009 221.868
320.952 226.903
349.260 230.451
356.621 228.288
363.265 228.741
367.060 231.052
366.980 236.138
335.747 242.298
339.341 258.739
342.618 274.004
345.096 290.128
310.995 295.269
321.093 301.884
331.516 304.944
337.325 303.278
339.529 296.537
284.176 239.047
295.515 232.552
305.598 235.129
308.138 246.636
304.502 249.088
293.808 246.816
338.107 248.946
347.105 239.153
355.321 240.272
356.198 248.570
355.650 254.153
346.790 253.097
298.160 321.654
307.803 318.374
317.601 318.675
332.024 320.367
340.634 320.760
342.302 322.290
342.616 325.152
339.095 329.850
335.791 334.312
328.978 333.894
317.590 332.305
305.445 327.151
298.342 321.426
313.698 323.153
326.971 325.426
334.540 325.381
339.621 324.947
336.385 326.959
329.002 327.279
317.206 325.240
300.378 237.947
352.101 244.075
