203.388 280.130
206.283 304.234
209.616 322.945
219.375 345.636
228.093 363.709
250.414 380.533
273.894 391.724
291.329 398.794
302.259 398.670
308.003 385.153
306.549 369.095
301.458 349.446
292.244 329.569
285.395 311.530
284.131 291.730
283.718 276.166
284.853 255.360
286.339 273.901
302.146 272.179
315.756 271.250
324.645 272.180
330.226 274.220
344.899 267.415
347.688 261.830
347.558 257.432
344.727 254.821
337.134 254.313
338.171 283.775
343.329 300.698
347.226 316.048
352.253 332.577
316.160 337.258
325.977 342.307
334.280 342.535
334.492 337.108
330.848 328.418
290.520 290.002
305.178 285.414
310.609 284.515
311.213 289.544
310.396 296.551
301.470 297.985
326.158 281.310
335.079 273.240
337.304 271.267
331.434 274.135
335.377 282.815
333.114 285.292
310.057 366.825
317.680 361.961
325.969 356.861
335.657 352.559
337.680 348.870
333.610 349.617
326.399 352.689
327.301 361.799
325.597 371.785
321.016 376.151
316.498 377.000
311.801 372.855
308.312 365.279
320.776 361.098
328.801 356.843
330.386 353.675
324.555 351.855
329.224 360.940
324.508 365.159
319.487 366.851
304.848 288.615
333.147 276.109
