189.842 253.263
188.133 280.751
188.456 303.328
190.799 328.791
198.993 348.843
219.996 366.759
244.396 380.404
267.116 392.916
287.137 401.194
302.920 399.062
306.997 392.725
307.528 383.502
306.256 371.342
305.652 355.449
306.384 333.844
310.798 314.843
318.060 291.234
251.322 233.919
265.433 231.205
280.212 231.854
291.883 236.052
301.387 242.986
332.891 252.378
341.484 251.590
348.765 253.876
353.172 258.248
352.498 265.697
315.407 265.044
315.102 285.109
318.043 298.131
323.668 312.139
285.141 319.487
296.102 325.596
308.336 330.252
315.143 329.036
318.648 324.253
258.847 259.303
270.063 255.511
279.752 259.634
282.808 268.131
277.956 269.377
266.631 267.129
319.220 278.177
328.808 272.877
336.848 275.256
337.189 282.591
335.479 286.446
327.046 283.340
275.599 349.611
282.598 347.245
292.914 345.431
307.311 346.210
315.795 348.365
318.127 351.036
317.656 355.481
318.188 358.272
314.544 359.812
307.652 358.644
295.620 355.444
285.502 352.013
274.881 347.559
288.017 350.645
301.058 352.286
309.989 353.457
314.663 353.771
312.851 352.049
306.029 351.177
295.228 348.800
270.042 258.838
329.437 275.937
