199.110 236.270
204.379 262.550
207.252 283.551
201.353 302.872
198.770 320.906
192.274 342.434
188.036 360.971
188.652 377.606
198.361 387.106
212.065 384.567
232.705 374.143
258.480 360.065
282.588 340.595
297.037 320.750
306.059 298.737
312.377 277.651
315.787 248.760
150.955 223.506
147.026 221.864
147.794 222.091
151.236 224.490
157.877 229.258
182.323 231.452
191.720 228.182
204.296 227.466
217.572 228.391
233.395 231.779
167.825 245.910
161.834 262.483
154.274 277.054
148.644 294.686
162.038 298.865
161.311 307.170
163.726 311.752
174.285 310.780
185.813 302.153
157.058 243.600
153.111 239.481
160.861 241.535
167.204 248.896
159.183 253.126
154.850 252.418
198.029 254.192
199.577 247.790
209.506 248.789
223.817 254.215
212.674 262.003
202.067 260.529
161.780 340.610
160.179 334.383
160.028 330.390
163.706 329.887
174.318 334.299
184.513 340.411
190.908 350.567
183.561 355.696
176.193 362.486
171.421 362.990
166.601 357.889
163.597 348.439
165.235 339.362
166.063 337.271
168.572 338.036
179.686 341.415
191.796 348.196
173.750 352.630
168.692 353.068
164.904 348.592
156.291 243.616
204.584 251.339
