181.981 272.393
190.194 294.611
194.977 314.062
197.630 336.464
199.558 355.154
198.997 378.361
203.163 398.750
210.085 416.117
224.807 426.962
245.596 425.232
268.331 415.941
292.598 398.302
310.811 374.177
321.748 352.463
328.473 329.260
332.592 309.101
333.932 285.075
160.016 287.583
160.922 289.045
166.926 290.083
174.490 292.331
184.300 296.380
216.865 297.528
227.219 294.877
240.320 293.976
253.328 294.789
268.412 295.706
201.019 311.789
200.135 331.781
198.674 350.744
197.625 369.497
201.864 357.609
206.112 367.354
213.165 373.549
224.606 372.450
234.812 365.375
169.900 303.334
169.334 302.552
180.199 303.404
189.748 308.093
181.482 312.784
173.352 311.296
233.392 312.795
236.698 310.440
248.410 311.273
260.649 312.986
252.206 321.212
239.553 320.042
201.596 379.165
202.878 380.435
204.864 383.466
213.121 388.973
225.608 391.141
234.013 392.863
241.808 395.286
232.313 396.709
221.480 398.206
211.695 396.036
205.077 389.490
203.827 383.412
203.549 378.235
209.019 384.685
216.832 390.987
227.401 392.452
241.642 391.891
221.767 391.073
213.326 388.540
207.322 383.223
173.342 305.158
240.240 312.814
