178.968 248.610
183.543 274.103
189.375 296.147
198.752 318.717
208.012 336.590
224.851 356.470
246.493 371.922
267.913 382.103
289.763 385.852
310.367 376.568
325.393 362.232
339.021 342.959
346.824 321.693
349.061 301.168
350.585 277.967
349.288 257.109
349.439 231.558
206.403 250.907
216.490 250.344
230.012 250.145
243.157 250.853
257.053 252.256
304.853 247.141
316.931 242.740
328.776 239.057
338.274 236.484
345.226 235.227
281.944 262.962
284.733 280.945
287.821 298.238
290.948 313.853
263.728 321.663
275.437 327.073
288.155 325.608
298.783 323.509
306.269 314.444
221.119 267.404
229.298 263.291
242.743 262.611
251.051 267.591
241.984 274.277
229.053 274.713
307.272 261.286
315.289 254.737
327.379 253.158
334.271 255.637
328.807 264.153
316.864 266.212
259.715 350.582
264.382 348.135
273.306 345.852
290.823 343.308
306.188 339.239
312.814 338.211
316.418 340.065
312.325 345.983
303.981 354.107
291.435 357.285
277.284 357.823
265.802 354.018
262.357 347.867
274.382 349.498
290.397 348.648
304.076 343.309
312.945 339.090
303.139 344.338
290.747 347.198
275.948 348.864
235.450 267.203
321.245 258.190
