238.278 246.670
243.346 268.153
245.225 285.318
241.557 308.089
239.920 327.125
233.839 351.110
228.130 374.016
224.390 394.087
227.279 408.441
235.413 412.221
249.521 408.730
264.159 400.388
279.199 387.432
287.993 370.597
290.298 349.893
290.202 334.302
288.237 315.818
174.798 253.527
169.450 254.589
167.563 258.376
167.532 264.348
169.005 273.541
176.167 288.836
179.269 289.036
185.218 292.651
192.700 297.880
204.750 305.124
173.813 298.619
172.687 318.461
168.911 332.781
165.919 346.616
187.080 340.311
184.265 351.294
183.938 357.764
190.025 359.608
196.729 357.214
181.758 277.563
175.052 278.366
176.983 282.916
183.470 291.860
178.918 291.541
177.364 285.164
193.428 312.085
190.481 310.452
194.291 315.843
206.762 321.408
198.779 325.233
193.169 319.484
199.268 365.721
191.356 367.281
186.432 368.706
186.165 372.228
192.395 375.520
201.734 381.491
215.370 386.241
213.607 390.441
206.980 393.059
200.333 390.283
198.084 383.701
199.640 373.880
202.953 365.314
197.630 372.974
196.636 377.069
203.030 379.477
217.561 384.313
205.324 383.798
198.525 380.843
196.721 374.683
177.542 281.889
194.722 315.001
