185.365 235.931
184.826 257.346
184.565 274.509
179.425 296.729
178.752 316.117
182.108 342.199
189.686 367.496
199.848 389.962
215.465 404.729
237.595 407.138
261.598 399.286
286.016 386.267
305.948 369.130
319.219 351.304
330.377 333.353
340.300 321.200
351.179 303.351
187.119 294.201
195.032 308.609
203.865 321.113
211.069 329.280
218.121 333.892
245.604 342.958
256.972 343.012
271.141 341.887
284.660 339.833
299.154 335.750
228.790 339.990
224.865 350.369
220.035 363.490
214.137 378.118
205.544 351.625
209.705 365.149
217.652 377.202
233.275 375.693
247.916 366.171
188.406 296.720
192.616 302.155
203.397 308.782
211.933 315.549
202.330 316.117
191.309 310.411
260.265 337.088
271.469 339.862
284.034 341.980
293.232 342.200
282.058 349.418
268.150 346.131
191.359 363.963
195.076 365.108
200.420 371.755
213.284 382.399
235.947 386.624
249.510 388.982
257.814 393.535
246.715 400.645
230.003 404.979
211.391 400.556
199.166 389.503
193.981 376.697
194.651 364.691
202.356 372.532
214.460 383.376
236.468 388.488
255.357 391.265
232.300 399.438
212.766 396.991
200.927 385.354
198.373 305.994
277.014 340.343
