172.338 279.381
175.078 307.355
176.583 329.497
180.852 355.793
189.094 375.970
207.418 397.089
232.199 416.699
259.972 430.194
289.018 434.259
316.337 423.645
333.622 407.175
346.267 385.928
353.090 365.947
355.231 345.706
355.718 321.125
355.695 300.637
355.593 274.460
206.369 262.881
219.128 258.683
235.036 256.911
249.736 258.660
264.723 263.351
316.125 258.463
329.077 252.143
341.938 249.423
352.254 250.013
358.410 255.262
291.308 278.898
294.151 300.876
297.100 322.873
298.558 347.143
260.205 345.463
275.511 354.962
292.824 358.444
308.253 353.801
318.697 341.239
222.623 285.134
232.144 283.122
245.584 283.086
257.276 287.026
247.990 291.645
232.059 292.978
314.572 283.650
327.697 278.876
338.782 277.957
343.410 279.684
339.010 287.552
326.096 288.058
256.290 385.734
263.569 379.756
275.339 375.943
295.636 375.528
314.257 372.819
323.587 374.486
327.188 377.477
321.409 383.438
312.377 389.462
296.277 393.790
277.690 393.393
265.163 389.850
258.974 384.339
275.053 384.618
296.067 385.029
314.213 381.044
323.006 376.814
311.846 384.376
296.978 388.235
278.496 387.623
239.571 285.188
331.637 281.052
