171.644 267.416
175.279 293.603
181.904 314.003
190.171 334.377
200.564 351.471
219.581 368.044
242.897 379.136
265.741 386.215
286.747 387.551
303.532 378.300
313.749 366.749
322.242 351.340
323.801 333.292
322.348 314.757
320.785 293.590
322.062 274.296
322.323 248.406
223.629 262.429
236.506 261.966
250.898 261.422
262.661 262.002
273.090 263.802
307.078 261.509
317.695 257.184
327.375 253.920
333.804 251.742
335.395 250.696
289.133 273.001
291.922 287.592
296.554 301.147
301.552 316.689
269.605 325.724
282.033 329.672
293.910 330.570
302.739 327.289
308.712 318.774
235.015 275.288
244.359 274.008
258.107 272.755
262.168 274.381
257.119 278.578
245.084 279.374
304.070 271.770
312.524 270.409
324.380 268.217
325.610 267.515
323.898 273.032
313.169 273.892
259.897 353.601
270.092 350.889
280.231 349.104
294.929 348.209
306.446 346.135
312.031 346.555
315.224 346.628
311.765 353.069
306.630 358.550
295.076 361.723
280.668 360.611
270.049 357.148
261.723 352.180
277.519 351.979
291.892 352.046
304.043 350.892
311.708 346.538
306.336 352.704
295.043 355.103
281.309 354.578
252.348 274.061
320.136 268.684
