197.892 258.198
201.238 288.600
204.963 311.720
221.530 335.293
237.689 353.470
264.759 370.115
294.832 380.210
319.806 385.988
337.272 389.676
345.414 383.052
342.252 375.705
335.956 363.878
324.705 349.206
316.215 332.711
310.215 310.723
310.843 292.257
314.528 266.777
284.263 240.516
301.312 238.457
316.368 238.774
326.946 241.379
334.692 245.877
360.314 249.618
365.216 246.797
367.031 245.862
366.133 246.429
360.540 249.808
348.155 259.505
354.638 276.349
362.086 293.642
369.601 312.789
324.373 318.052
336.327 325.210
347.939 327.557
350.116 325.553
347.398 315.978
292.757 262.426
305.313 257.717
313.258 259.305
313.890 265.274
310.859 269.286
301.975 269.138
342.511 268.066
351.470 263.150
357.003 263.182
352.872 267.491
354.953 272.461
350.456 272.053
315.938 349.608
325.243 346.658
335.597 344.515
347.433 344.258
352.832 343.584
350.965 344.402
348.347 346.723
351.256 349.464
350.728 351.208
345.422 350.846
337.846 351.680
326.229 351.115
316.151 348.693
329.957 347.159
342.441 346.429
346.646 346.154
346.451 346.052
349.081 343.956
343.522 342.878
335.467 345.215
309.088 258.745
353.532 263.018
