174.810 232.371
178.957 251.893
182.036 265.947
185.397 280.328
190.872 293.238
205.968 303.167
228.088 313.238
255.510 323.602
281.978 330.412
302.196 327.306
312.714 321.902
318.957 315.194
319.914 309.408
317.592 299.428
318.211 285.077
319.221 273.163
321.809 255.896
216.389 178.363
228.266 172.287
242.061 170.355
254.312 172.345
266.197 178.099
305.500 186.581
315.084 186.391
324.052 189.743
330.477 195.080
334.455 203.929
286.385 192.472
288.043 202.494
290.882 209.235
295.165 216.313
259.278 239.740
272.707 242.188
288.242 242.755
298.907 246.299
306.324 245.992
225.667 196.315
236.054 188.532
248.501 191.261
256.193 201.480
249.168 198.458
235.551 196.403
303.841 211.249
314.402 204.190
324.392 207.076
326.800 216.671
325.374 214.283
315.468 211.868
241.237 272.015
253.552 260.137
267.619 253.337
288.892 253.086
304.475 257.956
310.151 267.636
313.229 282.651
309.372 290.223
302.036 290.709
287.669 287.406
269.168 285.943
251.985 281.717
242.540 273.975
265.300 262.152
286.940 262.692
302.703 267.230
310.073 283.174
302.091 284.913
286.746 282.107
268.184 279.986
242.588 192.545
318.744 208.343
