223.412 264.888
225.591 287.480
223.537 306.050
218.089 322.645
214.556 334.838
204.022 346.328
196.783 354.117
196.010 357.610
203.278 357.856
220.327 347.977
244.487 335.937
271.960 318.359
297.629 300.712
314.624 282.528
322.573 258.751
324.914 237.199
325.968 207.628
171.429 231.247
165.988 223.736
165.703 218.029
168.045 215.238
172.981 214.898
190.685 201.277
196.787 193.860
206.536 188.855
217.949 186.354
234.285 188.630
181.901 222.036
175.509 238.074
168.185 252.323
162.007 267.410
181.862 290.826
178.265 292.018
180.529 288.256
191.111 284.609
204.487 275.881
174.601 245.081
170.625 238.314
176.078 234.958
184.184 237.849
177.836 242.962
172.674 247.119
205.734 221.726
204.607 214.944
210.504 210.882
222.443 213.471
213.743 220.960
207.032 223.781
183.399 323.328
177.960 315.376
175.108 308.693
177.664 303.278
191.438 299.132
204.975 300.992
215.653 306.064
208.578 311.925
195.804 319.627
186.622 323.026
182.816 325.701
183.891 325.004
187.089 322.109
184.270 316.189
185.757 312.739
199.363 307.898
216.048 306.234
195.322 310.035
186.443 314.130
183.191 317.210
174.705 238.833
210.747 215.085
