179.521 251.804
178.817 274.991
173.708 293.682
168.860 312.195
168.465 327.699
173.210 341.026
182.385 351.687
193.378 361.217
216.434 365.788
247.001 355.940
274.803 343.653
302.755 333.538
323.093 324.299
331.606 309.737
334.200 289.521
332.766 269.993
333.817 244.966
166.216 218.662
170.762 212.731
179.157 208.620
188.749 208.186
199.959 210.867
242.227 210.579
255.922 205.354
271.764 203.470
285.690 204.975
298.905 210.262
219.239 224.295
216.015 235.956
212.316 246.431
208.888 259.627
197.814 282.184
203.862 283.764
216.487 281.455
234.690 273.376
250.221 263.081
176.983 238.137
180.242 231.153
191.185 230.834
201.573 236.945
190.259 239.590
178.780 241.370
253.130 233.023
261.587 227.024
274.444 225.530
285.182 231.755
276.623 234.181
261.795 233.332
188.638 312.897
190.272 305.895
198.337 299.003
217.035 293.209
244.027 289.710
263.451 292.382
276.102 296.529
261.717 301.144
240.355 309.369
216.693 316.396
199.898 319.461
191.867 317.361
192.677 312.868
199.717 308.570
219.911 303.789
248.349 298.908
270.304 297.666
241.098 301.331
217.634 306.667
200.605 311.465
189.422 233.403
272.631 228.988
