194.131 288.795
191.783 311.002
187.397 329.618
178.848 349.362
172.448 366.482
160.712 382.417
155.121 394.064
152.135 404.568
159.463 411.065
178.879 399.682
205.739 385.652
234.484 368.593
259.656 351.095
277.579 333.367
290.477 310.233
297.269 288.530
304.791 260.986
149.151 249.961
145.512 242.737
145.898 237.701
148.983 236.366
154.644 237.979
176.410 228.444
184.842 222.389
196.365 219.962
208.259 220.768
222.474 225.922
162.643 246.974
154.531 261.719
145.070 273.897
134.088 288.695
152.934 307.446
151.022 310.465
154.567 310.700
167.724 307.264
184.897 298.114
154.219 265.593
151.494 258.214
158.042 257.454
165.294 264.453
155.198 266.671
150.255 267.949
190.789 256.437
193.067 244.632
201.295 243.000
211.919 248.515
201.034 253.763
191.828 256.374
157.142 345.311
151.657 331.803
148.295 326.179
153.240 322.710
169.040 321.469
186.433 324.493
200.992 336.488
185.879 355.637
168.395 369.188
154.915 374.401
149.733 373.939
152.079 363.290
158.736 347.653
153.754 332.267
157.019 329.270
175.680 327.148
199.520 337.898
172.728 360.014
159.329 367.938
153.258 365.326
154.067 262.180
196.366 249.353
