180.082 268.752
187.773 294.367
198.092 313.664
209.964 332.466
221.996 346.888
245.169 355.453
271.606 361.606
298.865 366.273
324.931 367.355
344.720 362.650
354.763 356.658
360.494 348.861
360.269 340.441
356.670 327.217
354.311 307.423
353.679 288.768
350.638 264.594
235.269 222.269
248.456 215.026
262.616 211.365
274.499 211.732
285.690 215.897
321.805 214.978
331.107 211.043
340.544 211.088
348.802 213.985
354.305 221.472
304.937 231.024
310.383 246.207
316.552 255.930
322.920 267.238
291.483 294.181
305.707 295.417
320.205 293.209
331.071 295.105
336.577 290.390
251.324 240.277
261.763 231.206
273.425 232.577
279.684 240.043
273.806 242.453
262.345 243.607
323.036 239.212
331.702 230.503
340.481 231.427
344.526 239.735
342.314 242.521
331.815 241.544
289.669 323.441
299.220 316.384
310.508 312.239
326.476 309.650
338.329 311.357
344.625 314.513
347.276 319.724
344.137 324.728
338.275 329.552
328.445 330.144
313.306 330.022
297.873 327.618
290.993 323.557
308.346 320.127
325.321 318.150
336.885 318.937
344.004 320.353
336.048 320.344
326.569 320.873
311.079 321.955
267.873 234.514
334.647 233.905
