162.883 286.209
170.516 307.520
178.096 324.573
185.634 344.199
193.961 361.029
208.762 378.262
228.528 390.757
249.547 399.130
270.153 401.144
286.133 389.845
296.870 375.860
305.654 358.491
307.903 339.428
305.340 321.010
302.552 301.619
303.099 283.633
305.101 259.656
194.724 290.402
205.772 289.305
218.543 287.616
230.535 287.627
242.781 289.149
279.370 283.025
289.600 277.933
299.494 274.009
307.263 271.339
312.735 269.182
262.281 299.861
266.743 316.682
271.350 332.706
274.735 349.296
244.188 347.449
256.186 354.499
269.195 355.427
279.044 350.300
284.233 340.828
208.731 306.664
217.017 306.180
229.626 303.924
236.532 304.218
230.320 307.769
217.436 310.305
279.715 297.982
287.392 296.376
298.792 293.502
302.958 291.049
298.129 297.719
287.651 299.287
233.166 370.522
241.643 370.849
254.234 370.394
271.949 367.942
286.646 363.115
293.561 358.528
294.955 356.657
291.309 367.156
285.166 378.337
271.844 385.293
256.208 385.083
243.521 378.038
235.937 369.133
252.977 373.355
270.916 372.148
285.118 365.662
292.411 357.021
283.453 371.071
270.560 375.710
255.516 376.554
222.753 304.065
293.138 292.808
