202.510 250.534
209.947 276.088
212.970 298.387
218.273 321.104
226.952 338.816
244.025 357.512
265.779 373.677
287.757 385.131
304.811 388.668
320.071 382.872
331.865 371.471
339.300 356.974
339.913 341.157
339.840 323.606
340.811 300.937
344.788 282.849
352.432 259.281
268.659 243.509
283.687 242.896
298.419 243.997
309.698 247.023
319.520 251.216
352.500 257.323
361.961 254.726
370.310 253.514
376.714 253.592
379.290 254.410
334.651 266.853
335.032 283.758
336.827 298.186
340.408 312.384
307.240 323.082
317.264 327.062
328.167 327.965
334.527 325.164
339.245 315.902
278.226 262.907
289.769 256.969
301.145 260.239
304.265 268.555
298.890 270.663
288.210 269.899
342.081 271.473
350.294 270.458
360.946 268.619
361.411 270.211
359.047 274.793
351.712 274.891
290.910 348.644
301.512 345.492
311.398 343.249
324.160 341.749
334.447 341.342
338.828 341.091
338.447 343.203
333.628 348.774
328.557 355.429
319.852 359.295
307.861 359.215
297.338 354.691
291.133 348.035
307.112 348.213
319.836 346.551
329.427 344.654
335.445 342.471
328.676 346.487
320.471 349.821
309.519 350.902
292.392 261.276
354.097 265.411
