176.121 280.279
178.340 302.565
179.270 320.413
174.412 344.177
172.345 365.601
171.390 389.044
171.237 413.793
174.806 434.135
187.536 446.658
211.341 440.003
235.658 422.929
258.620 398.916
278.041 378.813
287.815 357.038
293.851 331.444
299.979 312.165
308.574 287.236
140.263 265.282
140.103 262.276
143.830 261.180
149.007 263.066
157.133 267.350
187.710 269.952
198.871 266.700
213.355 265.751
227.022 267.142
241.388 270.191
171.657 281.371
167.087 297.428
161.909 311.893
156.309 330.327
161.308 337.509
162.487 344.773
171.756 348.600
188.814 348.763
203.290 338.652
150.451 284.830
149.569 277.538
158.968 280.400
167.323 288.356
156.251 292.262
148.197 292.441
205.456 290.956
212.401 282.806
225.720 283.382
237.542 290.294
225.365 298.574
210.945 297.802
166.014 373.125
158.149 361.752
158.601 358.866
170.562 361.129
192.044 364.061
209.029 369.826
221.398 382.180
213.854 400.475
197.591 412.235
180.450 414.704
169.952 407.709
168.508 394.313
168.531 375.213
163.268 363.610
174.651 366.820
196.821 369.849
221.413 382.311
197.765 405.592
181.456 409.342
171.258 402.086
155.541 285.932
220.384 290.233
