199.979 247.100
195.549 267.389
193.165 283.969
185.916 298.052
182.483 309.321
179.871 316.049
177.652 321.942
179.759 326.983
193.551 330.886
218.031 326.694
246.942 323.378
277.264 317.097
303.728 308.868
318.427 294.739
326.043 272.518
331.036 252.511
333.159 227.555
174.488 204.285
174.100 195.967
178.093 189.863
183.650 186.888
191.371 186.366
225.546 175.907
236.656 171.090
249.967 169.504
263.448 170.911
278.079 178.896
204.412 189.582
197.361 200.130
188.830 211.681
181.214 224.938
184.129 250.424
183.109 251.211
189.387 250.433
202.336 249.274
217.236 245.482
183.059 215.393
183.123 206.942
191.191 205.173
200.191 211.102
191.544 214.628
183.176 217.220
237.677 200.615
242.613 190.386
252.163 189.362
264.274 195.979
254.428 200.504
243.160 201.974
180.223 286.310
174.578 277.063
175.401 270.611
184.086 269.427
200.930 268.052
213.737 274.205
227.921 283.412
218.099 285.097
203.171 286.635
188.672 288.669
179.709 288.922
178.837 287.790
183.095 285.452
181.267 278.863
188.846 278.004
205.534 276.866
225.981 282.010
203.893 280.242
190.364 282.743
182.223 282.575
187.418 208.512
248.315 193.031
