154.187 273.878
160.982 295.202
165.406 312.717
172.005 326.031
179.704 336.163
190.017 342.142
205.091 343.980
222.843 343.720
245.573 342.064
269.955 333.895
288.788 326.308
304.042 316.660
311.210 307.872
315.009 296.993
316.964 279.956
315.491 262.172
316.015 238.046
159.832 216.107
164.809 205.377
173.971 197.725
183.723 193.814
194.776 193.268
230.074 183.607
240.330 178.978
252.798 177.910
264.350 180.092
275.155 188.386
213.771 200.424
214.190 211.680
214.760 221.176
218.285 231.722
207.647 263.031
216.276 261.955
228.859 258.740
241.930 255.044
250.595 252.265
172.340 229.926
177.269 221.596
188.610 217.613
197.555 223.146
189.086 226.811
178.265 230.247
240.729 212.884
245.188 203.591
257.091 201.033
266.766 207.648
259.811 210.887
247.523 212.516
209.455 299.489
212.656 288.105
220.360 279.383
237.126 273.950
253.470 272.475
262.899 275.673
273.597 285.868
270.058 294.119
261.204 300.275
247.295 304.141
231.298 303.242
218.727 302.569
211.368 300.457
221.711 286.744
238.826 281.050
256.193 278.748
271.978 287.035
259.406 293.090
246.175 296.222
229.640 297.678
185.199 222.073
255.088 205.734
