219.897 261.753
229.108 286.737
233.082 307.229
230.041 323.905
228.759 338.717
220.452 355.484
213.913 367.944
211.596 378.919
218.685 384.942
232.252 380.616
255.418 370.987
280.746 357.530
301.484 339.114
313.296 321.761
318.065 302.413
321.112 279.838
322.860 249.556
165.478 251.240
158.850 248.992
157.093 247.895
159.245 249.087
164.802 252.132
186.963 248.692
194.946 243.574
207.466 240.026
221.316 238.672
238.497 239.696
175.907 263.094
172.984 280.417
168.520 297.300
165.442 316.862
185.741 315.888
184.535 323.140
187.405 326.466
196.602 323.154
207.211 312.513
175.658 269.317
169.244 264.692
174.671 263.473
184.168 268.514
177.701 275.317
173.422 276.449
209.768 266.505
209.962 260.502
219.193 259.252
234.038 262.516
224.729 271.592
213.237 272.991
198.885 341.634
192.469 341.386
189.989 341.869
193.909 342.658
203.990 341.436
216.394 340.680
229.773 340.247
219.550 345.432
207.689 350.045
200.455 351.190
197.095 349.273
198.690 345.182
201.475 340.367
197.205 343.519
201.153 344.865
212.455 343.267
229.309 338.834
208.711 344.191
200.474 345.496
196.943 343.891
173.646 267.268
216.626 262.996
