195.229 260.233
200.424 288.219
205.159 310.773
213.868 333.267
222.994 352.654
244.673 370.387
271.847 384.997
299.235 396.866
320.702 403.541
332.875 397.825
333.538 389.072
329.781 376.425
322.460 361.734
316.114 343.437
315.130 320.943
318.314 302.666
324.158 278.918
279.939 251.650
296.127 251.461
311.087 252.088
321.698 254.368
329.244 257.336
355.648 260.532
363.517 259.587
369.066 260.032
371.337 261.346
368.874 264.149
341.775 268.485
347.517 284.742
351.831 301.035
355.622 321.028
309.335 319.406
321.742 329.261
336.107 336.548
341.948 332.815
342.883 323.453
285.741 271.529
296.939 270.332
306.332 271.778
308.437 274.665
306.052 275.666
296.505 275.484
339.220 277.997
350.382 277.932
357.233 278.326
355.719 280.196
356.210 283.309
349.858 282.373
286.096 347.866
297.520 346.227
312.655 346.862
331.502 350.606
341.949 350.250
343.544 351.636
340.858 354.447
340.566 360.723
338.438 365.441
329.959 366.585
317.059 362.516
301.482 356.217
288.967 349.174
306.374 350.962
325.717 354.596
336.169 354.493
338.279 354.650
336.440 357.360
328.899 358.572
315.353 354.718
300.844 271.222
352.780 278.551
