175.126 264.728
176.188 291.142
176.524 311.967
168.917 330.814
165.333 346.102
159.171 360.058
161.327 370.987
170.363 378.203
185.076 383.537
207.065 380.942
232.375 377.566
260.906 368.085
284.083 355.139
299.775 340.103
310.617 319.827
319.585 299.011
328.734 271.192
149.688 226.536
150.886 221.004
157.678 218.299
165.425 218.230
174.509 220.811
211.578 221.186
223.553 218.980
237.491 219.563
251.121 222.005
266.073 228.718
189.023 232.965
181.479 248.809
173.850 265.389
169.197 285.083
168.113 299.977
171.742 305.532
180.402 307.116
194.676 307.686
209.282 300.874
158.669 240.888
159.602 234.445
170.646 235.906
176.549 241.324
169.041 244.730
160.358 245.600
223.207 243.188
227.370 237.171
238.974 238.893
249.739 245.139
239.995 249.292
228.421 248.249
159.665 337.910
158.866 332.596
163.682 329.183
173.460 328.967
186.611 330.525
196.188 334.892
205.957 340.418
197.101 342.147
186.652 343.177
175.556 342.834
166.624 341.820
162.481 339.693
163.445 336.805
167.333 334.995
176.471 336.138
189.636 336.623
205.597 339.459
189.557 335.979
178.016 335.382
168.704 334.723
163.613 237.175
232.974 240.170
