224.949 234.814
225.118 257.318
223.301 275.996
212.978 297.612
206.361 314.688
195.154 331.478
184.438 345.594
177.595 357.498
180.989 366.405
192.863 365.155
215.311 361.409
243.899 353.152
271.648 339.808
288.335 319.655
297.872 293.617
301.717 272.459
305.048 245.279
163.239 221.844
157.992 219.711
157.172 219.578
158.813 221.645
163.344 225.915
177.041 226.915
181.357 223.296
189.912 222.248
200.412 223.123
215.799 227.045
174.598 240.713
171.721 259.510
166.020 273.711
160.922 286.614
170.417 291.592
169.137 298.464
171.662 301.393
177.763 301.877
188.122 298.063
167.728 238.172
162.434 234.789
167.164 236.090
173.200 243.296
167.454 246.398
163.439 244.708
191.549 246.970
190.797 239.712
197.801 240.144
210.198 244.935
199.452 251.871
192.444 251.460
164.322 319.786
159.968 315.110
159.833 311.345
163.817 312.243
168.810 313.797
172.794 319.139
182.357 325.117
176.256 330.199
168.672 334.324
164.506 333.694
161.382 331.781
161.958 325.796
167.157 319.790
163.202 319.123
166.418 319.420
170.749 321.786
183.820 324.770
170.821 326.419
165.029 325.619
161.202 323.782
164.859 238.647
194.983 243.799
