203.953 226.861
207.276 250.324
209.810 268.779
204.906 285.128
200.235 301.310
191.483 321.702
187.402 340.874
185.906 358.473
193.737 370.499
210.614 373.683
233.763 369.217
258.794 359.721
279.329 343.230
292.219 326.427
301.544 309.897
307.347 293.035
315.260 269.948
157.175 241.444
153.945 245.871
155.279 250.527
159.726 255.757
166.719 260.873
187.597 270.090
195.256 270.849
206.428 272.134
218.904 273.292
234.830 273.472
173.684 275.577
169.646 291.497
165.815 307.072
162.422 324.756
181.246 310.946
180.113 320.837
183.273 329.685
193.512 328.787
203.069 321.812
170.224 258.245
167.469 261.137
174.251 263.357
183.286 266.336
174.033 267.272
168.775 264.328
210.553 276.110
212.140 280.518
220.296 283.037
230.576 283.598
223.393 286.088
212.950 282.597
183.653 322.131
181.246 322.827
181.669 329.233
188.602 338.469
200.409 340.973
210.488 340.399
218.334 340.892
207.737 345.610
195.790 346.543
189.921 343.125
183.200 337.644
182.250 329.709
185.835 322.039
185.451 329.438
192.905 338.761
205.582 340.991
219.288 340.444
198.365 341.546
191.359 337.868
185.132 332.831
171.650 261.744
217.858 280.455
