166.098 259.542
167.350 283.312
168.900 303.505
164.973 325.126
162.227 344.456
160.115 367.148
161.937 387.964
169.476 406.526
186.455 419.353
209.327 417.285
231.598 407.005
253.026 389.474
269.469 368.347
279.414 348.292
288.576 326.799
298.925 308.215
308.593 284.365
162.413 243.088
168.730 239.288
179.053 238.773
189.046 241.813
199.510 248.057
242.768 253.170
255.975 250.488
269.864 251.967
281.420 256.047
290.146 263.293
215.472 269.451
209.047 292.425
203.809 310.899
197.680 331.094
188.796 328.285
193.293 337.465
202.436 343.629
216.442 344.912
228.265 335.797
172.997 269.856
178.798 264.007
190.050 265.179
198.392 276.242
188.081 277.308
177.719 276.061
241.919 282.902
254.432 275.271
265.934 278.442
272.225 286.998
263.714 290.341
250.666 287.762
172.536 359.035
178.977 355.104
184.693 355.114
196.841 359.664
212.384 364.387
223.649 368.978
227.943 375.665
214.422 384.736
197.937 390.846
185.547 389.417
175.047 382.859
171.575 371.993
173.109 359.063
186.155 358.194
198.562 362.566
213.573 367.758
226.345 374.080
200.150 380.757
187.076 381.069
178.476 374.425
186.904 267.555
260.187 279.787
