191.003 278.241
195.389 299.116
198.871 314.028
199.347 330.983
201.528 344.456
209.489 352.829
220.502 357.627
232.824 360.576
251.592 361.247
273.507 357.527
291.547 353.853
310.129 346.740
324.780 337.184
330.413 323.765
335.347 304.633
341.538 289.197
344.530 266.414
190.788 235.493
197.103 227.954
206.861 222.732
216.615 221.338
227.561 223.176
266.973 218.851
278.419 215.070
291.332 214.736
303.354 217.014
315.030 223.494
246.857 231.715
245.224 242.156
242.803 247.032
239.957 253.952
227.230 280.067
233.977 280.842
244.506 279.165
257.819 278.786
267.423 275.595
201.030 253.971
205.393 243.370
218.649 242.407
229.230 249.173
218.480 251.550
205.434 253.493
272.093 245.338
280.545 235.536
294.547 234.653
302.925 243.446
294.723 244.798
281.226 245.703
221.258 314.069
223.024 302.405
229.386 293.978
244.586 289.014
260.367 292.036
270.680 299.418
277.159 310.402
270.343 318.377
260.328 323.995
245.373 326.885
232.141 325.616
225.966 320.979
225.667 313.400
232.619 305.128
245.531 301.161
259.268 303.099
273.094 310.075
257.968 313.553
245.954 316.335
234.297 315.057
213.462 246.647
288.196 239.537
