177.698 214.659
180.423 239.063
179.595 259.082
172.244 282.370
168.798 302.586
162.863 327.493
158.612 353.362
159.503 376.577
170.065 392.011
188.287 395.173
213.692 388.032
241.723 375.010
266.655 358.034
281.809 338.919
291.082 317.870
296.515 300.001
300.676 275.275
123.285 237.515
119.244 243.064
120.046 250.196
123.858 258.164
130.937 266.925
162.612 284.781
173.520 284.865
188.099 285.315
203.545 286.261
221.520 287.373
145.587 286.773
142.627 302.947
137.766 318.281
133.705 335.814
145.193 321.313
143.648 333.301
148.728 342.374
161.030 343.606
174.136 336.699
133.304 259.514
129.208 261.014
136.159 266.254
145.927 274.057
137.969 276.393
131.689 271.131
183.674 293.426
185.456 294.022
195.074 298.093
209.766 302.002
198.728 307.746
187.508 303.234
145.101 341.231
142.016 345.112
141.775 350.135
148.353 357.208
162.308 362.461
175.875 365.592
188.251 367.647
178.434 371.299
165.882 373.976
154.424 371.085
146.867 362.802
145.442 352.135
147.897 341.685
147.379 352.833
153.534 361.404
168.648 365.242
187.174 365.602
165.677 366.584
153.984 364.019
146.567 355.876
133.125 267.838
191.646 299.908
