159.287 260.511
168.509 289.491
175.979 312.604
191.253 333.734
206.527 350.828
233.175 366.618
263.823 376.552
291.797 384.357
313.473 386.627
327.403 373.305
331.296 357.314
331.142 338.197
323.115 319.092
315.613 300.692
310.411 278.462
309.235 257.276
310.283 229.036
239.701 235.560
256.898 230.614
273.295 227.469
285.578 227.082
295.480 228.536
326.734 222.035
334.497 216.590
340.526 213.162
343.791 211.901
343.341 214.127
313.400 239.453
320.849 258.819
328.718 275.669
335.434 294.884
292.038 308.385
305.419 313.571
318.666 312.865
324.858 309.252
323.830 297.102
257.776 254.014
270.133 248.255
279.272 246.747
281.698 250.199
278.740 256.709
268.173 259.193
317.646 241.854
328.748 235.486
336.290 233.428
336.157 237.131
336.904 243.566
330.776 246.017
278.146 340.883
288.675 337.617
302.329 334.442
319.391 331.641
329.094 328.072
332.165 326.615
328.785 329.008
329.163 336.267
325.727 344.803
318.487 347.029
306.980 347.168
290.804 344.764
279.382 340.510
298.088 338.738
313.888 336.719
324.447 332.165
326.092 329.850
322.489 334.009
314.611 336.052
302.906 337.525
273.594 251.391
332.384 238.361
