253.650 253.516
258.259 281.162
258.805 304.467
251.089 325.564
244.554 343.015
228.989 363.008
212.427 380.157
198.563 393.310
195.375 401.879
203.423 405.576
223.243 404.222
246.237 396.757
268.296 381.144
281.435 363.708
286.159 340.310
286.712 315.035
282.129 282.045
181.226 262.176
171.193 263.057
166.273 264.827
164.682 268.110
166.170 272.876
168.514 278.641
169.296 277.024
174.123 276.996
181.332 278.445
194.886 281.056
171.662 287.997
167.990 304.731
161.184 320.289
156.527 336.647
187.928 332.141
182.354 340.658
179.872 345.957
184.946 346.122
192.450 341.513
185.239 278.416
176.442 278.330
178.487 280.543
183.712 285.185
180.321 288.537
181.349 286.326
187.844 293.996
180.253 292.849
184.147 293.774
195.391 296.465
188.401 303.172
185.582 300.557
200.141 357.206
190.419 357.258
183.379 358.149
182.056 362.099
186.324 365.025
195.581 368.810
206.272 371.792
197.860 372.351
188.853 372.158
186.208 370.243
186.239 365.630
193.113 361.056
201.153 356.647
188.802 362.667
186.123 366.877
192.420 370.015
206.794 370.083
190.899 369.682
186.983 367.104
188.056 363.339
178.449 281.046
184.322 294.945
