181.612 264.553
189.503 290.513
195.329 310.928
198.898 329.206
203.164 344.005
210.363 357.284
226.593 367.117
249.221 374.094
277.196 375.678
305.145 367.773
327.694 358.120
344.649 345.249
350.921 331.785
353.670 316.165
356.780 293.549
359.969 271.842
360.525 243.212
197.319 222.370
204.542 214.752
216.903 210.378
229.103 209.710
242.323 211.903
285.112 206.170
297.603 201.007
311.545 199.000
323.682 200.210
332.653 206.882
264.513 222.445
265.151 237.395
265.616 253.903
267.666 271.258
243.664 289.194
254.672 293.286
270.017 294.146
285.343 290.853
296.317 283.474
215.693 235.785
222.093 229.479
233.629 228.535
244.454 235.435
235.138 238.559
221.059 239.255
288.009 230.535
297.958 221.439
309.463 220.426
316.303 225.079
312.227 228.955
299.595 231.666
235.784 326.388
242.910 319.654
253.631 315.679
271.733 314.374
289.173 311.987
299.704 314.903
310.757 320.299
302.779 327.755
289.154 332.676
274.874 334.309
259.086 335.063
244.623 332.423
238.465 326.491
253.654 319.387
271.896 317.389
290.064 315.895
308.687 320.825
287.963 325.081
274.160 328.432
259.171 327.833
229.979 229.005
304.832 221.005
