192.123 276.685
195.220 303.655
197.946 325.708
206.572 349.448
215.938 368.005
235.159 386.188
262.238 397.847
289.887 405.404
310.536 408.125
321.868 399.958
324.225 389.244
324.778 374.536
320.458 356.925
317.425 338.145
318.238 315.035
320.920 295.497
320.515 269.295
272.559 273.024
287.830 272.287
302.169 271.154
312.764 271.571
321.298 273.601
349.080 274.670
356.119 271.604
361.643 269.668
364.835 268.825
362.294 268.616
334.410 283.406
336.659 299.707
340.832 315.785
346.191 333.865
303.756 338.825
314.828 347.917
328.492 352.132
333.656 347.294
332.777 335.927
279.404 284.652
290.481 281.784
299.364 281.537
303.352 286.752
298.285 288.889
287.355 288.013
336.181 285.536
345.201 282.021
352.614 279.529
351.375 281.183
352.827 284.857
346.200 287.435
285.724 367.399
296.030 364.963
309.859 364.237
327.427 365.730
336.306 360.852
335.971 359.080
331.908 361.421
331.966 368.092
330.092 375.351
322.386 378.039
310.162 376.712
295.978 372.133
288.481 367.477
305.646 368.104
323.229 366.904
331.514 364.585
329.918 362.102
329.891 365.697
322.127 367.125
310.111 367.549
293.027 280.428
347.734 278.690
