177.312 255.604
179.054 282.699
181.058 304.015
187.025 326.865
195.428 346.530
212.068 369.372
236.208 386.730
259.778 401.157
281.557 407.476
300.648 398.370
313.856 382.092
326.404 362.128
331.484 339.371
334.766 318.934
339.850 298.503
345.936 279.191
352.657 252.611
232.167 271.190
246.180 273.724
261.608 276.370
274.342 279.090
286.137 281.648
328.645 277.428
339.700 272.931
349.507 268.911
356.251 265.762
358.625 263.866
306.189 292.918
306.667 313.417
307.376 334.015
307.881 354.822
273.434 339.678
283.399 349.562
296.781 354.902
305.326 349.560
310.830 337.939
245.389 283.872
255.912 285.008
268.262 284.376
272.336 287.438
264.887 290.456
254.512 291.062
320.851 284.331
331.336 279.740
341.679 279.323
344.275 280.025
339.842 286.977
330.202 288.374
255.640 361.973
264.759 362.299
277.046 364.565
295.149 367.753
308.018 364.171
312.861 361.587
314.282 361.378
309.978 367.830
302.405 375.596
292.579 376.936
278.136 374.540
264.586 367.714
257.657 360.732
273.916 365.452
290.812 367.981
303.880 365.173
311.333 360.280
303.630 366.687
292.540 369.280
276.644 366.664
255.185 283.768
330.336 281.540
