181.755 246.331
185.092 271.281
185.187 293.906
185.428 322.846
192.099 346.342
204.439 372.247
218.561 397.400
235.032 417.893
256.639 427.919
280.007 420.963
300.435 402.992
319.990 378.654
337.798 355.388
348.652 332.065
352.862 304.845
353.445 283.122
356.960 257.823
183.713 251.563
191.666 251.026
203.077 252.435
214.120 256.089
226.342 261.372
271.483 263.904
284.667 259.574
299.417 257.042
312.527 256.715
324.540 258.447
247.742 278.440
245.303 296.698
242.010 310.624
239.694 328.081
221.013 329.000
229.875 338.305
244.336 344.432
262.387 340.567
276.654 331.396
199.024 271.194
204.238 271.316
216.187 271.993
226.156 277.485
216.585 281.435
203.997 280.340
278.372 280.885
288.597 277.208
301.348 277.946
309.409 278.960
300.289 287.003
286.671 286.765
218.421 365.748
219.297 359.651
227.049 359.270
245.460 361.867
267.119 361.648
280.546 362.464
288.789 368.669
284.542 388.059
272.302 403.327
253.858 408.290
235.449 400.998
225.746 385.476
220.725 366.761
228.468 361.907
247.700 365.436
270.015 365.153
287.202 369.205
270.930 393.392
252.838 398.717
235.820 392.206
208.787 275.697
291.820 281.946
