181.959 250.145
183.638 277.349
184.356 298.989
188.097 319.471
193.436 335.021
202.813 349.039
220.055 358.747
238.794 366.333
259.829 371.789
283.742 367.800
306.207 362.774
328.335 354.189
341.493 341.816
349.671 327.042
356.016 305.408
358.670 284.474
363.905 256.870
203.588 215.044
212.833 208.655
224.654 205.549
235.687 206.027
247.378 210.115
288.023 210.886
299.552 208.013
312.099 208.628
323.442 211.471
334.843 218.603
266.000 222.701
264.390 236.275
263.543 250.944
261.677 265.175
241.232 287.120
249.256 291.321
262.030 290.855
275.111 292.683
285.902 288.472
214.171 235.973
220.648 230.041
233.630 230.946
242.941 239.466
231.535 240.536
219.527 239.052
291.168 242.186
299.940 232.864
312.325 233.710
321.029 240.571
313.427 243.665
300.017 243.977
233.950 324.162
237.811 314.977
245.567 308.373
260.267 305.388
274.915 308.109
284.384 315.403
290.397 325.810
282.735 330.312
270.828 334.348
257.863 335.547
244.893 333.340
237.813 328.516
237.293 323.856
247.737 319.447
260.620 316.870
273.893 319.331
286.927 325.040
271.384 322.126
258.991 322.777
246.642 321.941
226.790 233.783
304.979 237.646
