196.853 281.765
207.067 302.186
214.551 317.008
225.514 331.946
236.196 345.180
255.256 358.167
280.310 362.319
303.905 364.875
323.640 362.903
335.937 351.530
340.088 339.682
343.181 326.284
337.628 310.434
331.876 295.523
329.250 278.787
328.918 263.730
330.111 241.875
241.602 263.738
254.178 259.385
267.431 255.436
278.618 253.845
289.072 254.130
319.383 245.573
327.139 240.557
334.940 236.942
340.488 235.284
342.702 235.509
308.332 261.608
315.842 275.072
323.442 287.472
331.967 303.123
298.526 308.917
309.058 312.874
321.189 312.828
325.953 307.155
326.179 297.223
257.698 275.930
265.190 270.955
276.899 268.437
282.420 271.952
277.045 276.834
266.619 279.345
312.735 263.059
319.715 256.140
329.144 252.971
331.728 255.360
331.023 260.292
322.802 263.686
290.971 335.911
300.830 332.534
312.742 328.826
322.787 325.026
329.898 321.676
333.190 319.407
335.539 318.089
333.474 324.420
328.791 330.361
322.727 333.413
313.729 336.416
301.301 336.839
292.280 334.523
308.216 331.861
319.731 327.354
327.112 323.602
332.512 318.435
327.784 323.636
320.799 327.299
310.277 330.735
267.095 272.900
321.679 257.324
