194.748 270.231
202.648 292.842
207.090 311.691
208.091 332.802
211.078 349.587
212.883 367.337
218.475 382.447
230.616 390.622
247.907 393.082
270.507 386.510
293.592 375.972
314.491 358.167
329.648 338.794
337.349 319.054
341.046 295.175
342.852 275.513
346.703 249.667
170.198 258.953
174.031 255.960
183.147 254.630
192.517 255.894
203.234 259.077
239.661 254.042
249.736 248.505
262.546 244.560
275.860 242.272
291.231 242.486
224.302 269.153
224.816 285.774
224.604 301.160
225.600 317.732
216.730 325.594
224.028 330.282
234.771 329.847
249.310 326.731
260.215 316.019
187.150 271.853
189.100 266.933
200.702 267.306
209.277 273.574
201.273 276.614
191.041 277.590
252.120 267.543
256.990 259.974
270.052 257.473
278.235 260.371
271.401 267.784
259.858 270.183
219.577 352.352
219.059 345.609
224.415 341.155
236.006 339.337
250.321 337.445
262.143 339.793
269.553 344.864
263.446 349.925
251.944 357.411
239.065 361.058
228.862 360.377
223.236 356.324
221.941 350.960
227.877 348.521
239.018 348.070
253.044 344.479
269.137 344.155
249.400 347.530
238.658 350.768
229.633 351.116
193.749 270.772
262.402 262.324
