172.378 281.751
179.275 306.212
181.990 327.199
181.730 349.470
184.358 368.667
188.272 388.916
196.060 406.206
205.328 420.174
220.324 426.188
242.099 418.669
264.468 403.929
286.833 383.971
304.613 361.635
313.494 338.774
317.636 312.628
318.522 289.582
318.990 260.853
141.569 271.531
143.851 266.755
150.411 263.689
157.991 263.493
167.450 265.807
197.247 258.746
206.773 253.324
219.209 250.681
231.585 250.475
247.083 253.261
183.312 280.517
181.709 299.914
178.324 313.459
175.293 330.333
178.080 335.886
182.604 341.152
191.062 343.095
204.620 339.896
216.848 331.067
156.745 291.007
156.406 285.365
165.881 284.885
176.429 291.074
166.939 295.058
157.514 296.059
212.956 286.483
216.015 278.254
227.642 277.117
238.322 281.044
229.733 287.711
217.996 289.332
184.935 372.914
179.609 364.110
180.570 359.344
190.870 357.495
207.991 356.910
225.583 360.221
240.384 369.606
234.304 382.789
222.730 394.250
209.397 399.406
196.845 395.175
190.396 384.863
188.046 373.625
183.520 365.275
192.922 364.774
213.648 363.432
238.536 370.059
222.322 388.492
208.925 393.236
197.064 389.480
165.707 287.382
227.984 280.491
