147.682 244.570
147.755 270.704
148.282 291.892
148.871 318.966
152.731 339.792
163.629 361.665
178.219 383.771
196.355 402.625
220.415 411.955
246.117 403.319
267.941 386.524
288.935 365.414
305.230 345.552
312.733 323.859
316.147 297.237
317.244 276.016
321.524 250.118
155.073 232.124
164.742 228.892
178.123 228.526
190.270 231.385
202.664 237.116
246.309 237.728
259.272 232.889
273.574 231.412
286.413 232.694
297.872 236.971
222.786 254.653
219.899 274.199
218.101 292.251
216.045 311.138
195.450 320.096
205.759 327.351
218.107 329.448
232.103 328.226
245.129 320.801
169.777 249.730
176.895 247.108
189.022 249.659
198.624 256.771
189.299 259.046
176.037 257.921
250.997 257.623
260.933 251.841
272.708 251.141
281.670 254.652
273.128 261.386
258.236 261.364
189.554 356.137
193.452 350.399
201.706 347.626
216.851 348.794
233.875 348.417
244.428 352.368
252.331 357.435
247.089 368.852
235.028 377.928
217.825 380.554
200.964 377.241
192.490 368.078
191.896 356.598
202.829 355.773
217.212 358.869
233.920 356.694
250.047 357.462
233.985 368.827
217.684 370.801
201.860 367.804
180.970 252.655
264.230 255.731
