195.367 228.983
200.031 250.228
202.130 267.734
199.611 288.632
198.006 306.302
193.070 327.073
188.562 346.865
186.061 364.259
190.195 376.084
202.380 375.507
218.817 365.786
238.195 351.989
258.098 336.163
268.803 317.415
273.515 297.123
277.386 279.528
281.307 257.344
134.108 227.935
127.386 228.654
125.952 230.189
127.960 233.527
133.017 239.309
149.387 246.328
154.832 244.489
164.446 245.220
175.830 247.271
192.366 250.117
145.853 257.744
144.112 276.556
140.279 291.925
137.240 306.106
155.243 303.325
154.580 311.485
156.088 315.945
164.822 317.448
172.578 314.808
143.740 246.799
138.889 243.945
142.634 245.397
151.382 253.434
145.061 255.883
141.313 253.548
171.342 262.411
169.199 258.937
177.119 262.211
188.682 267.706
179.203 272.148
171.776 268.846
162.939 331.007
154.334 328.223
151.612 326.532
154.072 330.058
164.508 333.169
173.064 337.717
182.069 343.678
177.463 350.198
171.446 356.056
165.383 355.764
161.427 349.341
162.137 340.152
165.098 329.846
156.915 334.228
158.158 337.688
168.321 340.480
182.825 341.696
168.628 346.399
162.585 345.525
159.730 340.525
141.561 249.010
174.104 264.685
