172.002 275.562
179.408 296.424
184.406 314.140
188.066 337.801
194.440 356.228
201.636 374.960
214.051 390.616
228.249 405.426
246.913 412.759
268.175 402.526
286.837 385.269
304.724 364.591
317.536 342.503
323.048 320.651
323.590 296.947
323.078 277.716
321.981 253.433
153.395 278.956
155.496 277.865
161.150 277.265
169.051 277.785
179.804 279.159
213.078 272.498
222.696 267.609
235.079 263.993
247.142 261.458
260.700 260.551
199.094 289.308
199.104 306.907
198.583 323.702
200.207 342.123
196.480 335.369
204.288 344.316
215.348 347.942
228.813 343.479
241.241 334.577
165.884 292.065
166.590 290.149
177.048 289.264
187.291 293.347
177.828 297.558
168.742 297.925
229.807 286.513
231.692 279.716
243.046 277.334
254.133 278.818
247.225 286.520
235.502 288.750
202.040 357.935
200.416 355.879
205.179 357.011
219.368 358.960
237.526 354.784
253.594 352.088
268.203 353.735
261.763 368.736
249.516 381.150
233.809 388.359
220.158 382.788
211.537 371.639
205.061 358.782
207.665 360.426
222.554 363.704
243.581 358.145
267.131 354.511
249.194 376.334
234.022 383.634
220.286 377.589
171.732 291.431
238.326 281.168
