179.189 279.402
184.122 303.248
185.857 322.545
188.486 344.098
193.580 362.106
203.505 377.924
217.010 390.771
232.587 400.980
252.637 406.300
276.048 398.197
295.863 386.242
314.529 370.196
328.870 353.019
334.197 334.444
336.563 312.823
336.114 293.392
338.960 267.298
182.835 239.648
190.866 231.721
201.537 227.240
211.263 226.962
221.158 230.776
261.183 226.841
272.393 222.373
284.942 221.786
295.932 224.190
307.136 230.791
239.873 246.557
239.337 262.556
237.741 271.144
236.162 281.524
221.680 306.468
229.657 308.360
241.687 306.626
254.592 306.027
265.858 302.273
194.581 263.498
200.255 255.924
211.867 256.440
219.448 264.118
210.875 266.452
198.531 267.485
268.076 260.178
276.328 249.236
288.111 249.623
297.290 256.885
290.123 261.975
276.135 262.127
218.612 348.921
221.853 334.336
229.069 324.668
243.733 319.768
261.723 321.302
273.427 329.654
281.741 343.250
275.271 354.976
264.793 366.402
248.418 371.563
234.076 369.999
225.631 361.009
221.252 350.635
231.167 335.365
245.900 330.564
262.762 331.887
279.946 343.761
262.792 355.810
247.682 361.439
234.197 359.775
204.682 259.735
281.325 254.108
