157.226 266.198
153.388 291.506
149.664 312.266
146.346 331.043
147.021 347.138
147.247 364.157
159.689 377.984
177.423 390.415
200.728 398.095
229.362 394.964
257.473 387.994
283.736 375.794
297.135 359.534
307.626 344.616
314.727 324.328
318.427 303.733
321.819 277.673
161.904 231.467
168.327 225.721
178.352 223.214
188.524 223.811
199.588 227.552
239.653 229.403
251.991 227.077
265.312 228.081
277.147 231.090
287.962 238.428
216.426 241.788
211.535 257.399
206.489 271.551
203.214 287.780
182.895 300.025
191.957 307.714
206.340 313.175
224.575 309.905
240.937 305.061
171.130 247.625
175.678 248.281
184.474 248.549
195.303 249.943
186.066 251.031
174.534 250.072
244.290 252.759
252.655 253.353
262.828 253.124
272.251 254.161
265.530 256.325
250.364 254.235
171.419 333.811
176.098 329.901
184.563 328.951
205.459 331.060
228.482 330.979
243.590 333.922
254.903 340.484
243.072 351.313
227.533 357.341
205.019 358.526
185.322 352.707
176.544 344.467
174.500 334.908
186.191 332.250
205.998 335.525
231.029 335.591
251.273 341.238
228.189 354.162
205.170 356.393
186.272 349.302
181.509 247.098
260.840 251.594
