202.840 285.371
209.690 310.998
217.006 331.201
230.610 356.507
243.043 375.499
264.946 391.340
288.675 403.337
311.685 410.027
330.087 407.149
338.395 389.808
335.883 368.281
331.709 343.882
325.737 322.689
319.901 303.804
316.214 283.149
315.278 266.027
315.638 243.301
292.279 275.208
310.503 270.598
327.070 266.092
338.450 264.499
345.886 264.803
369.085 255.701
374.118 249.246
376.515 244.286
376.284 241.321
370.858 240.552
356.747 274.323
362.168 294.009
368.778 309.744
377.283 326.264
331.377 337.155
343.757 339.669
357.848 337.671
360.673 329.441
359.534 318.661
299.988 293.002
314.252 286.114
322.253 282.771
324.878 285.431
323.292 292.577
313.368 297.053
351.469 271.333
361.321 263.477
365.716 261.280
361.854 263.147
365.266 270.300
360.492 273.178
306.288 369.939
321.620 360.227
338.541 353.746
358.500 345.725
364.807 336.588
360.290 333.522
349.676 339.536
348.084 359.445
347.093 378.010
340.208 389.520
326.345 393.328
312.829 385.126
306.176 371.133
334.520 358.414
355.958 350.343
361.277 340.515
347.877 341.224
349.140 371.122
342.287 384.265
327.228 387.742
318.268 287.172
362.523 265.122
