191.730 244.888
194.235 266.651
194.430 285.198
190.782 306.901
190.328 325.772
188.587 348.316
196.344 366.647
204.173 382.751
217.709 393.080
235.356 388.973
254.711 378.718
279.640 365.612
298.895 344.747
312.037 325.836
319.967 304.101
323.679 284.317
329.027 260.799
177.348 234.836
180.895 232.335
187.153 231.847
194.282 233.903
202.923 238.836
236.456 241.895
247.746 239.097
260.177 239.005
270.930 240.915
282.965 245.620
216.337 255.389
213.843 272.613
209.332 287.660
204.943 303.809
203.323 306.109
207.201 313.653
214.011 317.822
224.076 318.702
235.021 315.423
183.039 253.840
185.296 251.923
195.864 252.659
202.282 258.487
194.563 261.224
186.573 260.863
242.297 264.588
246.830 259.541
257.345 260.777
265.560 264.695
257.645 271.152
246.964 269.523
198.051 341.588
198.900 336.780
202.340 334.839
209.797 337.428
218.025 339.755
224.660 344.674
230.701 351.497
224.659 361.763
216.408 368.287
209.520 368.334
202.287 363.659
198.616 353.933
200.093 341.472
204.953 342.182
212.428 345.457
220.046 346.772
230.785 350.148
218.832 356.573
210.962 357.775
204.162 352.956
190.199 255.555
253.016 265.554
