205.049 226.015
206.902 247.692
210.911 265.001
221.070 275.795
232.321 285.976
257.326 291.827
288.766 295.760
317.963 301.596
342.390 311.400
358.719 319.052
360.879 328.549
359.239 335.816
350.933 336.797
342.109 329.809
335.951 315.871
333.962 300.815
331.792 280.391
270.299 171.229
284.998 166.282
299.627 165.988
311.572 169.286
322.104 176.515
355.674 193.018
363.160 195.418
368.977 201.843
372.532 209.926
372.475 221.934
339.477 196.230
345.953 206.226
354.553 211.695
360.890 219.006
318.907 231.091
333.943 235.657
349.164 240.988
357.503 248.251
360.054 252.651
280.084 192.489
293.050 189.013
303.719 193.658
308.445 201.604
303.465 198.343
292.929 194.706
349.037 220.517
360.617 219.425
366.726 224.634
365.813 232.839
366.184 230.028
358.299 224.113
320.202 254.812
328.211 247.801
339.926 244.825
354.120 248.571
363.536 256.429
367.398 266.992
366.321 279.031
367.154 281.001
362.427 279.762
353.806 274.114
340.553 268.459
328.511 261.559
320.680 256.940
336.707 253.258
351.677 256.278
361.370 265.269
364.025 278.547
361.558 272.448
352.008 267.310
339.894 261.603
298.164 192.025
361.306 222.456
