156.846 253.497
161.482 280.404
163.607 304.972
166.279 330.599
173.841 352.230
183.010 376.841
193.362 397.646
206.134 414.411
224.961 422.853
246.887 415.255
265.052 399.257
281.774 377.209
296.629 351.662
306.395 327.175
309.328 299.538
309.753 275.976
312.833 247.358
129.615 237.082
131.987 232.857
139.240 231.676
148.067 234.008
159.316 239.442
200.577 237.558
213.185 231.275
228.313 227.830
242.317 227.507
256.686 231.455
180.647 258.008
179.514 277.800
176.853 292.379
174.639 309.892
168.221 312.658
174.504 319.118
185.572 323.142
202.737 318.825
217.374 311.017
145.882 259.502
147.444 256.667
158.375 256.125
168.629 260.800
159.947 265.373
148.353 265.954
215.344 258.491
220.887 253.189
234.194 253.253
245.152 255.626
237.612 262.109
222.683 263.157
174.975 360.907
166.678 346.535
168.137 339.101
184.347 338.215
209.088 337.723
226.426 343.529
238.885 358.176
238.817 378.159
228.752 395.179
212.456 402.738
195.335 395.120
184.491 379.868
178.315 362.261
172.978 349.376
186.926 347.755
212.055 347.485
236.188 358.873
223.442 386.755
209.260 394.528
193.671 387.040
152.645 258.865
226.401 255.846
