170.871 277.481
175.559 301.734
179.613 321.021
195.085 343.703
212.049 358.188
238.456 372.142
267.544 376.330
292.037 377.950
310.862 375.048
321.666 359.851
325.492 341.626
329.196 320.126
324.493 297.917
320.304 278.036
316.905 257.759
314.340 241.571
314.362 219.822
240.066 269.782
254.547 262.407
268.393 258.297
280.327 257.873
291.108 259.952
324.236 255.247
331.430 249.953
337.854 245.990
342.603 242.527
345.214 238.118
310.130 271.042
317.375 287.402
325.340 302.695
333.205 318.653
295.287 328.136
308.999 331.356
319.915 328.128
325.224 317.686
327.654 305.619
256.680 288.166
269.611 284.877
277.372 280.741
280.816 282.490
276.975 290.142
267.313 293.396
320.871 263.010
329.616 258.401
336.663 253.625
336.179 251.120
336.808 260.220
328.391 264.614
285.807 354.897
298.970 353.460
309.119 348.713
322.718 341.284
330.682 330.344
331.331 326.435
328.733 322.405
328.228 331.222
327.019 342.500
317.967 354.119
305.428 358.252
294.720 356.355
287.053 352.363
305.061 349.806
318.896 343.825
325.410 333.687
325.970 323.244
325.437 336.948
317.535 346.830
305.597 351.463
271.357 286.412
331.672 258.253
