159.354 226.386
160.183 250.157
163.161 268.619
168.545 285.132
172.958 299.003
185.437 311.907
202.171 323.954
221.742 333.365
241.491 340.795
261.551 339.600
277.019 337.018
288.710 329.897
294.987 322.217
298.657 310.551
304.486 293.923
309.470 277.509
314.947 255.235
200.700 191.670
212.205 186.888
225.630 186.928
236.576 190.328
246.602 196.759
280.435 202.245
291.222 201.389
301.358 203.671
308.792 207.950
312.558 215.872
260.977 212.564
260.956 225.636
261.182 237.655
262.078 251.859
234.046 262.321
243.665 268.737
255.645 271.415
264.488 272.378
271.947 266.856
210.091 209.386
220.285 203.048
231.884 208.127
236.800 216.061
230.294 216.074
217.532 213.413
277.654 223.049
287.125 216.780
297.590 220.923
300.865 229.407
295.981 229.183
285.427 226.258
225.862 290.123
229.421 280.869
238.098 277.889
255.371 280.346
270.087 282.377
276.505 286.822
276.093 294.524
271.514 298.716
263.549 303.192
252.712 302.209
240.528 299.160
232.908 294.512
227.114 291.075
238.892 287.169
253.449 289.836
267.146 290.736
273.988 295.559
264.150 293.893
253.572 293.771
242.415 291.398
221.750 206.915
289.637 219.814
