183.436 239.756
183.912 263.086
181.604 281.195
174.056 299.915
169.471 316.477
161.878 335.930
158.791 357.519
160.419 380.361
171.024 396.990
189.202 400.586
212.307 393.730
236.722 384.381
259.857 373.396
276.214 360.232
287.503 343.383
295.901 328.079
307.058 308.226
142.266 244.500
141.189 247.908
143.399 254.400
147.146 262.524
153.168 272.280
183.344 289.938
194.952 289.916
209.399 291.591
223.063 294.169
237.323 297.993
164.816 292.443
161.033 305.907
155.914 316.902
149.947 329.244
152.685 319.837
154.256 331.247
159.487 341.079
174.652 344.720
187.727 338.909
148.780 265.925
147.146 267.224
154.374 274.297
160.533 282.582
150.977 281.106
144.475 275.124
196.655 303.493
201.150 303.200
213.778 306.334
225.460 311.063
212.661 314.541
200.142 311.146
148.634 339.308
147.649 337.009
147.963 340.628
156.186 349.957
173.796 357.491
188.062 363.499
199.805 372.214
185.847 380.788
170.783 383.358
159.407 377.881
150.708 368.251
148.639 354.532
151.342 339.474
151.563 344.577
158.981 355.449
176.911 361.303
199.702 371.269
172.735 375.116
161.552 369.668
152.938 360.802
148.469 273.732
204.798 307.208
