215.353 249.301
228.601 273.817
240.922 292.065
257.939 307.680
274.153 321.107
302.019 329.324
330.262 333.809
353.349 338.095
370.052 340.092
376.544 333.497
371.968 327.209
362.509 320.321
348.996 312.577
336.852 301.876
329.423 286.842
325.372 271.045
318.676 250.839
283.441 196.239
296.351 189.576
308.422 186.978
317.965 187.944
326.123 192.018
347.905 194.010
351.486 191.787
353.990 192.790
355.006 196.135
352.860 203.674
343.232 203.866
355.654 215.141
368.148 224.973
377.658 236.824
348.740 257.597
361.290 261.186
370.344 261.162
374.087 260.731
371.296 257.640
296.746 213.725
307.344 205.760
314.115 208.565
319.020 215.967
316.217 217.040
307.629 216.650
347.830 218.056
353.554 211.029
358.792 211.242
357.508 218.224
361.370 220.253
357.038 219.608
358.136 292.575
367.022 280.067
374.157 272.190
383.076 269.925
390.693 270.122
393.291 277.410
390.402 289.464
392.895 295.849
392.948 303.955
386.030 306.728
377.509 305.409
367.684 298.863
359.319 291.888
374.771 281.821
384.966 278.787
391.864 279.954
387.696 289.077
392.093 291.697
385.234 294.248
376.675 293.864
309.990 209.840
355.749 213.538
