191.243 252.815
195.555 278.032
200.442 297.217
207.783 316.835
217.613 332.783
237.871 345.253
263.032 354.787
289.295 363.273
311.746 366.695
327.973 357.399
333.980 345.660
336.929 332.953
335.765 321.109
331.257 306.581
327.765 288.762
327.500 272.202
330.367 249.736
244.177 228.590
258.050 223.702
272.605 221.819
284.894 223.417
296.386 228.021
332.206 228.714
340.543 224.954
347.531 223.827
352.592 225.152
354.202 229.676
315.828 244.172
319.097 262.131
324.292 278.671
329.065 297.562
286.773 299.865
300.135 308.211
315.208 310.387
324.157 306.077
328.312 295.139
256.309 251.508
268.230 247.699
278.507 248.064
284.488 253.040
278.490 256.609
266.481 257.876
323.607 254.268
334.015 248.098
341.818 248.400
342.286 251.353
341.506 257.363
333.101 257.797
269.011 319.115
279.042 319.604
294.510 321.039
315.099 321.055
329.395 316.686
335.040 312.466
334.930 310.501
334.661 317.211
327.974 325.894
317.711 328.403
301.260 329.089
282.782 324.362
271.267 319.815
291.007 323.091
313.105 323.728
327.701 318.018
332.433 311.230
327.712 319.209
316.164 322.533
299.390 323.124
272.830 250.609
336.716 251.738
