162.246 250.629
168.330 271.609
174.090 288.471
182.628 300.888
193.307 311.528
212.538 316.758
235.912 318.104
261.467 317.433
286.797 317.594
307.882 312.651
321.552 312.371
328.186 308.957
329.042 303.407
326.401 294.278
322.941 279.109
319.974 263.233
316.205 243.930
207.666 177.726
222.554 172.396
235.742 171.224
245.517 172.590
253.330 176.476
278.396 175.216
287.425 171.690
296.884 171.509
305.002 173.492
312.967 180.296
263.275 185.598
265.536 192.521
270.022 199.289
275.470 208.060
246.679 233.708
259.584 235.414
273.478 234.995
285.358 233.952
292.901 226.349
208.791 198.241
216.440 189.844
227.995 190.172
237.046 197.776
231.620 199.340
218.125 200.117
282.564 196.393
292.950 187.606
302.588 189.180
306.983 196.632
305.221 198.452
293.094 197.163
240.037 275.994
245.898 259.843
257.379 249.578
275.370 244.073
294.032 246.595
306.198 256.186
315.380 269.765
310.942 278.104
299.002 285.521
283.357 288.833
266.736 289.011
250.693 285.753
242.917 278.150
257.411 261.292
275.207 254.314
294.510 256.275
312.333 272.126
295.149 276.887
279.719 280.680
265.213 281.575
227.872 195.900
301.489 194.664
