168.601 239.602
174.002 264.164
176.131 282.318
177.363 304.576
179.288 323.610
186.760 343.549
200.708 358.922
216.939 370.626
236.307 376.156
257.411 371.501
278.155 361.918
300.528 346.547
315.871 326.041
322.789 304.645
328.211 280.381
330.995 261.707
335.842 236.652
181.558 241.290
190.331 241.666
202.704 242.356
214.714 244.954
226.863 248.954
264.261 246.127
276.130 241.610
289.719 238.703
301.899 237.616
312.511 237.322
244.483 260.890
242.662 276.793
240.976 291.519
240.396 308.509
226.679 308.024
232.968 316.632
242.667 320.076
253.749 317.927
261.963 309.387
191.043 260.091
198.374 258.939
211.483 259.489
220.205 263.541
208.931 267.794
195.521 266.611
271.054 262.109
279.920 258.019
291.940 256.297
301.239 258.229
294.968 264.794
281.299 266.438
212.183 340.735
220.074 336.002
227.609 333.628
239.477 332.694
250.333 334.384
261.601 338.275
265.798 343.098
253.478 346.903
239.918 351.556
232.040 350.946
223.349 348.976
215.864 344.446
213.619 340.264
228.841 338.861
239.563 338.386
251.353 340.780
263.403 342.259
241.918 341.551
232.147 340.746
224.225 339.601
202.486 260.660
287.007 258.086
