184.988 252.280
191.182 276.849
194.819 297.366
194.130 322.151
198.747 343.273
206.394 368.100
220.303 389.222
237.191 405.011
256.913 412.549
278.277 406.468
298.211 392.340
316.689 371.616
329.755 348.067
337.788 326.584
342.448 303.696
346.403 283.077
352.435 256.727
183.059 250.060
188.672 248.726
197.402 249.044
207.408 251.430
219.535 255.374
261.516 255.521
273.855 252.264
287.729 250.417
300.083 250.163
312.252 252.366
239.540 270.003
237.590 287.890
236.290 304.943
236.034 321.971
223.675 324.667
231.733 331.084
242.700 333.569
256.106 331.594
267.678 324.481
194.171 267.178
197.513 263.364
209.469 263.061
219.912 269.349
209.222 274.505
197.588 273.647
270.663 270.357
277.339 264.796
290.298 265.000
300.824 269.061
292.507 275.739
279.418 275.997
221.894 360.203
223.826 353.612
229.938 351.393
244.189 349.673
261.886 349.163
273.486 349.465
282.118 354.895
277.932 373.075
267.650 388.997
250.367 396.791
236.465 390.672
227.468 376.795
224.391 361.512
232.553 355.514
246.030 355.006
264.547 352.151
279.840 356.563
266.303 378.278
249.474 386.118
235.621 380.370
201.845 266.501
282.095 268.477
