159.371 270.155
168.938 295.647
176.430 314.736
184.000 331.852
191.731 348.596
208.249 364.425
231.994 375.098
256.392 383.248
278.267 385.102
297.164 376.602
309.574 364.592
320.283 351.041
323.103 334.465
321.906 317.064
322.293 297.440
322.754 279.123
325.818 253.357
196.189 251.634
208.679 248.846
223.379 247.270
236.056 247.989
247.835 250.355
285.857 239.983
297.806 235.261
310.302 232.730
320.427 232.280
326.895 234.649
266.490 258.735
269.257 275.507
272.583 290.000
276.415 305.864
248.241 315.964
259.776 322.472
274.225 322.211
285.128 319.196
290.839 307.651
209.982 269.193
219.322 267.835
232.080 267.234
238.333 268.823
229.557 272.972
217.931 274.062
286.646 261.820
296.547 253.336
308.065 251.865
313.841 256.296
310.469 263.486
297.836 264.973
241.862 347.911
249.066 342.959
260.861 339.137
276.710 336.060
289.488 334.497
298.633 335.212
304.478 338.168
298.078 343.591
288.199 351.271
278.858 354.320
267.567 354.388
253.101 351.037
244.314 347.198
259.662 345.546
275.485 343.378
289.762 341.046
300.926 338.707
287.136 342.843
277.744 344.551
265.529 345.798
223.444 263.477
302.441 255.779
