159.455 253.700
169.065 276.465
174.876 295.251
182.057 317.172
190.171 334.301
210.883 345.426
233.698 354.933
256.796 363.256
279.058 367.244
297.189 360.425
305.771 351.612
311.736 340.678
316.029 329.810
313.653 313.249
311.937 290.303
312.632 272.327
317.108 250.434
214.991 219.853
229.825 219.366
243.274 220.210
253.075 221.792
261.401 224.104
286.414 223.732
294.309 221.122
303.319 219.453
311.578 218.556
318.945 219.226
272.749 232.447
274.437 246.554
278.450 260.321
283.142 271.719
253.941 287.985
265.318 292.560
278.094 291.371
289.262 291.500
294.621 285.656
215.386 232.335
225.647 225.526
239.997 226.583
244.498 235.022
237.621 234.664
223.631 234.091
290.761 234.087
297.405 226.461
308.672 223.667
313.688 231.165
311.852 233.991
300.813 234.142
254.537 320.900
257.508 312.012
265.757 305.101
280.809 302.656
292.762 303.451
298.520 309.804
299.238 317.575
296.714 322.504
291.041 326.495
281.840 328.546
268.301 327.804
257.928 325.792
254.201 322.146
266.525 315.535
279.760 312.553
289.718 313.461
297.160 318.680
288.077 316.180
278.927 316.779
267.729 318.444
236.528 229.123
308.675 228.829
