166.632 277.666
169.893 304.154
172.304 326.623
179.703 357.298
191.268 381.460
213.020 405.260
235.068 427.106
256.461 444.914
279.423 452.504
300.348 440.250
313.909 420.302
326.478 395.426
336.568 371.707
340.812 347.975
342.037 319.271
341.688 299.094
340.908 274.168
205.180 242.092
218.096 233.497
233.492 229.776
246.963 231.352
260.366 237.931
304.458 237.123
315.568 231.058
326.844 229.658
336.662 231.908
344.758 239.975
283.214 258.221
286.092 279.471
289.883 294.197
293.834 309.625
258.695 324.914
272.424 330.013
289.363 330.141
302.931 329.098
310.140 320.920
220.925 268.099
230.615 258.489
243.251 259.655
253.590 270.417
245.943 273.616
231.583 273.886
306.117 270.038
317.264 258.139
328.439 257.968
333.516 265.836
330.259 271.837
316.953 272.711
250.785 377.997
260.886 359.230
272.314 348.673
292.140 345.543
308.155 346.408
313.717 355.217
314.634 371.996
310.392 396.537
302.052 417.483
287.010 426.035
268.344 419.636
256.361 402.308
252.501 380.092
271.760 358.500
291.243 354.814
306.044 356.229
311.697 372.612
300.250 406.589
286.337 414.543
269.434 408.878
237.769 266.334
322.263 265.411
