191.578 226.771
193.760 248.165
194.121 268.249
192.828 295.098
194.357 316.798
196.599 344.087
203.205 368.496
213.284 385.610
229.538 395.560
250.668 394.529
274.454 385.000
299.029 371.169
319.426 353.642
332.844 333.597
340.789 308.713
343.191 287.511
346.115 261.814
167.531 251.428
168.494 257.331
174.098 263.693
181.192 269.538
190.819 274.832
227.526 287.393
238.259 287.456
252.100 286.915
265.767 285.492
281.463 282.678
210.185 289.662
206.231 307.036
202.927 324.283
201.359 343.678
199.426 334.239
207.602 343.963
219.816 348.607
233.224 344.546
243.814 334.187
181.242 267.472
181.938 269.458
192.060 273.500
200.164 279.021
192.302 280.439
183.379 277.720
244.308 291.780
249.744 290.852
262.018 293.119
271.419 294.584
261.857 300.684
249.752 297.740
206.115 363.383
206.605 361.759
213.955 362.648
228.360 363.868
240.887 360.733
251.044 358.451
259.300 360.161
253.871 365.979
243.561 370.496
234.075 372.032
221.297 372.343
212.575 369.000
208.486 359.776
217.485 363.460
231.112 365.831
244.223 361.886
257.829 361.108
244.240 366.804
232.605 368.602
219.285 367.780
186.299 273.330
254.262 293.843
