178.136 260.938
177.220 285.589
176.563 305.397
171.950 320.504
168.322 334.782
161.526 350.349
163.187 361.354
169.523 370.118
182.759 378.089
205.138 379.311
231.139 378.108
257.745 372.765
277.597 360.294
290.964 346.568
300.132 328.779
308.497 308.087
317.493 280.544
162.974 235.470
166.033 231.351
171.909 229.350
178.326 230.530
186.143 234.738
212.947 238.360
222.362 236.168
234.381 236.888
246.046 240.075
259.094 246.850
196.095 250.501
190.438 267.235
183.321 278.837
176.062 290.974
175.175 299.134
178.677 304.163
185.375 307.933
195.597 309.034
206.727 307.585
168.201 251.731
168.712 245.571
180.068 246.347
186.281 255.085
176.034 255.099
168.816 254.703
220.777 260.154
224.819 252.016
236.432 254.692
243.492 262.564
234.909 264.151
225.732 262.876
170.291 329.325
169.355 324.781
173.031 322.173
184.331 323.202
198.955 328.355
210.373 333.366
220.502 339.265
211.828 340.701
198.370 339.158
187.431 337.324
178.103 333.903
173.668 331.911
173.580 328.781
176.550 329.022
187.275 331.570
202.369 335.016
220.081 338.276
202.343 332.948
190.714 331.917
180.669 328.920
171.702 246.426
227.487 254.145
