219.121 223.138
220.994 245.272
221.193 263.374
216.569 279.569
212.287 294.006
204.046 309.532
197.218 323.750
194.060 338.184
199.542 349.303
212.998 354.277
234.045 353.142
258.436 348.487
281.622 338.695
296.562 325.362
308.920 309.688
314.152 294.922
323.418 273.873
182.441 222.125
181.580 223.125
184.544 225.590
188.575 229.481
193.801 235.494
209.485 243.475
215.373 244.001
224.081 247.141
233.967 251.198
247.626 256.271
199.823 252.079
193.706 266.168
185.277 277.544
179.037 288.268
188.152 288.176
186.631 295.820
188.491 301.568
197.336 306.508
209.651 303.120
186.778 242.809
184.789 241.175
192.704 244.484
198.517 250.731
191.535 251.784
185.587 249.291
217.162 263.094
217.722 262.356
225.430 266.357
234.577 271.172
226.936 274.546
218.497 270.008
183.597 307.276
178.575 302.784
178.179 302.723
182.553 309.899
193.909 318.984
203.938 326.984
211.997 334.119
203.636 336.841
191.019 338.356
184.272 332.910
180.208 324.877
180.910 314.435
185.878 307.725
180.408 311.650
185.310 319.151
196.719 326.990
211.200 332.425
192.295 329.090
184.670 323.352
181.535 316.084
188.764 243.795
223.415 265.175
