182.583 261.235
176.048 287.675
171.586 308.401
163.100 328.274
157.799 345.232
148.862 364.254
148.108 383.390
153.097 400.746
168.421 413.065
192.488 412.245
219.672 405.393
250.650 394.403
275.083 379.791
292.367 364.350
306.507 343.300
315.961 323.180
323.178 294.598
161.187 229.964
163.411 224.551
169.703 223.957
176.843 227.553
185.785 234.554
224.852 243.963
237.644 242.914
251.318 245.335
263.508 249.930
275.351 258.670
199.012 254.328
190.307 272.373
180.809 290.735
172.518 311.528
172.421 314.305
173.695 323.194
181.140 329.532
193.947 330.492
208.078 325.071
165.652 251.628
168.507 245.666
177.955 249.431
183.292 259.318
174.873 259.541
166.723 257.779
229.757 270.778
235.826 263.802
245.276 266.112
254.497 274.953
245.810 278.260
234.198 275.237
157.353 351.453
162.148 347.682
165.672 347.712
173.056 350.494
183.882 354.135
192.159 359.102
199.671 366.461
188.678 370.600
176.744 372.071
167.968 370.915
159.317 365.363
156.125 358.853
160.542 350.783
167.907 353.338
173.373 356.677
184.146 359.933
200.012 364.529
181.001 364.258
172.550 362.282
164.557 357.821
172.427 254.680
241.220 272.277
