177.480 282.188
185.494 305.255
190.125 324.074
196.799 346.855
205.867 364.465
221.011 383.712
238.976 402.696
258.982 417.723
280.873 421.865
301.396 412.576
316.105 393.139
328.868 369.727
337.859 347.237
341.153 326.164
341.647 303.113
339.577 284.726
339.752 260.774
185.525 285.452
193.542 284.383
205.791 283.779
218.597 285.315
232.900 288.533
281.178 281.930
293.637 275.616
306.942 270.263
318.771 266.813
328.875 265.185
258.834 299.800
261.294 318.202
263.467 335.879
266.435 355.332
243.791 356.906
255.397 362.947
268.772 363.944
281.098 358.349
290.608 347.308
201.478 301.524
205.679 299.550
219.851 297.593
231.636 302.629
222.058 307.794
207.906 309.147
287.483 295.382
294.682 289.113
307.985 286.137
317.068 286.850
310.940 296.518
296.342 298.320
243.583 389.004
247.765 385.637
257.450 383.359
272.918 382.065
287.642 377.846
297.716 376.706
303.488 378.465
300.556 387.747
290.732 397.481
277.322 402.538
262.145 401.140
251.005 395.935
246.058 387.934
258.269 388.890
273.979 387.760
289.557 383.003
301.433 378.245
287.859 388.255
275.193 392.207
261.398 392.132
210.796 300.539
299.132 289.433
