183.569 266.547
184.930 292.108
183.989 312.310
182.075 331.006
181.790 348.010
180.205 369.060
191.327 386.385
204.125 405.092
222.741 418.582
249.375 413.351
275.334 403.148
301.135 391.279
314.524 371.855
324.731 355.020
333.152 336.309
338.253 315.506
343.086 288.632
173.691 267.033
178.103 267.674
187.658 269.137
198.015 271.985
210.109 276.204
251.789 282.611
265.018 281.156
280.249 281.522
294.379 282.385
307.325 283.984
229.358 292.214
225.702 309.674
220.093 326.226
215.286 345.889
205.827 333.971
212.735 348.138
225.124 357.530
242.157 354.175
256.017 341.737
186.619 285.074
189.898 284.854
201.404 286.448
212.929 290.495
201.687 293.905
189.828 291.786
259.243 295.994
268.047 295.630
280.361 296.723
290.411 299.125
281.075 304.067
266.902 302.290
196.756 350.331
202.410 358.725
209.232 367.590
225.770 374.669
245.443 374.606
259.593 369.890
273.618 363.825
258.463 370.865
241.738 376.414
223.833 377.077
209.107 369.404
202.344 359.029
199.980 351.910
212.180 362.559
228.445 371.259
248.526 370.261
270.024 364.067
244.069 371.272
225.874 372.106
210.461 363.888
195.926 287.716
274.111 297.610
