163.166 250.303
171.668 270.028
180.023 286.551
183.832 304.227
187.756 320.119
191.529 341.670
199.111 361.262
210.177 377.523
226.917 385.146
246.239 380.150
264.107 366.145
281.820 347.896
294.991 327.176
301.802 309.300
306.228 292.295
310.030 276.335
312.614 256.351
149.901 276.882
154.539 280.481
162.453 283.856
171.415 287.787
182.290 292.287
217.583 294.251
227.831 290.816
240.465 287.571
253.023 285.204
266.930 281.942
200.422 306.004
199.215 321.815
197.868 336.511
198.211 351.512
191.573 342.663
198.783 350.711
207.699 355.032
218.884 351.234
228.274 343.979
163.328 294.754
165.701 297.029
176.628 297.284
186.478 300.990
176.554 304.758
166.522 302.609
228.884 302.520
233.248 301.586
244.549 301.235
256.505 299.597
248.159 308.149
235.264 307.640
190.584 357.794
191.361 360.558
197.228 361.903
210.015 363.129
226.292 363.284
237.921 361.547
247.629 359.800
238.502 370.415
225.562 378.761
215.042 379.341
204.029 375.344
196.440 366.168
193.448 356.674
200.117 366.104
213.326 368.604
229.378 366.486
244.727 358.831
224.825 372.306
212.706 372.939
201.953 369.873
171.151 298.316
240.428 301.886
