193.433 286.927
203.305 310.243
211.260 328.592
218.077 344.241
226.887 356.380
240.787 366.142
261.195 370.113
284.220 370.687
306.976 367.563
325.917 359.946
337.970 351.556
347.373 341.047
348.719 329.040
346.924 315.254
343.011 296.459
340.228 278.316
338.224 252.979
218.381 252.227
227.158 245.544
237.971 241.088
248.166 239.709
259.142 241.379
291.431 234.499
299.975 229.377
309.754 226.960
318.377 226.739
325.956 229.981
278.628 252.219
282.724 267.772
286.283 278.484
290.658 289.003
269.717 307.841
280.459 309.010
293.196 306.789
303.274 303.420
309.789 295.779
234.805 265.462
239.983 260.154
251.088 258.798
258.950 263.361
252.420 268.220
241.332 270.402
297.618 255.532
303.681 247.310
313.690 245.040
319.124 247.650
317.401 253.908
305.849 257.060
263.487 341.156
269.373 330.849
279.787 321.933
297.396 316.861
312.598 314.597
321.564 318.233
327.066 323.838
321.713 331.286
314.447 339.273
302.630 344.382
288.736 344.641
274.461 342.870
266.378 339.638
280.133 330.061
298.809 323.770
314.408 322.229
323.727 324.570
312.048 333.040
300.914 337.573
287.070 338.237
243.987 261.786
308.351 248.369
