162.845 254.818
161.777 279.268
164.092 297.913
169.615 321.204
179.616 338.482
199.673 353.762
223.324 365.599
246.163 375.841
269.846 382.938
290.639 377.553
303.863 369.279
316.599 359.448
323.622 348.283
326.048 331.972
327.162 308.869
327.516 292.136
328.095 270.045
216.787 230.677
229.820 228.408
242.902 227.550
253.945 228.870
264.190 232.730
298.217 236.818
308.363 235.402
317.805 236.674
325.230 238.728
330.774 242.930
279.549 245.808
281.496 258.807
284.691 270.391
288.007 285.083
252.745 293.636
266.949 302.336
282.182 305.335
294.408 303.231
303.189 297.266
225.191 246.076
234.159 243.993
247.604 244.870
253.038 248.984
247.587 249.935
235.162 249.859
301.231 253.931
308.483 253.680
320.271 253.878
323.927 256.285
317.985 257.995
307.529 255.613
244.805 332.456
256.205 327.830
268.327 325.121
284.744 324.356
298.404 323.070
303.794 326.526
305.882 331.094
300.927 338.007
295.539 341.953
281.600 345.683
265.269 343.014
255.907 338.661
247.092 332.245
265.388 332.853
283.116 333.734
295.903 330.928
302.352 331.319
294.457 336.118
281.769 338.499
267.430 336.192
240.116 245.040
313.290 252.418
