233.829 256.037
238.888 276.603
239.836 293.906
233.107 313.979
228.653 330.370
219.506 347.702
210.247 364.620
204.231 379.109
208.235 387.399
221.680 386.557
243.807 377.705
268.830 362.218
292.778 345.297
306.683 325.127
312.130 300.500
313.563 279.892
313.928 252.903
175.912 249.047
170.126 247.020
167.492 246.602
168.424 248.576
172.785 252.611
186.758 251.272
191.704 246.287
200.967 243.230
212.214 242.412
227.813 244.205
181.343 266.580
179.067 285.564
174.746 301.273
169.947 317.729
188.732 317.782
186.738 324.261
187.962 328.095
196.083 326.416
204.967 319.126
182.096 265.841
175.468 262.181
179.348 263.062
186.982 270.227
181.178 274.712
179.027 273.907
206.149 270.619
203.529 262.339
210.513 261.258
223.788 265.612
215.006 275.535
207.133 275.838
193.106 342.944
186.426 340.927
183.775 340.755
186.224 342.614
196.419 343.062
206.834 345.635
217.207 349.136
208.364 354.208
197.301 355.993
189.552 354.852
186.590 352.236
189.633 348.165
194.897 342.519
190.287 344.955
192.865 347.357
203.865 347.696
217.780 348.181
198.173 350.864
188.325 351.436
186.813 347.092
177.588 265.979
207.689 265.975
