169.587 259.069
176.181 283.308
180.874 303.136
189.436 325.318
198.562 344.964
216.009 366.699
236.883 384.086
254.719 398.516
271.830 405.404
285.862 398.397
293.732 385.520
301.097 368.103
301.844 348.252
301.149 329.601
303.329 307.558
307.101 288.826
310.827 265.655
226.826 229.107
240.136 222.684
254.420 220.432
266.358 222.549
277.018 228.646
309.865 231.352
317.697 227.476
324.700 227.213
329.169 230.044
330.310 237.465
294.587 248.821
297.478 267.636
300.180 280.758
305.596 296.294
275.898 308.959
284.732 314.709
294.523 316.139
299.101 316.469
301.422 311.423
237.788 257.999
249.816 251.851
261.296 252.656
264.657 261.493
258.843 264.689
249.034 264.251
303.160 265.695
311.462 257.260
320.626 257.069
322.590 264.332
320.826 270.091
312.028 269.615
273.805 347.154
281.970 342.054
287.037 338.434
295.561 337.136
300.950 338.386
301.003 342.383
298.774 349.819
296.187 360.016
292.911 369.326
287.130 371.340
279.463 367.157
274.998 358.056
271.368 346.614
284.714 344.471
291.222 343.755
294.883 344.570
297.181 348.355
292.626 354.576
287.819 357.801
282.567 354.258
256.628 256.951
317.838 262.704
