177.008 275.555
176.526 301.823
175.357 323.314
170.700 344.405
169.856 361.746
171.008 378.177
175.566 391.742
183.025 401.951
197.344 408.322
219.308 405.037
243.468 396.395
269.888 382.829
293.136 367.322
306.820 349.691
313.495 327.229
315.625 305.120
316.117 278.020
152.744 257.576
156.901 253.396
163.472 251.218
170.339 252.226
178.769 256.151
210.143 254.526
220.182 250.695
232.602 250.034
244.353 251.827
258.596 256.437
192.739 269.608
188.558 286.852
184.041 300.520
179.594 314.504
174.296 328.159
180.383 331.605
188.325 332.154
200.423 332.506
214.349 327.793
162.819 274.228
164.292 269.721
174.103 269.858
181.146 276.814
173.440 280.279
164.324 279.468
219.499 275.724
224.118 269.002
234.256 268.935
245.317 274.349
235.458 280.486
224.877 279.586
174.838 364.872
175.098 358.242
177.337 352.257
185.989 350.203
197.115 351.614
206.148 357.383
216.180 363.004
210.241 369.306
202.651 374.266
192.478 376.804
183.004 373.909
178.736 369.471
178.404 363.330
182.699 359.159
189.281 358.273
200.106 358.880
215.210 362.118
199.336 367.781
191.989 370.503
183.863 367.653
171.042 274.178
232.110 273.476
