185.755 315.841
189.062 338.543
196.103 358.070
209.557 378.502
221.718 393.776
244.793 408.692
271.232 418.458
296.924 424.578
317.010 421.099
328.995 402.217
331.644 378.640
331.013 353.990
322.525 332.353
313.602 313.900
307.417 294.864
304.460 276.378
303.942 252.871
260.774 321.580
274.234 317.372
287.574 313.678
298.601 312.069
308.029 311.695
334.521 295.964
340.702 287.214
345.288 279.674
347.741 274.824
346.732 271.765
324.533 317.692
331.521 331.906
337.839 345.072
344.014 361.308
297.908 365.084
313.188 368.718
328.646 366.551
335.146 354.423
334.712 341.214
267.368 330.007
281.530 329.533
290.293 324.578
295.069 322.613
291.405 329.608
279.312 334.220
324.285 305.527
335.544 300.561
340.717 294.740
337.314 289.715
340.355 299.145
333.586 305.828
281.541 393.186
294.965 385.498
311.867 380.790
330.300 375.149
338.240 363.174
337.945 356.155
336.708 356.409
337.420 374.834
334.761 390.718
325.088 400.965
310.527 407.514
294.469 404.219
280.565 391.965
307.693 383.877
327.783 378.854
334.943 364.709
334.410 356.430
332.789 385.417
322.268 394.578
308.690 401.493
283.432 328.008
334.022 299.072
