188.559 231.660
194.945 253.480
201.559 270.023
202.248 289.833
202.973 307.576
204.303 331.298
211.007 351.380
220.967 366.865
236.693 378.126
257.879 376.705
277.676 367.694
297.998 351.550
314.501 330.573
323.702 311.894
331.046 294.209
337.558 279.141
341.882 256.912
177.878 261.783
181.126 267.702
189.031 272.620
197.810 276.791
208.416 280.432
242.072 284.998
252.308 283.493
264.508 281.883
276.262 280.310
289.135 277.551
225.209 291.412
223.255 307.768
220.613 326.283
219.089 346.713
214.463 321.832
219.323 333.792
229.001 341.720
241.716 339.446
250.266 330.065
191.135 269.822
192.931 273.608
205.363 275.440
213.987 278.045
205.380 280.887
194.932 278.527
253.673 284.624
259.983 285.715
272.603 286.584
281.381 284.735
274.629 290.789
261.371 290.284
208.026 348.631
207.962 346.122
213.503 346.739
226.230 349.355
239.299 353.414
248.112 355.883
252.221 358.762
245.769 363.345
236.527 366.452
229.807 364.636
220.476 362.173
212.447 355.306
211.137 347.961
216.237 351.206
227.742 353.035
240.165 356.597
252.399 356.862
237.498 359.215
229.118 357.499
218.697 354.900
198.467 273.807
267.436 285.247
