180.966 248.648
187.992 271.118
196.904 288.697
200.463 307.822
203.925 323.895
211.533 337.040
222.579 347.677
237.704 356.035
259.291 358.728
284.100 350.890
303.706 339.844
321.635 326.146
334.600 310.816
339.088 292.539
342.112 268.938
347.510 247.598
348.445 221.031
179.810 219.392
184.930 213.973
195.366 210.117
206.581 209.596
219.358 211.529
261.897 203.337
273.755 197.004
287.684 193.536
300.392 193.037
312.150 196.734
242.274 222.961
243.172 241.581
243.053 257.489
243.313 274.216
230.211 288.222
238.457 291.665
250.638 290.665
265.040 288.714
275.350 280.694
196.334 236.337
202.008 228.090
214.466 227.476
223.343 235.277
214.233 241.177
202.206 243.290
272.978 226.156
280.320 214.742
292.160 211.283
302.277 217.969
295.962 226.848
281.906 229.146
225.740 318.365
229.643 313.434
237.629 310.612
251.087 308.561
266.043 307.391
278.604 309.088
287.656 310.804
280.415 314.868
267.739 319.637
254.363 321.893
241.910 322.713
232.444 320.833
228.841 317.623
240.048 316.367
253.759 315.290
269.436 313.532
285.997 310.806
268.146 312.442
254.744 314.789
241.888 315.474
209.281 229.956
288.864 216.026
