158.682 279.123
165.911 304.026
170.390 324.749
176.112 345.347
185.827 360.858
200.230 374.350
217.120 384.517
235.509 389.906
256.739 389.199
278.055 378.624
295.677 364.715
311.816 345.927
323.050 325.782
326.496 305.915
324.589 283.509
320.447 263.992
316.513 239.358
148.667 247.331
154.566 238.442
164.695 231.728
175.980 229.014
188.983 229.636
230.054 217.267
241.269 210.395
254.817 205.969
267.629 204.847
281.225 208.896
213.321 240.912
217.890 259.638
220.814 274.141
225.317 291.414
209.645 308.761
220.088 311.079
231.605 309.028
244.122 303.598
253.110 293.371
167.997 264.245
171.677 256.071
184.266 252.634
195.485 258.688
186.390 265.429
173.951 268.533
243.609 244.699
248.866 234.243
261.460 230.490
272.619 234.470
267.155 242.738
252.937 246.415
217.616 351.698
218.029 343.093
221.735 335.308
233.780 328.305
250.017 326.080
258.229 329.378
265.601 336.085
261.460 345.435
254.793 354.755
242.525 363.117
229.766 363.125
222.599 358.380
220.474 349.639
226.691 344.987
237.766 339.873
251.093 336.629
262.899 335.555
250.016 345.978
239.227 351.765
227.894 352.774
178.518 259.764
257.013 237.722
