184.826 251.828
181.101 275.652
175.554 294.837
166.737 311.532
162.439 325.199
159.008 337.342
162.475 346.681
170.376 353.663
185.081 358.527
206.954 357.458
232.385 355.005
258.784 350.843
281.018 344.613
297.004 333.145
309.084 313.229
318.406 293.130
330.289 266.877
168.854 212.048
172.954 206.051
180.326 203.333
187.296 204.137
195.201 208.341
226.538 210.252
237.211 207.656
249.725 208.894
261.555 212.749
274.700 220.952
206.854 222.534
199.045 234.966
191.224 243.637
183.563 254.933
174.022 276.053
178.683 277.639
187.233 276.757
199.797 279.495
213.815 277.047
177.257 229.232
181.000 221.463
189.450 223.740
195.125 232.827
186.749 232.960
176.996 232.558
232.314 235.922
238.706 226.693
248.589 228.391
257.978 237.030
247.294 239.670
235.596 238.362
167.908 311.744
167.447 300.956
171.839 293.567
183.005 290.895
199.897 295.403
210.050 303.332
215.462 313.917
210.280 315.963
197.677 316.655
182.945 314.869
173.969 314.806
170.509 313.771
171.263 311.165
175.225 303.709
184.068 301.537
199.672 305.211
216.179 313.248
197.966 307.764
186.543 305.795
177.324 306.225
182.369 228.605
241.731 234.103
