177.440 225.063
176.215 252.627
178.401 273.680
184.890 296.463
192.459 315.320
210.687 332.890
234.089 348.210
260.424 361.257
285.116 369.042
303.858 367.847
313.801 361.772
321.043 353.317
322.197 342.607
322.415 327.898
325.354 308.291
329.031 291.361
334.864 267.336
249.773 207.279
264.695 205.358
280.658 206.842
293.163 211.374
303.614 218.372
339.425 229.896
349.753 229.454
357.842 231.723
362.630 235.433
362.298 240.994
319.246 235.671
320.360 248.200
320.818 261.944
320.486 278.240
282.051 283.066
293.215 291.637
307.785 296.657
318.894 297.792
324.158 294.033
255.723 226.737
267.470 224.092
279.224 228.131
284.619 236.666
278.746 233.837
264.863 230.353
328.054 248.360
341.717 246.769
350.673 248.774
350.498 254.058
349.944 254.749
340.113 252.058
250.836 316.912
267.291 309.743
284.436 308.607
305.368 312.307
320.013 314.652
325.575 319.660
324.448 330.091
318.380 338.818
309.698 343.496
297.375 341.642
281.422 337.633
262.925 328.191
252.512 317.744
277.532 315.070
301.436 318.692
317.880 321.652
321.327 330.007
310.102 334.950
296.570 332.362
279.530 328.911
273.749 227.235
345.421 248.089
