198.186 257.594
199.412 280.900
196.667 298.781
191.783 313.920
190.730 327.068
193.709 336.725
200.073 346.934
209.098 356.990
228.925 361.221
257.452 356.097
285.769 346.433
312.809 335.356
334.138 326.100
344.271 312.693
349.280 293.275
351.541 274.005
356.552 247.684
183.709 214.826
189.399 207.719
198.855 202.735
209.117 201.075
220.368 202.568
259.126 196.862
271.279 192.405
285.603 191.134
299.273 192.947
313.761 200.046
236.658 210.785
230.993 220.869
224.478 229.316
218.254 242.219
208.686 266.852
213.212 268.186
225.474 268.302
245.359 265.481
262.237 261.039
197.259 230.718
199.167 224.122
210.063 222.208
219.624 225.434
210.489 227.811
198.433 230.280
268.666 219.769
275.628 214.382
287.196 213.104
299.110 219.978
288.479 221.111
274.710 220.821
199.545 307.261
200.976 293.793
206.523 284.796
222.392 281.760
245.166 281.465
260.988 289.442
272.219 303.253
260.566 312.603
243.664 319.192
223.334 321.338
207.290 319.927
201.796 315.009
203.200 307.734
206.932 295.369
223.104 293.513
247.308 292.578
270.073 304.039
242.870 312.122
224.387 314.289
209.338 313.461
208.044 222.444
284.884 213.816
