197.023 271.560
202.465 300.384
211.561 320.972
230.911 338.527
247.606 354.265
272.592 365.888
299.426 373.321
326.141 378.198
346.794 379.994
353.597 371.704
349.618 363.236
343.593 353.350
331.931 343.699
319.998 331.283
309.861 313.879
305.777 297.237
302.759 273.734
271.553 233.051
286.020 227.422
299.658 224.993
310.030 226.420
318.405 230.615
343.159 232.485
348.788 230.005
352.035 230.428
352.490 233.011
348.110 239.036
334.016 243.798
342.409 257.662
351.029 270.049
360.558 285.160
318.435 297.231
331.515 302.630
344.340 304.490
347.931 301.151
345.974 293.113
282.172 252.205
292.619 244.852
299.132 245.559
302.754 254.354
302.008 254.819
293.373 255.598
330.500 255.060
338.565 247.337
344.840 248.049
343.447 254.616
345.889 256.835
340.691 256.508
296.935 331.162
315.855 321.674
332.191 317.282
347.269 315.074
354.233 313.174
353.453 315.854
345.838 324.333
348.829 332.451
350.460 339.162
344.757 341.304
331.018 340.660
312.437 337.401
297.802 331.800
324.185 322.996
343.967 320.940
349.850 319.070
343.472 325.087
347.472 331.247
340.680 334.005
326.266 334.149
295.462 247.142
341.276 250.743
