196.730 269.088
201.047 292.291
203.221 314.799
207.339 342.644
214.973 365.245
225.857 388.376
236.225 409.738
249.564 428.497
268.663 437.558
288.276 429.162
304.165 411.907
319.061 390.389
333.675 366.678
341.239 341.304
345.002 311.968
346.603 288.063
349.440 261.812
185.272 238.898
189.244 232.387
197.523 231.290
206.492 234.607
217.784 241.833
259.421 237.702
271.602 228.543
285.699 223.267
298.673 222.583
311.333 229.517
238.872 259.483
236.024 277.639
233.336 293.268
233.095 307.946
221.304 313.984
228.623 319.380
244.056 322.766
261.654 317.876
274.585 308.000
197.577 261.729
202.055 255.362
213.332 255.923
221.345 266.410
211.558 271.241
200.871 270.386
268.330 263.200
272.832 251.710
285.710 249.604
296.838 256.347
288.757 265.173
276.506 266.848
227.348 363.808
223.612 347.435
227.228 339.072
244.749 338.764
265.684 337.122
277.849 344.957
287.221 362.953
285.497 388.835
277.053 408.904
262.372 416.636
245.766 407.169
236.060 388.743
230.671 365.837
230.337 348.967
247.236 346.995
268.003 348.461
284.939 364.842
271.437 397.845
261.287 405.237
247.005 396.812
207.023 263.136
281.876 258.453
