183.653 238.950
179.281 260.945
174.661 276.681
164.174 292.635
156.690 305.670
148.763 313.384
146.416 318.833
148.701 322.902
161.436 324.147
187.678 318.314
220.391 311.013
254.766 301.647
282.536 293.350
299.282 280.073
311.189 258.847
319.093 241.865
328.207 218.137
154.231 188.676
154.351 181.435
158.021 176.544
162.988 174.753
169.740 175.780
197.788 169.051
207.814 164.796
220.018 162.949
233.079 163.363
248.849 168.636
179.280 183.020
169.614 192.096
159.905 205.126
152.598 219.967
156.114 240.326
156.535 243.628
163.245 243.025
179.008 239.729
196.216 232.830
158.792 198.767
157.579 192.923
167.870 192.272
172.604 196.733
165.451 196.597
157.367 198.489
209.454 189.728
211.468 183.152
222.471 179.174
235.264 183.937
224.831 185.267
213.088 187.648
149.291 271.127
147.563 261.598
148.881 255.766
159.346 251.727
178.651 249.309
196.201 252.478
212.089 263.348
198.465 273.915
177.592 281.062
159.799 284.130
149.943 283.362
149.425 279.863
151.786 273.240
151.209 262.473
160.106 259.308
182.702 256.760
210.909 265.262
180.370 272.175
162.678 275.726
153.362 276.591
161.769 193.273
217.505 181.880
