151.993 274.075
158.722 296.792
160.571 315.905
162.105 341.236
166.152 361.688
174.482 385.335
190.541 404.513
206.289 419.862
225.573 429.050
249.052 422.976
269.716 411.418
291.026 393.774
304.677 370.768
312.363 348.971
317.921 326.175
321.224 308.607
326.805 286.018
155.727 301.463
161.692 305.508
172.197 309.577
182.899 313.968
194.892 318.948
237.758 322.845
250.039 319.343
263.883 315.897
276.601 312.912
288.398 309.848
215.720 334.862
214.723 353.235
213.947 371.401
213.740 388.019
202.292 373.246
209.910 381.559
219.241 385.982
230.697 384.191
240.986 375.007
168.727 322.736
172.500 324.053
185.495 325.361
194.376 328.302
185.833 332.292
172.941 330.701
246.823 333.014
252.478 332.191
265.113 331.143
274.868 330.806
266.704 338.660
254.061 338.711
196.310 386.757
199.351 390.860
206.098 393.840
220.343 397.369
235.855 396.524
246.590 394.887
256.381 392.076
246.405 397.293
235.187 403.919
221.677 404.909
208.839 401.286
201.897 393.490
199.395 385.092
208.674 391.717
222.420 396.322
237.918 394.739
253.715 390.146
234.991 395.656
221.767 396.909
209.446 393.805
176.047 326.124
256.749 332.887
