199.305 230.333
207.274 256.838
219.586 277.440
238.589 293.399
255.543 308.641
282.113 322.569
307.738 336.559
330.265 347.642
342.517 355.568
344.032 354.009
337.159 350.385
328.107 343.117
312.744 335.205
299.021 324.260
287.154 306.682
279.809 289.743
273.575 267.523
281.070 181.570
293.122 176.397
302.501 176.465
309.640 180.123
316.277 187.515
330.444 199.474
332.191 199.950
332.811 203.967
332.096 209.521
327.463 218.922
330.427 207.478
342.943 222.202
355.323 235.601
366.150 249.408
323.916 264.424
338.228 270.159
348.142 274.263
346.773 277.070
340.511 276.797
291.319 202.293
303.143 198.298
308.053 202.187
309.228 210.430
309.941 208.687
303.399 205.690
327.348 223.841
334.549 220.411
334.978 225.288
330.042 231.053
336.305 230.675
334.410 227.025
312.203 299.670
325.270 288.153
338.703 284.713
352.668 287.612
352.269 293.462
345.812 302.168
336.413 316.872
345.419 323.427
352.825 326.583
352.161 324.856
342.615 319.286
327.255 310.763
312.793 301.818
334.545 292.147
350.873 293.849
348.702 301.167
335.333 316.555
351.898 318.932
350.589 316.255
341.019 311.318
305.530 202.133
333.527 224.362
