193.115 260.117
206.384 283.485
217.834 302.105
228.900 318.384
240.250 332.189
262.238 343.577
289.116 347.178
314.051 350.185
333.102 349.445
342.129 337.499
343.209 325.811
342.889 313.141
334.552 299.511
327.230 285.796
324.145 268.076
321.681 250.381
317.504 227.996
249.802 220.574
262.340 213.867
274.624 209.550
284.678 208.194
293.919 209.748
323.302 203.086
330.266 197.923
335.601 195.774
339.328 195.735
341.385 199.064
309.969 219.814
317.564 235.641
326.655 249.180
334.788 264.482
302.207 282.952
315.005 284.176
325.973 281.167
333.260 278.191
335.535 268.395
265.600 233.777
274.889 228.297
283.424 227.390
287.910 231.387
285.341 234.014
274.748 236.364
324.962 221.489
332.660 214.655
338.635 212.747
339.849 214.512
341.277 218.923
332.999 221.880
300.039 314.319
310.544 307.400
321.453 301.819
334.126 296.762
341.540 294.405
342.712 294.852
342.579 298.335
342.681 304.939
342.136 310.512
336.680 314.381
325.959 316.708
312.317 315.591
301.948 313.482
319.379 308.515
332.372 304.643
338.746 301.205
339.512 299.397
340.373 304.143
333.921 306.921
322.865 309.420
274.417 228.429
331.935 213.806
