187.123 285.978
193.373 315.757
198.340 340.412
208.774 361.572
220.797 378.781
244.191 394.760
274.527 405.200
303.024 411.648
326.859 413.188
346.979 406.343
361.174 395.443
372.850 380.326
374.231 362.740
371.416 344.255
367.745 321.286
364.566 299.071
364.646 271.262
239.802 261.237
254.453 256.534
270.105 254.307
283.177 255.060
295.783 258.241
338.278 254.862
348.922 250.774
359.183 249.181
366.938 249.185
371.412 252.016
318.146 271.304
322.282 289.831
326.794 305.044
332.059 321.472
297.412 338.076
310.829 342.716
326.359 341.465
336.637 339.008
343.090 328.904
257.144 281.448
269.130 278.239
281.683 278.703
286.671 281.457
281.761 285.160
268.395 286.868
337.198 275.990
349.419 273.294
359.343 272.106
360.675 273.489
358.026 279.564
346.987 279.241
291.156 373.931
299.178 367.594
310.990 362.405
328.740 358.268
343.268 357.600
351.525 359.868
356.208 365.881
348.517 370.491
339.378 376.213
328.529 378.297
316.118 378.521
301.692 375.943
293.521 373.155
310.281 369.795
327.728 367.568
341.978 365.493
352.180 366.291
338.580 367.638
327.812 369.243
314.232 370.264
277.064 279.825
355.318 273.271
