160.334 234.484
158.322 258.826
158.500 277.890
158.613 295.549
161.452 312.591
172.792 329.742
190.175 347.748
211.968 365.180
237.523 375.840
262.447 372.515
281.183 362.476
297.947 351.206
307.184 341.063
310.485 327.187
314.147 308.447
319.152 290.916
324.603 266.813
195.617 195.583
207.716 190.336
222.817 190.088
236.143 194.001
248.810 201.152
291.189 209.159
303.964 207.594
316.203 209.618
325.618 214.352
330.446 223.254
268.142 218.940
267.135 233.957
266.227 247.482
264.823 263.183
228.546 274.226
239.482 281.380
255.165 287.235
269.453 288.654
278.964 285.495
209.388 218.529
218.815 213.488
230.795 216.538
239.181 225.598
229.172 223.782
216.453 220.747
286.306 233.830
298.101 228.547
308.903 230.082
312.610 238.033
307.954 238.591
297.000 236.997
205.765 305.227
216.724 295.570
231.270 294.734
251.854 299.523
271.682 303.323
281.968 309.026
286.994 319.698
278.589 334.479
265.303 344.568
245.562 345.485
223.141 337.479
209.784 323.895
205.852 307.553
227.929 300.124
250.685 304.907
271.971 308.746
284.895 320.998
265.952 335.902
246.379 336.707
224.165 329.304
224.580 217.327
303.036 232.420
