153.095 244.398
157.564 270.410
161.055 289.771
166.645 309.542
175.046 325.198
194.740 335.780
220.376 341.467
245.331 345.159
270.529 346.917
292.584 341.525
308.054 336.429
322.567 328.225
328.744 317.709
328.453 303.378
326.825 284.103
325.179 265.849
323.931 240.399
193.111 197.322
204.546 188.617
217.497 183.952
229.084 183.665
240.584 187.358
278.294 186.244
288.078 182.821
298.396 183.766
306.703 187.573
314.367 196.457
261.098 202.773
264.522 218.404
267.868 230.178
270.283 243.204
244.363 267.306
256.407 268.008
269.801 267.168
281.346 267.519
287.125 262.998
208.611 216.908
217.329 208.066
229.169 209.290
236.182 218.057
231.046 219.366
217.979 219.640
281.645 217.474
289.600 206.656
300.561 206.875
305.953 215.507
301.474 218.523
290.289 218.616
237.317 303.492
245.249 293.900
256.102 286.239
273.641 283.001
288.302 283.861
294.274 291.012
297.145 298.992
294.003 303.488
285.945 306.997
272.612 309.301
257.080 309.512
245.258 307.007
240.759 302.668
256.555 295.965
273.012 293.643
285.982 293.810
293.270 299.034
285.790 300.614
272.348 302.047
256.906 302.333
223.007 214.413
295.257 213.451
