160.226 262.005
164.814 287.110
167.205 307.150
165.537 324.915
166.045 341.849
172.940 359.689
184.611 375.175
199.101 388.446
216.667 396.910
236.939 394.966
253.448 387.837
268.899 376.444
280.433 361.956
286.397 345.824
292.806 327.655
302.286 309.497
315.312 285.980
180.424 238.929
190.847 236.733
204.542 237.850
216.685 241.810
227.877 248.501
267.455 256.141
279.929 254.116
292.968 254.883
303.476 257.404
310.283 262.430
244.106 268.125
240.938 288.652
238.434 305.683
235.699 321.841
213.135 323.515
219.915 331.252
230.808 335.811
242.113 335.643
252.143 328.171
189.791 263.710
198.948 259.360
211.280 261.131
217.580 270.034
208.012 273.375
195.109 270.733
264.433 279.580
274.538 274.258
288.167 275.904
292.589 281.760
287.322 287.824
274.605 286.112
197.575 351.222
203.742 347.686
212.932 347.643
227.617 349.258
241.572 352.477
248.973 356.214
252.694 362.011
244.605 368.733
234.211 374.866
222.105 375.708
210.958 370.317
202.829 360.897
199.810 352.022
213.038 350.261
226.615 352.363
239.828 355.746
249.887 361.885
236.465 366.924
223.769 368.272
211.914 362.524
207.537 263.645
284.169 278.194
