178.441 250.535
181.953 274.287
186.460 293.891
192.750 319.038
201.187 338.580
219.010 356.990
238.465 375.502
261.203 389.849
285.187 397.195
308.223 389.518
320.889 376.465
327.952 358.058
332.317 340.727
332.866 321.679
333.189 298.445
334.467 279.698
337.216 255.585
216.267 233.193
228.045 229.937
243.137 229.565
256.890 232.206
270.470 237.241
317.992 237.930
329.875 233.632
340.072 232.046
346.721 232.761
349.112 236.554
294.058 252.116
297.058 271.070
301.138 290.201
304.250 310.671
267.817 314.599
279.278 323.024
294.341 326.035
306.078 323.577
311.301 314.092
227.782 256.428
238.667 251.510
252.279 252.694
259.972 259.362
251.675 264.029
237.486 263.853
313.147 260.229
325.835 253.695
336.619 254.174
339.005 258.445
335.995 265.486
324.527 265.977
254.576 345.807
263.672 343.428
274.442 342.031
292.815 342.080
309.077 341.840
316.821 342.954
320.864 345.434
315.938 353.193
307.051 359.844
292.054 362.210
274.781 360.004
262.931 353.221
256.877 345.119
273.749 346.340
291.839 347.896
306.972 346.235
317.797 345.285
307.046 350.745
292.468 353.051
275.030 351.153
246.379 255.237
330.678 257.088
