187.960 276.038
194.104 299.752
198.049 317.318
196.307 334.558
196.630 350.129
199.066 367.069
210.578 381.949
225.552 395.129
245.513 400.442
268.865 393.080
292.070 379.008
315.535 362.251
330.807 345.073
337.287 327.369
342.220 306.452
345.374 286.775
348.168 258.403
178.864 255.162
181.834 250.536
189.025 247.329
197.713 247.530
208.372 250.626
241.510 245.593
252.517 240.008
266.054 237.272
278.884 237.331
292.828 240.279
224.087 262.941
221.446 278.831
219.948 295.080
218.866 312.951
210.740 318.455
218.410 325.975
230.523 328.255
246.861 324.260
259.369 312.510
190.720 271.458
192.753 267.526
203.193 267.212
212.943 271.870
201.470 273.015
192.309 272.376
252.771 267.769
258.128 261.608
269.872 259.487
281.087 262.413
272.327 265.014
259.092 267.727
207.416 348.230
209.705 341.183
216.499 339.142
230.659 338.994
248.338 336.630
264.288 336.531
279.871 343.119
268.988 358.672
253.941 369.746
239.709 371.800
225.266 370.038
215.327 360.804
209.750 348.707
218.330 343.955
233.888 345.171
253.822 341.377
279.079 343.830
254.948 361.027
239.577 364.058
224.358 362.596
198.974 268.900
265.857 262.169
