191.569 260.178
198.977 285.000
206.787 303.319
221.543 322.566
238.112 336.718
266.271 344.041
295.297 348.511
323.279 349.679
348.113 348.292
364.374 339.992
369.200 332.809
370.956 321.541
368.205 311.530
360.238 299.067
350.534 280.939
342.890 264.678
334.961 242.403
243.481 212.928
256.041 205.103
269.597 200.234
281.948 199.268
293.902 201.822
326.627 196.752
333.842 192.049
341.156 191.054
346.714 193.010
349.992 199.713
314.116 211.184
322.448 221.884
330.474 232.972
337.259 248.232
300.678 269.060
315.649 273.109
332.740 273.404
344.444 269.182
346.776 262.603
260.699 227.300
270.929 220.302
282.027 218.713
289.036 223.954
284.119 226.866
271.155 228.719
330.067 217.931
338.832 210.336
346.940 209.856
348.317 215.519
348.224 217.836
338.369 218.400
294.123 309.173
305.936 295.284
319.580 287.332
341.168 282.984
354.884 281.243
359.251 286.990
362.037 298.032
364.203 308.849
362.985 316.849
348.281 322.414
325.305 323.894
308.216 318.828
296.993 310.191
319.649 295.501
341.964 290.518
354.188 289.041
359.553 299.744
360.575 308.932
347.533 313.952
325.902 315.649
277.590 222.920
343.070 213.427
