158.243 252.091
160.828 277.409
162.337 298.663
163.489 320.041
166.966 337.935
177.367 355.997
193.641 372.071
212.193 386.267
234.159 394.539
256.931 392.269
274.257 384.875
288.949 372.667
297.534 358.175
302.129 342.511
307.031 322.661
313.535 304.844
322.690 281.000
194.601 222.216
205.690 218.141
218.571 217.817
229.821 220.861
241.231 227.085
279.985 233.510
290.873 231.865
301.587 233.111
310.496 236.920
317.186 244.437
258.472 245.056
256.058 260.926
255.084 272.353
254.036 285.500
226.486 300.865
235.436 307.085
248.506 309.323
259.927 311.192
269.501 306.057
202.489 245.275
211.375 239.908
225.132 243.287
232.096 251.339
222.580 254.137
209.185 252.022
276.419 260.144
285.982 254.145
298.621 255.502
304.069 264.162
298.713 267.909
286.404 265.881
214.238 338.836
220.609 333.249
231.055 331.329
246.161 330.903
258.441 334.492
266.981 339.760
270.603 347.761
264.790 350.255
253.951 351.586
244.537 349.714
234.198 347.224
221.212 343.190
215.815 339.323
230.136 337.571
244.705 337.809
257.340 340.422
268.854 347.603
256.763 342.653
245.721 340.447
232.675 338.255
218.418 243.634
293.348 257.608
