160.158 241.406
166.136 266.176
168.552 286.796
171.656 312.950
176.184 333.037
186.293 354.734
202.809 374.334
222.508 390.527
244.384 397.488
266.905 391.137
287.665 377.538
308.225 360.508
322.373 340.845
330.045 320.290
337.251 296.704
342.228 277.260
350.193 251.778
179.066 252.782
188.852 254.241
201.523 256.665
213.382 260.158
225.857 264.834
267.586 268.806
280.576 265.833
294.538 263.817
306.772 262.422
317.814 261.808
245.598 280.316
244.326 299.714
242.787 316.052
242.022 332.931
218.572 330.319
229.164 339.273
243.626 344.414
258.737 342.227
270.484 333.018
192.431 275.249
200.299 274.657
213.303 276.328
220.394 281.843
210.187 285.367
197.688 283.203
269.386 286.052
279.787 282.587
292.378 282.343
300.425 282.818
292.838 290.442
278.116 290.513
211.210 357.369
217.457 354.363
225.995 354.506
243.241 357.483
262.611 356.397
272.281 357.255
277.244 360.703
269.648 367.708
257.683 374.352
242.894 375.516
227.742 371.818
218.267 364.663
213.560 356.494
227.325 358.497
243.419 363.002
261.045 360.472
275.164 359.607
257.768 367.494
243.411 369.147
229.095 365.099
205.042 279.686
284.645 286.186
