185.149 256.096
188.131 280.850
190.847 299.689
187.237 317.127
182.430 333.463
174.628 352.343
175.827 368.355
184.567 381.112
200.246 391.156
222.459 390.476
248.468 386.451
277.637 376.418
298.248 358.962
310.524 341.159
323.142 321.985
334.897 303.991
344.404 275.722
165.613 239.659
166.701 238.764
173.258 239.383
181.744 241.580
192.854 245.718
231.602 250.776
243.895 249.030
258.606 249.498
272.886 250.839
287.445 254.008
211.225 261.188
205.549 278.189
198.690 295.004
193.142 312.576
190.828 315.745
192.970 323.783
200.034 327.083
213.351 329.061
227.363 318.464
175.478 260.322
176.620 256.962
187.407 258.569
194.734 265.177
185.894 268.276
176.975 267.909
241.026 271.723
247.958 267.074
260.963 269.668
270.350 273.659
261.175 279.583
247.937 277.344
175.947 349.507
178.009 343.580
182.287 340.692
193.117 341.182
206.438 347.081
215.250 353.298
219.314 359.890
210.399 359.964
198.379 361.224
191.948 358.202
182.638 354.803
178.353 351.538
180.104 348.437
186.509 348.062
195.637 349.670
207.509 354.184
219.794 358.343
201.916 349.713
194.813 346.466
187.018 344.924
180.972 261.758
253.686 271.277
