165.566 264.377
171.015 287.058
176.233 306.307
179.503 329.218
184.945 347.564
195.718 368.270
210.580 388.164
228.527 405.889
250.806 415.001
274.352 404.619
294.522 385.851
312.931 362.965
324.489 340.217
328.266 318.788
329.858 295.454
331.733 276.135
331.277 251.038
162.048 284.304
168.699 286.321
180.321 288.382
192.701 290.969
206.987 293.655
255.238 290.048
269.238 284.568
284.363 279.921
297.332 276.767
308.512 273.511
232.251 305.033
234.456 324.576
236.158 344.840
237.410 365.931
214.399 347.901
225.613 358.063
241.608 364.934
258.257 357.896
270.523 343.012
179.748 295.855
184.836 297.796
196.776 297.524
208.094 298.709
198.335 304.402
184.769 303.174
260.988 295.229
272.832 293.982
285.190 291.992
291.864 289.777
285.486 298.191
271.828 300.639
208.055 361.717
212.214 363.836
222.613 370.021
242.727 375.084
264.045 368.996
278.648 361.178
286.590 357.862
276.323 372.556
263.176 385.148
246.375 390.194
229.028 386.241
217.691 374.807
210.566 361.192
223.657 367.317
244.103 373.597
266.362 366.779
284.471 357.515
263.471 379.415
245.507 385.993
228.538 380.006
191.116 298.105
277.696 293.068
