161.202 241.425
163.405 265.882
163.773 286.836
167.859 309.913
174.438 327.995
187.292 345.793
206.906 359.934
226.873 372.952
248.468 381.635
266.990 375.345
279.509 366.328
293.076 354.867
300.367 340.009
305.199 323.671
310.756 302.744
314.274 283.576
320.443 259.988
203.820 226.661
216.200 224.739
230.376 224.703
242.589 227.529
253.989 233.031
292.642 236.828
304.400 234.858
315.566 235.876
324.232 238.462
329.262 242.723
271.143 249.707
272.241 268.255
274.397 284.323
275.734 298.603
242.601 304.733
252.256 312.257
264.235 315.390
273.632 316.480
281.320 310.910
214.681 248.032
224.556 243.219
236.906 245.591
241.677 253.709
233.147 257.816
221.639 255.537
290.825 260.583
299.436 252.620
310.307 253.770
314.318 260.649
309.537 266.715
299.956 266.289
224.181 329.870
233.986 327.776
245.142 327.186
261.684 329.415
274.468 332.262
280.093 335.569
282.583 338.588
276.806 341.290
269.527 345.031
257.230 345.027
243.358 341.607
232.091 335.177
226.286 329.029
242.732 331.822
258.929 336.017
271.216 337.109
279.951 337.301
269.484 336.741
258.365 337.478
244.549 333.920
229.316 246.445
305.006 257.040
