178.098 288.752
178.973 315.241
183.792 337.859
195.618 359.595
207.782 377.047
232.666 393.133
258.828 404.772
282.258 412.588
300.189 412.078
309.901 400.782
309.046 386.360
305.083 368.957
298.003 350.670
292.362 332.765
291.240 312.266
293.322 293.544
297.325 270.602
258.262 287.272
273.998 285.863
286.992 284.539
295.744 284.794
302.174 286.684
326.023 282.012
332.941 277.106
337.795 274.267
340.198 272.750
337.741 272.541
312.542 295.736
316.119 309.714
322.414 325.127
327.886 342.073
291.177 345.961
301.742 351.802
310.559 351.903
314.810 345.872
317.212 333.992
264.694 298.935
278.155 296.182
285.070 295.766
286.410 299.225
284.476 303.704
275.332 305.081
319.781 292.355
331.292 288.487
335.435 285.424
332.916 285.947
334.189 292.803
327.707 295.124
281.563 378.248
291.263 374.309
300.210 369.668
310.698 366.343
316.559 362.195
318.190 361.920
317.280 363.619
319.321 370.438
318.852 376.967
313.328 380.407
305.372 382.514
292.897 381.401
281.896 376.637
295.703 373.268
306.694 371.209
312.390 366.332
315.419 363.518
318.924 370.256
313.651 373.776
304.780 376.016
279.823 297.298
331.310 287.558
