215.394 257.738
216.240 279.808
216.353 297.672
210.374 317.039
207.359 333.851
202.230 354.065
201.375 372.392
202.809 389.615
211.035 402.709
227.408 403.534
247.328 397.090
270.725 388.779
293.152 374.720
306.259 357.411
313.726 337.709
318.277 320.476
324.450 297.999
165.341 263.935
160.703 266.145
161.274 269.927
165.196 275.374
172.136 282.401
198.452 294.025
208.480 293.351
222.243 294.426
236.296 296.033
252.577 297.630
183.574 301.648
178.496 318.619
172.330 333.693
165.163 352.569
183.684 342.100
183.115 351.802
185.840 357.688
195.407 358.827
208.196 355.117
172.898 285.287
168.487 285.236
175.560 288.673
185.418 294.927
176.148 297.930
170.762 294.083
216.081 308.073
217.563 307.396
229.431 310.859
242.089 314.613
232.103 320.795
219.533 316.964
185.475 362.663
181.323 365.259
179.709 367.980
184.723 373.493
197.688 377.627
209.385 380.597
220.915 381.300
213.313 385.574
202.396 389.564
191.539 387.978
185.609 379.922
185.119 370.758
188.178 362.378
187.640 369.733
191.427 376.152
204.112 378.997
220.537 379.442
200.934 382.335
190.333 380.051
184.885 373.003
171.865 289.423
223.161 311.453
