214.127 237.242
220.164 263.108
227.382 285.358
238.816 316.094
247.296 343.582
265.452 372.926
284.742 396.300
301.946 413.993
315.348 422.158
323.987 415.133
322.849 401.152
317.685 380.706
311.096 357.323
306.999 335.504
306.194 311.161
305.748 294.860
307.149 275.673
292.175 194.127
305.241 188.798
318.261 189.048
328.661 193.780
337.382 202.003
356.551 213.698
357.861 213.198
358.019 215.979
357.256 221.509
354.011 231.268
353.236 222.376
360.799 237.333
367.767 249.630
375.493 261.323
337.796 277.837
349.032 280.416
359.959 282.416
361.201 285.574
357.163 283.874
304.322 223.964
314.315 217.890
319.789 221.609
322.698 231.578
321.633 231.796
313.314 229.398
342.797 243.164
350.285 236.655
354.323 240.443
352.493 249.493
355.155 251.954
350.833 248.283
326.470 334.358
337.825 309.518
350.969 297.660
362.690 294.895
365.942 302.991
360.754 316.903
349.611 340.332
344.305 367.889
341.426 387.799
335.466 394.563
328.313 383.828
321.971 363.445
325.482 336.592
345.940 308.834
359.718 304.668
361.481 313.752
347.454 340.768
343.920 373.214
339.131 380.177
331.515 370.149
317.748 223.997
352.960 243.764
