229.690 275.301
230.437 305.314
234.301 327.981
247.756 351.084
261.935 369.360
289.696 385.302
319.293 396.745
343.573 404.915
359.515 408.328
367.110 398.891
364.415 387.023
357.160 371.033
345.237 354.470
336.121 336.760
330.500 314.851
328.361 295.133
327.457 269.219
309.594 245.633
324.855 239.808
338.482 237.749
348.593 239.526
356.589 244.542
377.832 245.544
381.759 241.074
383.957 239.532
384.296 240.525
379.346 245.125
369.743 259.775
377.063 276.676
386.667 292.050
394.535 310.021
352.323 319.920
367.242 326.311
378.188 327.782
379.032 325.804
373.778 319.552
319.008 262.565
331.393 256.345
338.724 257.082
339.891 264.856
338.077 267.356
328.945 267.431
364.557 264.545
374.154 258.969
379.196 258.184
374.736 260.939
376.801 266.471
372.211 266.776
350.188 360.464
360.987 353.219
371.854 346.630
382.877 345.033
385.138 344.080
382.555 350.017
376.066 355.946
379.271 361.938
381.893 366.408
377.304 369.804
368.345 368.698
358.500 365.113
349.998 360.176
366.632 353.772
377.194 352.645
378.478 351.754
373.558 355.820
381.526 357.394
378.542 359.431
369.436 359.137
335.172 257.612
375.529 256.571
