182.684 282.409
192.773 305.829
202.545 324.374
216.121 341.505
229.539 354.181
251.687 364.888
272.631 370.538
290.893 374.479
304.865 371.757
310.642 355.627
309.974 336.726
307.245 315.748
300.767 295.995
295.311 279.324
293.749 261.265
290.296 246.048
286.454 226.481
257.166 253.489
270.421 246.761
282.541 241.272
291.890 238.571
299.478 238.836
319.930 226.693
323.868 220.375
326.211 216.650
326.172 215.021
323.218 215.745
312.525 247.793
319.895 263.227
329.164 275.649
339.096 289.545
300.849 306.317
314.420 308.009
325.064 304.112
327.381 297.376
324.600 286.837
268.183 270.633
280.796 268.510
288.169 263.414
290.382 262.437
289.093 266.179
281.123 270.745
315.197 245.732
323.289 242.509
325.912 239.249
321.150 236.585
326.130 241.226
322.130 244.653
291.383 340.189
303.764 330.105
317.092 321.637
330.700 313.666
333.969 306.146
330.339 306.155
322.470 312.406
322.605 328.100
324.378 344.329
318.984 357.511
307.322 361.063
296.232 353.465
291.545 340.450
313.332 328.560
329.085 320.498
331.035 312.603
320.796 314.420
324.773 337.232
319.643 348.719
308.635 351.909
283.962 262.366
323.528 237.048
