192.279 282.491
202.687 308.154
213.072 329.183
232.348 347.531
251.244 360.941
282.873 370.262
312.958 376.673
334.525 380.868
348.414 380.517
355.609 371.518
351.666 360.802
343.853 348.276
333.719 336.001
324.827 322.170
317.418 303.254
311.609 284.767
304.774 260.879
259.458 251.877
272.566 245.706
285.754 242.073
296.126 241.693
305.240 244.168
331.356 240.792
335.978 236.358
338.989 234.479
340.982 234.211
340.309 237.257
321.905 253.656
329.576 266.519
339.628 276.864
350.335 290.440
327.259 308.399
339.612 309.805
348.466 306.542
349.582 302.693
346.005 296.222
274.388 268.781
285.939 261.777
295.061 261.868
298.221 267.298
296.510 269.671
287.626 271.510
326.315 262.094
333.899 254.197
339.644 251.694
339.285 254.916
341.750 260.453
335.539 262.512
349.441 335.572
354.227 329.288
359.836 322.968
363.893 318.266
362.496 316.943
359.562 320.024
355.498 326.042
361.892 333.712
366.005 340.382
368.499 341.830
365.432 343.220
357.274 340.331
344.642 335.755
357.700 330.927
360.399 329.362
359.407 326.144
354.908 327.560
364.814 331.676
366.499 334.015
363.172 334.294
289.028 264.155
335.597 253.841
