161.053 277.068
164.496 302.288
166.885 323.602
163.950 349.194
166.142 372.861
171.090 400.057
182.432 422.708
193.950 441.169
209.744 450.377
230.140 442.633
251.099 425.962
273.540 404.103
290.660 377.996
300.933 353.396
306.741 325.716
310.804 302.921
316.307 275.278
143.360 244.127
147.862 236.595
156.402 233.192
165.010 234.787
174.515 240.701
211.481 236.840
224.167 230.244
239.556 228.196
253.830 230.464
267.723 238.703
189.044 261.189
183.855 284.660
179.628 299.956
175.852 317.954
174.468 332.407
179.418 336.644
187.744 337.668
201.132 336.424
214.913 329.451
152.123 274.582
154.806 266.467
166.131 267.186
176.049 276.752
161.987 279.737
153.268 279.908
220.681 275.827
229.606 264.002
243.101 264.718
254.265 273.379
243.400 278.735
229.926 278.430
173.911 380.313
170.935 364.278
174.756 357.586
187.173 355.723
204.023 357.409
217.818 365.444
232.185 382.113
227.743 405.562
216.436 423.215
202.182 429.911
187.574 422.159
180.289 404.395
176.786 382.860
177.946 365.540
192.741 363.706
210.104 366.461
230.804 382.724
214.953 412.666
201.410 419.965
187.962 412.346
159.104 272.521
234.272 271.289
