187.300 243.395
190.333 265.299
187.078 283.825
181.622 307.091
180.904 326.200
179.310 349.739
182.124 372.376
188.112 392.173
199.548 404.790
216.695 405.650
238.432 398.363
264.210 385.723
288.904 369.023
303.423 348.436
308.895 321.772
308.862 299.381
313.643 274.808
148.950 250.443
148.248 252.507
152.467 255.691
158.822 260.120
167.490 266.803
198.989 274.954
208.748 273.030
221.757 273.517
235.122 274.759
250.793 276.701
182.768 286.673
179.467 304.772
173.582 320.521
169.273 335.952
173.588 331.775
175.503 341.833
180.944 347.003
192.862 349.527
206.658 345.256
157.509 269.862
155.651 271.981
163.532 274.557
171.014 281.486
164.772 283.753
156.950 279.978
212.408 293.520
214.962 289.822
225.828 291.747
238.433 294.120
229.414 302.484
217.196 300.044
172.195 360.502
168.746 356.742
169.597 356.295
177.265 361.779
192.259 365.959
204.465 372.050
211.988 378.083
207.386 384.313
194.220 390.345
183.171 388.333
174.842 380.003
172.925 368.975
174.398 361.026
174.800 362.432
181.357 369.425
196.434 372.523
211.267 376.988
195.151 379.979
182.967 378.297
174.934 371.208
159.349 276.399
221.460 294.840
