177.950 249.858
178.776 278.569
183.665 301.523
191.258 323.296
200.701 341.432
219.130 359.758
242.724 373.763
264.549 384.239
286.253 388.877
306.183 381.735
321.643 371.032
336.560 357.810
343.792 342.932
346.568 325.794
347.918 303.494
350.942 283.284
352.405 255.613
215.799 231.849
227.835 228.047
241.860 226.448
254.285 228.093
266.265 233.324
305.237 234.566
316.485 230.690
328.374 230.034
338.470 232.043
346.122 236.852
285.669 249.684
287.378 266.962
290.438 280.940
294.687 295.428
270.103 311.788
283.367 317.021
296.202 316.114
305.270 314.101
310.366 307.346
229.225 254.419
238.594 247.194
251.398 249.168
257.313 256.989
249.670 260.730
238.596 261.124
307.605 259.403
315.873 252.185
327.395 252.855
333.004 259.227
324.538 265.266
314.448 263.887
277.310 344.909
283.469 340.991
293.500 337.727
305.725 335.141
312.698 333.800
316.900 335.343
318.694 338.116
314.759 343.531
311.906 349.335
305.403 353.539
294.481 352.204
284.932 349.052
274.956 343.467
291.740 343.927
303.856 343.938
310.847 341.068
315.900 339.380
309.714 341.556
305.053 344.210
294.653 344.482
240.575 250.892
317.005 255.108
