243.086 254.707
245.754 274.232
246.238 290.491
239.669 308.511
235.165 322.822
225.123 335.520
217.781 344.522
215.633 351.500
219.824 354.783
228.510 349.432
242.560 341.448
261.196 331.253
281.970 316.821
294.208 299.064
298.356 276.354
301.377 255.936
305.424 231.338
182.943 238.985
177.518 235.702
175.505 233.599
175.439 233.995
177.855 235.963
185.522 230.606
189.138 226.025
196.324 223.165
205.076 222.018
218.292 222.092
182.282 242.905
179.761 257.686
176.203 271.636
172.446 287.866
188.964 296.807
187.978 301.585
188.347 302.755
194.254 299.718
199.960 292.317
188.447 249.196
181.420 244.227
185.215 244.427
190.726 248.921
185.326 252.915
183.953 254.374
203.962 240.940
200.478 234.024
207.771 232.056
219.543 234.760
209.354 242.449
203.264 244.021
195.097 324.464
190.030 321.416
187.431 317.593
189.012 316.070
192.941 314.663
200.444 317.815
209.737 320.090
204.732 326.059
198.909 330.177
193.381 333.237
191.204 333.035
192.903 329.103
197.141 324.083
192.760 323.855
193.454 324.384
198.867 321.790
211.318 319.766
196.371 324.025
190.631 327.072
189.169 326.840
183.755 244.286
205.120 232.817
