186.889 290.137
187.353 312.146
184.687 327.922
176.605 340.844
169.437 351.492
157.616 357.205
151.927 357.047
148.662 355.429
155.251 352.602
176.895 347.381
203.771 344.443
233.225 340.093
258.602 332.864
274.483 321.468
286.603 303.182
294.314 283.674
303.588 255.756
152.296 244.854
151.653 236.944
154.558 231.136
158.465 228.914
163.704 229.696
187.457 219.489
196.278 213.676
207.571 210.782
219.219 210.810
233.709 214.833
170.307 237.954
162.836 252.251
153.500 261.341
144.653 270.917
153.105 293.628
152.566 293.973
155.702 291.518
167.388 289.150
178.871 282.480
155.317 260.188
155.720 251.478
162.964 250.614
168.738 256.326
159.857 259.433
153.814 262.190
197.342 245.919
200.823 233.891
211.121 232.090
219.596 238.064
210.004 241.366
200.074 244.165
146.408 321.788
144.096 312.300
145.058 305.827
151.505 299.588
163.188 299.504
177.111 303.232
190.679 308.913
177.543 312.177
161.648 316.689
152.724 320.102
145.686 322.012
146.128 321.824
149.690 322.381
148.598 314.342
155.503 310.024
169.291 308.463
190.014 310.630
165.390 309.463
153.734 312.163
148.406 315.121
157.857 254.754
204.711 237.377
