155.938 268.768
162.478 295.287
168.103 314.878
174.698 338.200
182.185 357.596
198.282 377.363
220.975 393.875
245.122 406.734
269.300 413.738
290.180 403.440
302.688 388.803
311.479 370.097
314.051 351.291
312.447 332.186
312.090 310.611
314.631 293.202
319.028 269.329
194.223 253.286
208.515 250.488
224.450 248.983
238.208 250.344
251.587 254.649
296.168 254.822
307.209 251.272
317.691 250.680
325.688 251.683
329.827 254.358
274.564 269.843
276.881 289.740
279.510 309.203
281.744 329.342
248.420 330.616
260.240 339.159
274.806 341.781
284.943 338.000
291.347 326.263
209.661 271.852
220.633 267.705
234.135 268.176
241.633 275.405
232.632 279.761
218.489 279.296
291.530 275.664
303.182 268.198
313.779 267.689
315.916 272.149
312.790 279.330
301.696 280.200
234.990 357.958
244.357 356.408
256.832 355.292
275.910 355.189
289.577 353.606
297.393 353.768
301.490 354.549
297.523 360.111
289.949 365.815
276.962 367.598
259.616 367.032
245.552 362.699
238.116 357.060
255.272 359.830
273.426 359.705
287.447 357.752
298.175 354.417
287.701 357.347
275.565 358.177
259.795 358.823
226.901 270.901
307.410 271.192
