181.833 271.664
186.761 292.090
191.351 306.426
192.308 319.822
193.414 331.723
194.267 340.303
202.011 341.144
211.833 341.769
228.613 339.710
250.419 329.703
272.070 321.274
296.343 310.616
312.477 297.320
318.927 282.982
322.650 263.894
324.505 245.095
324.800 220.353
158.986 236.234
160.053 229.545
166.429 223.004
174.711 219.603
185.145 218.486
220.267 203.614
231.485 197.037
245.245 193.120
257.998 192.226
271.142 194.767
201.927 219.937
200.033 230.532
197.698 241.957
196.851 258.893
192.991 274.177
200.209 277.005
210.431 274.625
224.562 268.806
233.926 258.599
170.262 246.334
170.727 240.375
182.089 237.266
192.510 239.562
181.133 244.161
172.310 247.241
234.985 222.354
240.158 214.762
252.369 211.315
261.062 214.387
253.184 218.239
240.804 221.603
189.968 302.454
190.414 293.726
196.231 286.495
209.136 281.249
222.228 277.843
233.809 279.906
243.629 284.273
230.494 288.937
218.002 296.322
209.117 301.866
199.585 303.575
193.687 301.480
193.311 301.173
196.715 294.551
209.325 290.123
225.800 285.198
241.824 284.525
218.307 287.687
208.330 292.090
198.100 294.746
175.938 241.142
245.428 215.794
