156.609 270.360
156.017 293.842
156.347 312.795
159.911 335.483
165.483 353.623
175.323 373.014
191.066 390.437
209.523 405.282
231.512 412.459
254.755 403.210
273.888 388.921
291.760 370.744
303.343 352.095
310.002 333.610
315.337 311.704
316.648 294.038
318.670 271.130
159.922 251.898
169.413 248.115
183.023 246.596
195.560 248.022
208.403 252.706
250.499 262.377
262.429 259.078
275.906 258.111
287.923 258.329
298.809 259.877
230.394 269.818
230.969 284.987
231.210 300.035
230.145 317.359
206.511 323.368
217.429 331.487
230.258 333.567
243.597 331.321
254.623 322.675
173.770 272.364
180.736 267.870
194.653 268.435
204.702 275.533
194.648 279.347
179.504 278.838
258.165 277.995
267.547 280.133
279.868 278.095
287.321 275.938
279.582 280.439
267.639 281.661
200.890 363.688
205.258 357.508
213.977 350.799
230.096 350.067
246.245 350.033
254.879 356.807
261.443 362.501
252.877 369.638
242.140 376.846
229.619 379.583
216.215 376.969
206.796 370.882
203.838 363.149
215.006 360.330
230.408 359.907
244.906 359.878
257.667 361.601
240.956 365.300
229.698 366.797
217.072 365.576
186.874 272.505
273.089 272.655
