176.037 244.288
179.753 268.000
182.351 287.326
183.532 311.088
186.126 330.318
192.616 347.898
202.803 363.596
216.912 377.146
238.075 384.356
264.855 376.250
289.118 361.345
310.551 342.908
325.784 325.296
333.616 305.732
338.931 280.691
340.858 261.788
343.224 238.126
172.680 226.652
178.906 221.894
188.206 219.967
197.625 221.532
208.382 225.983
246.562 223.904
257.969 219.138
270.944 216.906
283.132 217.150
296.061 220.932
228.048 242.151
227.639 258.702
225.611 271.630
223.277 287.635
207.263 297.509
215.856 304.083
228.792 305.879
243.401 304.196
257.015 296.367
186.988 248.772
191.780 245.260
204.230 245.330
212.899 250.944
203.414 254.012
191.693 253.854
254.676 249.694
261.922 242.970
273.255 242.252
283.294 244.420
276.241 251.324
263.430 252.843
200.438 324.354
203.377 318.791
212.145 317.696
228.427 316.735
250.715 316.617
266.279 318.047
279.016 322.883
269.545 335.695
252.040 348.569
232.353 352.761
216.193 348.698
206.136 337.312
202.793 325.700
214.630 322.095
232.129 322.966
253.180 321.205
277.228 323.560
251.393 334.972
232.576 339.625
217.071 335.979
197.040 248.397
267.935 246.179
