165.719 278.675
166.602 301.613
166.887 321.735
168.937 344.840
174.599 364.174
188.313 383.680
200.252 402.651
213.876 417.624
234.685 424.122
256.987 417.417
275.375 404.511
293.218 385.506
310.755 366.887
319.345 346.693
325.374 321.124
327.374 300.549
329.458 275.587
176.182 236.741
184.399 228.577
195.169 224.999
205.302 225.088
216.305 229.153
260.254 228.210
272.282 224.506
284.722 224.763
295.508 227.495
305.469 235.675
236.513 247.122
235.315 265.121
233.728 276.368
231.525 287.632
211.061 310.445
220.102 313.938
232.011 312.000
245.108 314.737
256.069 311.761
184.741 257.880
192.598 250.306
203.350 250.958
211.828 259.182
201.791 262.436
190.872 262.747
264.857 258.671
274.551 248.941
286.083 249.918
294.563 257.257
286.810 261.979
273.933 261.993
214.569 356.864
215.966 344.704
221.938 336.544
230.590 332.849
240.867 335.825
248.099 345.311
251.110 357.967
248.697 367.969
241.347 377.134
232.816 379.841
224.551 376.153
218.229 367.988
215.582 357.754
223.704 348.523
232.075 346.348
241.854 348.595
251.356 358.248
241.035 365.222
232.799 367.191
224.818 364.877
196.612 255.141
279.279 254.790
