179.377 291.130
183.367 309.771
183.710 324.379
183.536 334.944
186.569 342.277
190.667 343.049
200.643 340.290
214.108 335.317
233.914 329.809
257.326 319.055
280.586 311.844
304.539 303.402
323.558 298.687
333.852 291.520
336.500 278.547
335.352 263.861
335.513 243.488
164.891 230.791
168.877 220.018
177.099 211.474
186.639 206.979
198.160 205.365
236.306 192.342
247.691 187.167
261.337 184.661
274.502 185.442
288.675 191.152
217.052 206.336
215.967 213.843
214.415 219.573
211.781 226.821
202.902 263.481
209.869 260.330
221.293 255.594
236.261 252.415
249.190 249.123
177.778 239.735
179.475 227.883
192.039 225.636
200.357 229.532
190.838 231.012
182.047 236.086
248.477 213.897
253.183 204.245
265.680 200.582
276.608 207.461
267.177 208.438
255.084 210.143
197.380 300.228
199.557 285.009
207.376 275.232
222.044 268.744
239.456 264.990
254.676 266.881
264.601 274.950
254.778 280.833
238.598 284.599
221.981 289.623
208.596 295.502
202.341 300.640
199.265 300.023
210.001 285.347
225.861 278.623
243.659 273.605
263.464 276.661
239.785 277.427
222.837 282.439
209.179 289.313
184.398 228.545
259.181 203.286
