175.890 255.147
173.458 281.152
172.624 303.107
172.480 327.012
175.650 349.267
183.665 376.050
193.274 400.903
204.562 421.686
224.506 432.987
247.989 427.666
265.026 412.398
283.448 392.258
299.905 370.085
309.904 348.511
318.703 325.209
325.743 306.292
332.511 282.294
193.091 224.913
202.656 219.140
215.128 217.610
226.455 220.756
237.630 227.284
281.343 233.693
294.274 231.388
307.080 233.043
316.980 237.650
324.104 246.715
255.512 247.972
251.865 267.770
249.027 282.792
244.505 301.642
224.302 308.263
232.016 313.308
243.855 317.417
256.478 317.850
265.548 313.343
200.446 253.852
208.044 247.967
220.134 249.767
228.371 258.138
219.283 259.799
205.845 258.787
278.676 266.559
290.453 260.617
301.533 263.848
307.096 271.168
301.222 274.609
288.202 271.687
206.677 358.096
212.672 340.801
223.209 333.843
240.654 334.273
257.552 339.905
264.205 349.079
264.705 366.017
256.438 387.107
244.655 403.374
228.617 410.062
214.486 398.552
208.808 380.993
209.829 359.473
220.929 344.098
239.069 342.783
255.644 349.558
261.879 365.444
245.831 395.139
230.011 401.124
216.383 389.564
213.573 251.840
295.190 265.451
