161.851 260.912
163.289 290.057
165.109 313.542
176.294 333.679
188.730 350.683
213.748 366.425
243.238 379.654
271.841 389.026
295.568 394.586
312.146 392.149
317.864 386.711
319.759 377.273
316.792 365.891
312.778 351.474
310.790 332.298
311.148 312.097
311.772 286.394
236.378 230.557
252.767 225.694
269.279 225.405
282.093 228.891
292.567 235.104
328.442 242.247
337.343 240.779
343.508 242.479
346.498 246.668
344.541 254.549
309.159 252.680
314.011 268.990
319.069 284.316
323.227 301.224
282.585 316.526
296.826 321.313
310.194 323.204
317.538 324.547
321.188 319.668
248.477 253.099
262.116 247.303
271.865 249.193
276.078 256.770
272.001 259.911
260.265 259.542
317.493 266.177
330.239 261.393
337.444 264.301
335.924 270.436
335.283 273.941
327.240 271.418
272.207 349.600
280.335 344.022
291.979 342.267
309.221 343.282
319.443 344.139
322.719 348.098
324.184 354.272
320.953 356.490
316.256 357.413
306.078 357.058
291.850 355.139
280.088 352.304
272.158 349.539
288.522 347.693
305.550 348.464
314.684 349.945
321.040 354.014
314.308 350.488
305.399 350.104
292.514 348.473
265.707 251.548
331.809 265.703
