177.433 263.014
179.541 288.099
182.730 308.204
188.622 326.555
197.722 342.448
216.146 356.996
239.500 368.395
266.509 375.144
291.278 378.350
309.635 374.313
316.164 367.596
318.187 356.955
316.787 345.679
313.523 332.385
310.360 314.866
308.721 298.207
309.433 276.936
222.832 230.710
236.623 227.757
251.361 226.062
263.847 226.672
275.290 229.420
309.512 235.161
317.837 235.035
324.986 236.656
329.923 239.298
331.725 244.130
293.505 239.387
299.488 250.310
304.024 265.180
306.950 285.158
269.842 302.753
282.945 308.592
297.536 310.332
306.994 310.064
309.612 304.489
230.279 247.568
242.144 240.694
254.056 242.207
261.509 249.871
255.169 250.865
240.915 251.263
301.489 254.123
312.698 247.567
321.164 249.130
322.849 256.595
321.221 259.808
312.309 257.805
255.283 342.305
266.899 335.785
279.614 332.630
298.134 331.175
310.786 331.478
314.163 334.812
314.017 341.718
314.832 344.612
309.178 344.894
295.578 343.406
278.192 343.538
263.724 343.882
256.972 341.836
276.019 338.536
295.016 337.685
307.921 337.226
311.488 340.987
308.360 338.971
294.573 337.285
277.411 338.268
248.004 243.785
316.254 250.956
