158.827 285.164
167.338 311.835
172.781 332.845
178.489 352.026
187.472 367.245
202.571 379.725
224.335 386.266
245.924 389.374
269.113 387.919
292.667 379.229
313.330 367.619
332.901 351.016
343.619 333.696
346.359 315.321
343.561 293.027
338.632 272.423
332.746 244.388
178.311 258.613
187.243 254.842
197.562 251.979
207.720 250.889
218.552 250.702
256.160 239.815
266.862 233.772
278.563 229.029
289.091 226.529
299.945 226.964
238.093 254.902
239.758 267.448
240.938 280.249
244.142 295.126
227.116 311.049
237.471 316.505
251.357 318.287
264.483 310.712
273.784 300.381
191.334 273.809
196.350 267.298
207.531 263.620
216.120 266.930
207.577 273.426
196.908 276.617
266.540 254.689
273.041 248.049
284.427 244.912
292.600 248.725
287.506 254.256
275.387 255.827
223.853 352.458
230.130 344.884
238.651 339.193
254.702 335.048
273.108 330.385
285.379 331.426
296.562 335.531
288.367 342.778
275.517 349.822
259.955 354.351
244.770 356.580
232.727 355.550
227.487 351.195
238.963 344.013
256.180 338.460
276.617 334.682
293.044 336.051
275.408 344.399
259.589 350.422
243.478 352.393
205.110 266.990
283.146 247.757
