138.244 265.572
142.425 291.899
147.780 313.985
155.520 327.335
163.476 339.254
174.566 350.519
197.117 354.710
220.881 354.468
247.417 352.371
275.201 343.388
297.959 335.128
317.974 321.903
326.255 308.316
333.000 294.860
335.835 275.116
334.321 252.683
328.982 224.720
149.921 215.363
158.173 205.797
169.921 198.753
181.560 196.137
194.995 197.192
237.944 192.530
249.619 187.435
262.851 185.568
275.028 186.248
287.715 190.621
219.037 208.693
220.878 223.685
223.046 237.722
225.830 252.363
204.141 274.509
216.697 276.480
231.415 273.906
246.615 270.447
258.500 262.451
168.142 228.884
174.094 220.031
186.292 217.527
196.626 223.424
188.277 227.364
175.468 231.146
249.131 214.859
256.666 209.597
269.494 206.446
276.133 208.812
269.808 214.137
257.549 215.577
205.146 314.688
208.120 304.307
216.844 294.931
234.847 288.895
255.251 286.093
267.734 290.654
274.906 298.599
265.416 301.672
252.734 304.961
238.834 308.725
224.479 310.436
213.422 313.200
208.060 313.857
219.340 303.950
237.601 297.808
257.398 294.994
272.085 299.323
252.516 298.823
238.428 302.182
223.487 304.814
181.346 222.015
263.790 206.335
