244.800 288.863
242.861 311.712
245.611 329.780
255.450 346.398
264.033 359.150
282.164 369.572
299.136 371.574
312.657 370.854
318.033 365.548
314.967 351.556
303.287 337.781
289.578 321.429
274.180 304.861
264.047 289.932
260.010 273.509
258.729 255.373
261.126 232.379
326.932 268.879
337.498 263.942
344.051 259.246
346.564 256.524
345.897 255.508
345.766 243.599
344.919 237.603
340.724 233.049
334.694 230.407
324.899 229.626
343.183 261.798
348.252 277.192
354.173 290.051
356.667 304.010
327.853 314.016
333.204 316.844
336.082 314.052
332.529 308.615
328.101 297.230
327.044 281.752
337.856 277.373
337.635 273.406
332.846 274.187
335.379 280.547
333.719 285.419
331.297 258.359
337.704 252.172
334.630 249.405
325.020 248.936
331.710 256.154
333.676 259.706
319.541 343.913
325.506 337.931
331.666 333.198
334.661 328.107
331.636 322.428
326.508 319.329
320.219 319.484
325.516 325.586
331.194 331.380
333.525 336.148
330.809 340.003
324.376 342.217
317.682 342.133
325.084 335.990
329.153 331.239
326.234 325.148
318.859 320.153
329.555 328.631
332.067 333.560
329.273 336.597
336.579 276.458
334.524 252.039
