204.302 229.472
204.758 254.693
207.991 276.604
216.073 305.159
225.408 330.106
247.868 355.514
273.382 380.200
299.677 398.192
322.479 407.690
338.201 400.837
341.872 386.257
341.358 364.551
339.577 345.351
335.669 325.780
332.646 303.212
330.152 285.194
330.924 263.091
279.058 200.423
296.552 197.987
313.043 199.396
325.330 203.583
335.453 210.574
369.218 222.878
376.604 223.054
380.954 225.926
381.953 230.108
377.162 236.463
352.024 230.973
354.363 249.149
359.001 265.560
362.755 286.526
314.377 289.741
328.857 298.156
344.581 304.319
353.007 305.177
353.684 298.280
288.120 226.122
302.080 222.770
313.075 226.754
315.168 232.675
312.702 233.655
300.585 232.612
351.544 244.434
363.045 243.066
369.460 246.921
365.408 251.816
366.496 254.430
360.817 250.217
299.076 336.202
311.333 324.159
327.420 319.707
348.298 319.624
357.681 326.466
357.193 334.341
353.266 347.305
351.279 358.596
348.702 365.615
339.348 367.730
321.093 361.654
305.897 351.142
300.499 337.423
323.201 327.551
345.377 329.973
352.907 334.306
351.605 347.145
347.622 361.545
338.541 363.943
320.872 356.408
308.878 226.645
365.489 246.919
