207.825 293.310
204.020 315.312
200.737 334.632
191.810 351.781
185.277 363.842
173.293 372.470
166.052 378.094
160.913 383.030
166.100 384.372
184.427 376.408
210.444 365.117
239.988 349.748
268.442 335.635
287.463 319.552
297.630 296.536
302.666 274.157
307.826 246.064
161.813 256.424
157.976 248.493
157.298 241.645
158.706 238.219
162.510 237.394
181.686 223.380
190.603 216.739
202.427 212.856
214.574 211.780
229.263 214.776
166.628 242.126
157.879 254.633
148.711 264.544
136.996 276.526
157.018 301.574
152.532 302.817
152.966 300.992
164.355 297.163
178.475 290.833
163.243 269.844
159.242 261.046
164.119 258.212
170.896 261.835
161.548 265.477
158.382 270.051
195.035 247.802
195.809 237.220
204.773 233.407
216.781 239.870
204.950 242.702
195.231 245.547
157.854 338.894
150.671 329.219
147.221 322.853
150.930 318.662
163.713 315.401
178.767 318.726
194.193 325.618
181.434 335.988
165.783 344.681
154.204 349.539
148.316 349.608
151.882 345.708
159.562 338.893
150.923 331.252
153.959 327.691
169.061 324.484
192.876 327.272
166.109 334.789
154.464 338.999
149.069 340.953
161.655 261.700
201.084 238.067
