162.206 264.269
172.864 289.016
182.615 308.222
195.577 328.533
208.297 343.804
230.922 353.401
258.636 359.137
288.424 361.376
318.093 359.724
337.533 348.312
343.252 338.078
342.214 325.211
337.676 313.842
330.518 300.259
322.994 281.535
320.194 263.869
317.601 240.332
209.269 223.070
221.780 217.012
236.065 212.843
248.368 211.137
260.300 211.380
295.052 206.126
304.578 202.778
313.993 201.905
321.247 202.764
325.391 207.216
280.334 217.223
286.928 228.817
295.321 243.572
303.875 261.086
262.832 280.141
278.524 284.654
297.902 284.886
309.967 279.997
313.636 270.447
221.544 236.477
231.164 229.883
242.017 228.877
249.347 231.073
243.157 231.256
230.839 234.530
296.390 223.974
305.289 219.555
314.635 217.647
317.604 221.987
316.501 221.085
306.617 221.962
262.942 317.729
270.503 311.435
282.429 307.907
304.209 304.766
318.702 300.343
325.000 300.452
327.538 304.770
325.267 308.817
318.087 312.524
306.769 314.355
291.098 317.306
275.294 318.776
266.156 317.627
282.534 313.379
303.652 309.409
316.950 306.027
324.661 305.596
316.118 306.250
304.079 309.171
288.289 311.885
235.424 229.259
309.324 218.414
