245.719 267.226
247.389 288.984
247.492 306.109
238.412 326.118
230.975 342.333
216.476 359.678
203.623 375.484
196.495 389.373
196.518 399.921
202.069 399.848
217.027 394.859
240.030 386.213
266.523 372.180
283.456 353.264
291.905 327.581
293.255 306.590
291.424 278.430
190.101 260.270
183.775 258.584
180.482 258.604
179.483 260.702
180.319 265.057
183.708 263.969
186.021 259.932
191.102 258.599
197.957 259.312
209.123 263.189
180.774 279.621
173.828 296.368
166.284 311.889
160.325 328.483
181.459 328.674
176.683 335.381
175.636 338.477
178.685 338.900
186.226 335.194
191.672 276.779
184.577 274.172
188.258 275.395
191.039 281.624
186.901 282.463
186.384 281.427
195.760 284.632
191.667 277.944
194.579 278.229
204.502 283.284
197.702 288.231
193.871 288.329
172.568 354.922
168.512 351.937
167.569 350.034
168.510 350.481
170.547 353.986
173.037 358.340
177.148 362.762
173.502 369.210
170.993 374.849
170.730 375.613
168.490 370.882
169.559 362.500
175.596 354.462
170.687 357.260
171.630 359.768
172.616 361.741
179.342 362.567
169.333 364.627
168.233 365.133
167.083 360.407
186.854 276.055
194.430 280.619
