157.562 276.667
159.611 299.928
160.725 318.161
160.323 336.283
161.086 350.939
160.012 365.419
162.743 380.763
171.164 395.088
188.361 401.825
213.580 392.100
239.270 376.075
263.902 357.029
284.236 340.444
294.894 323.201
300.894 301.297
304.441 281.793
307.548 255.625
121.728 247.862
121.884 242.905
127.771 240.112
135.759 239.854
146.400 241.758
186.329 234.124
198.483 227.902
212.970 224.215
227.017 222.770
242.516 225.873
165.198 250.051
161.764 262.639
157.069 274.415
153.397 288.997
153.320 307.339
158.328 311.299
167.654 312.008
184.786 309.009
199.303 301.755
137.221 263.060
136.411 258.617
145.436 257.468
155.843 260.174
145.618 263.379
136.888 264.764
200.678 253.716
207.591 247.830
219.635 245.484
231.566 247.620
220.141 252.165
207.227 254.047
151.910 344.993
151.499 334.678
154.860 329.782
167.986 329.264
188.745 326.416
204.445 329.120
218.257 337.662
208.310 352.515
191.697 363.222
175.356 365.917
161.181 364.864
154.981 357.529
154.496 345.951
158.130 336.306
172.218 335.503
193.273 332.900
218.393 338.546
191.520 353.289
176.015 356.197
162.459 355.697
143.789 260.740
215.198 249.702
