159.324 303.597
165.664 330.920
174.454 351.664
184.130 371.400
195.889 386.470
213.722 400.275
238.864 406.157
264.226 406.998
289.030 404.292
309.296 390.970
324.902 376.824
337.967 357.651
341.817 338.208
342.865 319.790
339.651 297.997
334.749 277.201
326.375 251.511
175.847 280.941
184.894 274.067
197.045 268.706
209.247 266.821
222.575 266.923
263.310 252.600
273.948 245.549
285.850 240.831
296.906 238.791
307.586 239.487
247.041 272.474
252.311 286.086
257.200 297.409
262.926 313.975
238.466 335.199
252.393 337.342
268.087 335.517
280.742 328.820
289.601 318.926
193.531 293.143
200.101 285.922
213.376 283.345
224.832 287.799
215.417 293.114
200.612 297.020
272.147 273.723
278.261 263.280
291.410 258.641
299.559 261.558
295.582 269.206
282.415 273.126
241.999 370.299
249.009 364.933
259.325 359.955
274.636 355.447
288.687 351.127
298.475 350.247
306.136 350.472
301.078 359.259
293.596 367.203
280.395 373.847
265.393 376.497
253.648 374.311
245.212 368.534
259.644 365.751
275.675 362.350
290.306 356.669
302.571 351.290
290.947 359.846
277.853 365.201
263.028 369.044
205.679 287.917
284.249 264.885
