175.674 285.991
180.533 309.790
186.162 327.622
190.172 344.397
197.083 359.853
206.566 376.080
226.230 385.516
248.518 396.308
273.141 400.420
294.652 388.893
311.296 374.221
328.109 357.579
333.667 338.156
335.228 320.559
334.152 301.318
333.269 282.456
331.269 258.162
185.993 270.588
194.079 268.096
206.208 265.564
218.338 264.856
230.378 265.127
267.979 248.248
279.709 241.972
292.668 238.307
303.704 237.241
312.685 239.543
248.950 267.790
250.358 282.953
252.417 299.363
255.973 318.357
228.864 315.785
240.935 325.419
258.832 330.905
273.184 326.752
282.018 315.220
198.364 282.905
206.338 283.273
218.620 281.119
224.571 279.222
216.697 283.322
206.838 284.766
275.629 268.459
282.287 259.494
293.705 256.509
303.327 259.939
297.730 267.106
286.640 270.202
223.950 342.071
229.329 342.314
240.068 343.379
262.032 346.454
280.050 345.978
288.887 346.298
295.353 346.271
289.498 352.675
279.733 359.330
265.396 359.683
245.138 353.179
232.665 346.359
228.079 341.719
241.322 345.537
262.382 349.411
280.240 349.629
291.876 345.968
277.421 351.413
263.652 351.076
243.840 345.911
210.925 276.422
290.611 262.260
