176.935 244.299
178.579 269.804
180.002 288.946
187.061 312.103
197.096 329.719
221.024 343.587
248.432 354.957
274.864 363.933
298.195 370.160
312.568 369.675
317.152 366.636
319.170 360.073
316.429 351.521
311.251 337.350
306.829 317.162
306.312 301.556
310.621 281.192
239.378 217.131
253.713 213.870
268.786 214.172
281.063 218.057
291.650 225.331
326.248 237.507
334.938 237.074
341.357 239.685
344.579 243.692
343.742 249.707
307.997 244.361
311.869 257.822
317.070 268.890
320.680 281.840
281.098 290.065
295.487 295.965
308.711 299.554
315.273 301.309
318.673 299.006
247.282 240.441
260.726 234.071
272.245 237.599
278.683 248.199
272.612 247.359
258.869 244.856
317.528 259.939
327.961 255.487
336.522 258.120
334.715 266.293
335.551 267.326
326.575 263.065
272.691 319.023
284.069 315.631
296.177 311.759
311.557 313.750
320.320 315.798
323.626 322.333
323.292 329.364
321.290 333.707
317.753 336.602
308.463 334.878
294.672 331.074
281.825 324.634
274.257 318.958
292.755 320.911
307.675 323.782
317.130 325.153
320.262 329.057
318.677 327.853
309.290 326.919
295.578 322.798
266.941 238.724
331.406 257.628
