159.918 247.555
159.741 273.289
162.115 292.983
163.036 304.548
163.244 315.365
166.106 322.744
178.739 325.654
193.867 329.194
214.543 333.012
239.778 331.939
264.100 332.571
288.063 332.838
303.911 328.563
313.362 318.979
322.912 303.186
331.068 283.882
337.703 256.413
170.289 211.233
177.297 205.317
187.674 202.390
197.920 202.963
208.939 206.781
247.561 207.345
259.330 204.500
272.448 204.986
284.448 208.146
296.296 215.803
225.843 218.253
222.706 230.483
218.525 243.905
214.419 258.158
197.797 267.024
206.617 273.364
218.911 274.881
233.343 274.122
245.443 269.074
181.923 228.074
186.231 223.144
197.388 223.639
206.545 230.888
196.661 232.614
185.775 231.704
250.443 231.519
255.981 225.498
268.539 225.600
277.217 229.979
268.730 233.519
256.830 233.603
191.170 293.271
194.125 287.466
202.879 284.788
218.877 283.544
237.797 285.476
250.985 288.968
260.135 295.448
249.954 296.090
234.501 297.083
218.439 296.687
204.926 296.191
196.194 294.951
193.932 293.822
204.611 291.758
220.644 291.411
239.721 292.481
257.666 295.274
235.551 290.501
220.166 290.372
206.735 290.076
190.931 226.057
263.045 227.772
