187.375 241.541
189.850 261.854
191.370 278.344
188.181 298.589
186.149 315.333
182.454 333.685
180.683 350.770
182.386 365.571
192.397 374.386
208.159 373.909
228.188 365.245
250.269 351.352
270.990 335.119
282.403 316.538
288.214 295.515
290.443 277.844
293.106 255.299
146.883 241.109
145.621 242.120
149.285 243.445
154.982 245.999
162.650 250.057
186.217 253.057
193.705 251.282
204.924 250.758
217.171 251.147
232.096 251.404
175.511 262.479
172.165 277.223
167.566 290.472
164.278 304.477
168.493 305.523
169.839 315.015
174.561 319.788
185.457 319.135
196.695 314.413
154.853 255.566
151.908 254.900
161.124 256.327
168.629 261.789
160.153 265.042
154.212 262.770
201.549 265.842
204.614 264.114
215.538 264.834
227.871 266.836
216.724 273.372
205.522 271.057
167.278 338.341
164.963 334.741
166.334 334.333
173.286 337.241
181.746 337.852
191.161 341.864
200.636 348.056
194.182 352.437
184.147 354.849
177.680 353.714
170.002 349.997
168.202 344.339
169.163 337.621
170.156 339.901
176.044 343.072
186.219 344.749
200.635 347.165
184.817 346.849
178.062 345.732
172.100 342.456
156.109 256.658
212.081 265.243
