209.623 280.464
212.889 303.024
214.717 322.112
211.547 342.504
209.857 359.770
204.659 379.574
203.025 396.127
204.518 410.214
214.181 419.843
233.446 418.036
258.079 410.887
284.591 397.982
304.783 377.757
316.532 357.066
322.243 333.137
323.931 310.709
319.592 283.347
166.482 281.362
164.256 280.019
166.514 278.784
170.650 279.238
177.109 282.545
198.106 288.635
204.671 286.625
214.684 285.902
225.729 286.041
240.556 287.085
190.653 297.616
189.764 314.026
185.466 329.591
182.529 346.522
188.683 346.152
191.565 353.753
197.904 358.283
209.740 359.494
222.547 353.139
176.003 295.793
173.152 294.129
179.937 294.279
187.971 300.175
180.288 302.522
175.069 302.110
216.359 303.051
216.979 298.419
226.001 298.515
238.157 300.592
229.150 307.500
219.768 306.905
197.581 370.789
191.865 367.082
190.193 367.760
196.889 372.719
210.865 375.483
225.622 379.609
243.108 386.358
229.362 395.541
213.697 397.294
202.481 392.276
196.951 387.739
196.777 380.848
199.110 370.836
194.376 370.445
201.832 376.897
216.554 380.565
241.008 384.803
215.638 390.529
204.849 385.526
199.161 381.699
177.034 296.804
222.547 300.226
