169.872 289.968
177.046 313.178
185.044 330.552
189.940 351.728
196.742 369.297
213.214 386.150
234.309 400.878
258.075 414.844
281.647 417.509
299.568 403.587
309.602 383.167
317.785 362.397
321.560 342.508
319.150 323.118
319.067 302.987
322.766 285.263
324.466 261.185
211.544 292.461
223.459 289.950
237.472 288.239
249.289 288.746
260.469 291.789
294.624 283.352
304.210 276.252
314.622 271.589
323.475 269.124
329.437 268.841
279.039 305.340
281.286 324.033
283.742 338.333
288.007 353.994
257.735 351.312
268.854 359.259
282.864 361.744
293.470 352.955
299.376 341.876
227.509 307.413
236.088 303.846
248.782 302.741
255.352 308.315
248.446 312.275
236.840 313.271
294.012 300.130
300.361 292.003
311.788 288.170
316.783 289.319
314.213 296.513
304.128 301.049
238.042 370.276
250.829 368.764
265.557 369.124
283.736 368.746
298.116 361.692
304.886 355.418
309.941 353.435
303.864 368.201
297.336 381.986
283.333 389.165
265.776 388.672
250.082 380.251
239.503 370.020
261.681 369.345
282.242 368.459
296.642 360.987
306.895 354.326
294.814 373.570
282.003 380.697
264.360 379.802
241.567 307.944
307.400 293.234
