195.721 249.785
196.779 276.489
198.974 298.767
208.205 319.115
219.727 335.831
240.626 351.668
265.164 361.870
287.999 367.783
305.318 369.500
316.326 363.752
320.674 357.231
321.703 345.538
318.017 330.739
314.575 315.580
312.781 297.049
312.329 279.661
314.516 257.615
286.719 227.070
301.072 228.722
310.618 231.806
315.767 234.828
318.165 238.273
330.627 238.791
336.860 236.257
341.976 235.018
345.385 234.691
346.169 236.757
321.885 246.094
328.309 255.606
334.214 270.857
337.554 288.038
300.067 289.493
310.896 299.247
322.921 303.802
330.995 300.046
333.605 287.709
274.703 242.501
286.326 239.200
293.982 241.656
295.609 247.349
292.868 249.236
283.841 248.383
327.268 251.491
336.117 246.253
341.847 246.630
340.554 250.204
340.684 255.175
334.590 254.616
280.522 329.683
294.265 319.740
307.784 315.935
321.465 314.215
331.053 315.706
333.682 320.901
330.738 330.329
329.408 339.820
325.183 348.470
315.679 351.920
302.809 349.552
289.751 342.282
281.829 330.160
301.453 321.544
316.714 320.536
327.992 320.749
327.637 329.804
323.112 341.083
313.141 344.846
301.478 342.952
289.039 242.007
337.702 248.320
