192.700 287.461
201.311 308.926
210.367 324.645
221.962 344.106
233.644 359.143
256.294 376.092
282.978 387.457
306.247 394.651
325.029 392.156
336.111 376.085
338.811 356.191
340.477 332.795
336.865 309.719
332.583 290.996
329.929 272.217
328.800 256.359
327.680 235.173
247.084 286.708
261.513 285.210
277.823 282.800
291.777 281.244
304.101 280.311
339.482 264.850
347.004 256.356
352.711 249.376
356.081 244.408
355.049 241.583
323.662 285.203
329.235 303.911
335.269 320.097
341.953 337.627
305.403 338.623
317.436 341.132
329.512 340.120
335.465 333.051
340.036 323.495
263.059 303.887
273.811 301.571
285.396 297.061
292.810 296.438
287.613 305.019
275.209 309.299
332.607 278.318
343.653 272.205
350.164 267.638
349.914 266.692
350.355 274.746
343.249 279.217
308.845 371.625
316.520 367.109
324.163 359.852
335.978 353.014
345.270 349.393
347.654 351.492
345.516 351.792
346.780 361.321
344.412 374.297
335.531 384.209
326.317 385.432
316.300 379.148
313.460 369.361
325.297 367.012
334.319 359.423
342.609 357.882
341.820 354.010
343.571 366.787
336.739 376.727
327.197 376.835
277.256 301.729
342.973 272.512
