171.473 262.328
184.581 284.483
194.743 301.675
208.773 320.674
223.961 333.912
248.324 342.536
274.158 348.147
298.776 351.407
319.621 349.409
333.065 339.225
337.653 327.138
338.514 312.430
336.235 298.117
331.777 282.204
327.328 261.371
323.747 243.955
318.438 222.010
223.855 227.373
236.368 220.379
249.692 215.152
261.300 212.959
272.484 213.310
306.777 204.023
314.679 198.476
322.292 195.378
328.117 194.574
331.894 197.496
293.581 220.893
301.894 234.110
309.861 246.088
317.818 259.880
289.249 280.525
302.235 282.077
313.768 279.991
320.136 277.343
322.760 271.081
243.107 241.394
251.489 234.914
263.322 231.426
268.433 234.790
265.198 238.769
255.277 242.500
308.801 223.090
315.952 216.722
325.161 213.072
327.150 216.160
327.110 220.215
317.886 223.040
286.908 314.438
295.637 306.791
305.043 301.443
320.319 297.079
330.240 293.966
334.212 294.825
334.914 298.495
334.568 306.526
331.221 314.277
321.663 319.505
307.991 321.760
295.912 319.453
288.387 313.648
304.820 309.599
320.100 306.103
329.255 302.138
331.918 299.470
329.527 305.838
320.250 310.645
306.190 313.008
257.719 236.553
321.053 217.653
