155.931 260.713
153.087 286.678
145.480 305.401
136.917 324.573
132.372 342.094
132.247 361.003
138.786 381.431
147.932 401.936
165.731 417.621
193.400 416.176
224.374 409.033
256.235 399.163
280.737 387.684
294.812 371.039
304.874 349.151
309.815 327.461
320.575 299.965
151.347 237.252
157.628 235.445
167.125 236.394
176.675 239.915
186.849 246.365
227.692 254.306
241.263 252.697
256.305 254.795
269.545 258.752
282.626 265.793
203.449 265.033
196.600 282.369
189.456 295.039
182.726 308.533
167.145 313.988
172.628 323.307
183.818 330.159
200.422 331.701
218.719 326.120
160.695 256.620
164.329 253.936
175.798 258.380
182.649 265.574
174.020 263.799
162.735 261.114
233.214 277.854
241.763 273.943
256.281 274.713
265.504 281.005
255.332 282.541
241.819 280.630
151.717 338.572
155.887 335.658
162.131 336.973
177.632 343.113
199.753 348.491
215.272 354.477
228.241 363.372
211.585 375.586
192.021 383.015
170.544 381.475
155.389 370.715
151.574 356.155
154.283 341.423
162.523 341.598
178.200 349.507
202.769 353.662
225.537 363.717
193.984 375.494
173.259 373.725
158.876 364.320
169.636 258.614
248.918 277.498
