166.820 278.622
169.443 303.055
171.812 322.498
177.741 350.884
185.585 372.022
203.931 396.493
225.384 419.188
246.780 436.883
267.740 441.804
284.796 427.475
293.372 403.927
300.159 376.808
303.715 351.593
305.437 328.892
308.928 304.853
313.164 287.530
318.386 264.607
238.901 293.582
254.391 291.183
269.806 289.839
281.448 291.305
290.546 295.659
320.591 291.072
329.855 284.811
338.859 281.387
345.758 280.377
348.778 280.765
303.228 311.574
304.656 330.024
308.310 343.145
311.134 359.263
270.131 357.802
283.065 366.061
298.685 368.983
308.241 361.625
313.910 348.283
244.767 314.581
258.366 313.543
269.111 313.697
273.346 316.254
267.849 321.286
255.986 320.638
310.016 311.533
323.563 307.776
331.620 305.055
332.126 304.334
331.087 311.717
321.210 314.204
248.327 391.677
263.164 384.901
279.816 383.379
297.431 383.666
309.707 376.905
311.790 374.664
308.725 379.250
303.473 397.231
296.724 413.899
284.568 423.906
268.325 421.506
256.432 408.894
248.735 392.387
274.121 386.677
293.525 385.703
305.523 379.902
306.405 380.127
296.059 406.777
284.102 415.986
268.888 412.688
263.715 315.247
325.558 307.781
