199.352 229.803
202.979 252.274
203.165 270.870
199.566 293.571
199.733 312.197
200.049 335.859
205.217 358.577
214.742 377.094
228.962 389.158
247.982 389.811
270.338 382.713
295.722 369.375
317.323 351.334
331.103 332.383
339.667 309.439
342.907 289.491
351.736 265.402
180.191 242.721
182.855 245.154
190.503 247.975
199.615 251.953
210.748 258.694
247.037 268.774
258.080 268.061
271.673 269.678
285.290 271.676
300.532 273.498
228.024 279.360
223.822 299.918
219.664 317.691
216.130 335.351
210.114 327.042
215.910 336.011
222.915 342.844
234.821 343.001
246.124 338.260
188.661 264.374
189.584 264.783
199.596 266.349
208.845 274.596
199.746 276.423
190.687 272.502
255.881 288.309
260.402 285.071
272.431 287.794
283.594 291.230
274.435 297.052
261.988 294.864
204.789 350.479
206.984 350.870
210.740 352.571
219.388 357.235
230.587 360.333
241.149 362.792
248.921 366.317
242.510 370.046
230.981 373.752
221.007 371.928
212.451 366.249
207.825 357.854
207.408 349.461
215.257 354.003
222.807 359.121
234.020 361.330
248.600 364.762
231.833 364.757
222.236 363.536
214.364 358.759
195.620 267.663
267.230 288.385
