196.576 283.979
204.806 305.538
210.383 324.106
218.616 345.951
227.639 363.921
242.468 383.578
265.172 396.355
287.971 405.241
310.219 406.875
328.833 395.059
341.473 378.791
353.535 359.155
356.144 336.916
355.823 316.601
354.949 294.738
354.257 276.779
356.708 253.584
223.719 284.844
233.848 282.431
247.063 280.164
259.407 280.175
271.716 282.008
312.599 274.106
323.803 268.241
335.518 263.951
345.140 261.526
352.066 260.799
293.261 292.247
295.407 311.306
297.797 328.522
302.630 348.150
275.642 348.262
287.455 352.332
300.313 352.712
311.004 346.533
320.772 335.992
240.779 299.824
249.509 297.277
262.009 296.041
267.324 297.402
260.937 303.768
249.221 305.459
315.276 289.766
326.698 286.433
337.217 282.492
340.379 282.502
336.948 290.605
326.193 293.392
275.174 375.414
282.400 374.871
291.924 372.232
305.384 369.722
316.920 365.932
325.531 363.477
331.031 360.665
325.218 368.009
317.364 377.435
307.489 381.472
295.541 381.616
284.274 378.239
277.426 373.726
291.761 374.729
305.384 373.217
317.563 367.691
327.567 360.498
315.022 370.073
305.361 373.124
294.628 374.813
258.617 297.517
334.967 284.621
