239.343 224.031
248.663 253.655
261.513 276.365
283.989 293.577
303.495 308.399
332.803 318.821
361.052 326.341
379.268 331.532
386.486 336.603
385.829 335.435
373.709 334.329
354.794 329.694
336.626 324.967
322.074 315.817
311.012 300.929
303.098 284.315
298.152 261.367
330.073 184.508
341.453 180.672
348.574 180.664
352.496 183.217
354.945 188.653
364.122 198.819
366.156 199.404
366.643 202.434
364.820 206.937
358.745 214.943
361.212 204.076
372.224 214.343
384.116 224.985
394.573 237.995
369.987 255.562
379.106 258.747
384.273 260.946
380.848 263.597
369.982 260.453
334.586 203.662
343.047 200.972
345.140 205.161
343.893 210.707
346.192 209.798
343.172 206.847
353.620 219.237
360.215 218.326
359.820 221.605
356.311 224.461
361.118 224.740
358.908 222.288
382.425 291.829
387.084 283.546
391.514 278.400
395.783 278.511
390.715 281.341
384.993 287.078
380.485 295.637
388.613 298.913
395.608 300.747
398.840 299.607
395.528 298.800
388.173 295.891
378.842 292.766
387.939 287.429
393.413 288.039
386.994 290.048
380.627 296.406
392.983 292.868
395.329 292.143
392.503 291.334
343.396 202.744
359.062 218.558
