167.044 267.767
166.202 293.268
168.019 315.595
170.722 339.025
175.970 359.969
186.713 382.456
203.224 402.705
220.980 420.706
242.758 429.691
265.718 420.988
283.128 405.469
299.456 386.179
309.777 365.914
315.426 345.420
319.959 321.310
323.867 301.035
327.021 275.324
185.803 247.766
195.980 244.213
208.284 244.228
219.332 247.533
230.631 253.321
268.059 258.565
278.981 256.009
291.112 255.055
302.090 255.553
311.792 258.844
248.924 268.800
248.163 282.983
247.760 298.163
248.234 316.328
222.017 315.847
232.906 326.309
247.976 331.321
261.936 327.245
271.838 318.207
198.158 264.694
206.823 262.025
218.363 265.537
225.199 272.509
216.493 272.682
203.280 270.608
272.060 275.413
279.101 272.490
291.263 270.719
298.971 272.614
293.165 276.592
281.274 277.940
213.923 358.340
219.636 347.026
231.908 342.800
250.529 343.013
266.133 342.772
275.102 347.116
279.576 359.992
274.575 378.726
265.153 392.961
251.279 398.676
235.175 393.777
222.582 378.819
214.685 359.318
230.986 347.196
249.495 347.405
265.966 347.257
278.449 360.384
264.031 383.348
250.978 389.112
235.112 383.593
210.637 265.210
285.981 272.714
