223.485 300.116
231.949 323.793
240.457 341.153
252.089 359.888
265.328 374.076
292.722 382.805
320.073 384.844
340.972 385.315
354.805 382.279
359.053 370.071
353.556 358.465
343.441 344.617
328.800 329.572
316.876 314.660
309.613 297.138
307.694 279.885
307.786 256.461
300.901 276.651
314.546 271.901
326.061 267.866
334.111 265.942
339.928 265.662
357.644 255.652
361.346 250.268
362.808 246.508
361.829 244.373
355.956 245.102
351.769 271.963
359.649 288.076
367.333 304.536
374.584 321.751
340.990 327.527
350.649 331.075
358.504 329.496
358.701 323.271
355.378 312.445
308.275 289.023
318.927 284.520
324.872 281.170
325.199 283.965
325.163 290.628
318.794 294.707
344.451 272.314
354.517 264.970
357.483 262.598
354.062 263.547
356.166 271.779
352.665 274.650
346.665 357.751
352.407 352.854
358.737 345.458
365.636 337.618
370.259 334.532
372.085 334.048
369.741 335.379
371.600 339.953
372.073 343.947
367.819 350.751
360.521 352.832
354.041 354.533
344.429 355.363
359.122 351.802
365.976 345.264
369.586 340.558
366.181 335.480
369.969 340.832
366.204 345.135
359.697 347.976
321.561 287.085
354.693 267.374
