170.424 216.805
164.325 239.676
161.161 259.466
165.054 276.277
170.842 291.602
188.276 306.902
212.848 321.968
235.382 336.776
255.284 350.159
273.120 351.903
281.723 351.469
289.096 350.057
289.145 344.625
288.898 334.645
291.941 319.931
295.920 304.116
300.035 282.995
235.510 179.326
250.901 176.706
266.315 178.991
277.964 184.572
287.380 192.729
319.862 211.658
328.184 215.151
333.705 221.792
335.766 229.506
332.816 239.259
302.886 210.763
304.610 222.751
307.575 235.207
309.963 249.738
266.384 264.425
276.958 269.831
287.926 273.781
292.175 278.452
292.025 277.800
241.477 200.355
255.689 194.817
265.446 202.945
267.936 212.432
262.603 210.366
251.146 206.097
303.874 233.623
316.413 231.126
322.824 237.849
321.077 248.164
320.560 247.220
313.394 240.734
250.457 288.817
258.224 284.191
267.670 283.662
281.723 289.559
292.451 295.024
296.162 301.746
293.698 308.827
292.611 309.007
286.520 307.471
277.385 302.371
266.501 296.307
255.885 291.827
249.930 289.242
264.752 289.975
278.665 294.788
288.358 300.670
291.538 307.628
288.004 299.334
279.174 293.732
267.501 289.623
256.072 198.664
315.949 234.529
