201.918 254.058
200.037 276.001
200.661 293.414
197.122 311.637
194.895 327.866
189.436 345.253
186.169 361.678
186.152 378.233
197.031 389.837
219.602 389.502
246.002 381.283
270.971 369.712
290.178 354.409
301.215 337.430
309.626 318.041
317.241 299.435
323.003 272.762
166.067 240.487
165.409 239.200
168.038 239.597
172.432 241.888
179.591 245.118
201.685 247.927
209.911 246.376
221.958 245.819
234.635 246.911
249.899 250.575
189.499 256.998
182.061 270.260
173.606 283.534
166.360 300.117
179.072 305.515
178.932 312.960
184.320 318.118
198.620 318.006
213.760 311.938
173.886 256.414
173.697 253.448
181.618 254.368
189.821 259.524
181.440 261.951
173.531 261.312
218.917 263.874
220.209 260.698
229.849 260.989
241.778 266.528
232.953 270.797
222.269 269.227
181.968 329.861
177.125 325.070
178.044 325.657
187.137 330.349
203.356 331.749
220.508 335.279
236.256 343.925
226.289 354.480
210.041 361.674
195.929 360.706
186.818 353.582
184.581 342.574
184.833 331.184
182.860 328.580
193.099 333.577
211.559 335.349
235.768 343.348
213.311 351.616
198.465 351.470
189.728 344.888
177.944 253.894
226.401 261.460
