196.548 259.284
198.033 289.290
204.768 313.293
220.638 338.092
235.505 357.437
264.265 375.222
296.166 389.269
325.598 399.000
342.939 400.559
345.611 389.254
336.280 373.893
326.747 357.186
314.219 342.042
303.734 325.258
296.189 303.911
291.149 285.374
288.396 261.667
294.676 239.760
310.763 236.921
322.929 236.549
331.151 238.903
336.770 244.198
353.976 245.675
357.051 241.639
357.627 240.459
356.714 241.216
351.305 244.512
343.853 258.944
350.408 274.429
360.791 288.437
366.567 306.063
326.982 311.989
339.652 319.535
351.258 321.272
354.031 317.056
352.408 305.793
299.041 260.272
313.356 259.571
318.241 262.427
319.236 265.529
319.463 264.595
313.880 265.353
341.486 265.779
350.078 263.087
352.295 261.694
346.652 260.633
352.109 264.292
348.823 266.007
307.476 343.746
327.084 335.407
343.678 331.054
355.837 329.741
358.405 327.358
352.567 329.534
341.344 335.515
346.807 346.957
353.183 357.013
350.808 362.930
339.132 362.573
321.616 355.342
309.016 345.179
338.659 337.791
354.958 336.280
355.174 333.598
339.526 336.556
352.846 351.483
350.652 357.029
336.550 356.103
314.801 262.084
349.251 262.768
