199.778 237.790
197.801 257.045
196.691 272.615
192.113 287.001
190.883 298.368
190.614 304.963
196.935 308.183
205.664 311.679
222.702 317.092
247.060 311.497
273.246 309.133
299.996 305.341
320.248 299.326
332.200 288.349
338.106 269.822
342.861 252.293
351.215 229.968
195.071 184.228
200.751 175.916
209.118 171.362
217.231 170.352
226.070 172.632
263.635 169.648
275.585 166.140
288.830 166.423
300.788 169.472
312.452 177.550
241.321 183.096
235.470 194.295
229.706 202.604
224.200 213.563
213.485 236.756
218.842 239.526
228.924 238.519
242.940 238.571
257.180 234.477
202.406 194.885
207.784 184.227
218.936 186.135
222.968 194.943
212.608 195.168
203.756 196.030
267.443 193.408
273.977 182.539
288.606 181.270
296.609 190.860
287.769 191.295
275.423 191.931
206.325 268.674
209.848 261.678
214.766 256.982
224.591 255.239
236.473 255.059
247.247 259.783
258.152 268.112
249.005 269.485
236.224 269.718
223.659 269.682
213.737 269.779
209.312 270.091
209.465 269.375
217.995 265.332
227.196 263.997
240.021 263.618
256.217 268.808
238.683 262.239
226.728 262.719
216.789 263.475
209.268 188.040
279.685 184.319
