236.526 254.000
244.551 283.014
255.596 305.702
276.370 324.500
294.094 339.909
324.170 352.481
352.766 359.772
375.212 363.338
387.180 365.911
382.704 362.048
367.460 359.165
348.708 352.107
327.205 341.675
311.563 328.364
300.520 308.298
291.496 289.022
283.387 263.898
325.219 226.810
338.655 222.638
349.079 221.345
355.043 222.854
357.552 226.357
365.509 230.498
365.961 229.270
363.106 230.176
357.906 232.480
348.320 237.820
365.437 237.250
377.609 247.894
389.691 259.421
401.255 274.173
366.248 289.350
376.530 294.423
384.387 296.030
380.998 296.664
374.279 293.040
332.935 244.220
340.518 237.137
343.676 238.639
340.895 246.908
344.995 249.122
340.711 248.927
350.109 250.502
356.394 243.917
356.410 245.726
351.703 251.532
356.614 255.709
357.268 254.695
362.173 322.303
370.019 317.187
379.044 314.598
385.649 314.233
383.459 315.995
376.484 320.062
371.603 324.681
377.679 324.064
384.975 324.219
385.050 325.261
379.861 324.162
370.051 323.144
360.688 322.242
370.318 319.524
378.887 320.994
375.640 321.053
369.381 324.235
380.716 319.215
381.541 319.989
375.607 318.885
342.090 243.937
356.148 249.380
