228.347 251.718
238.121 273.892
244.628 292.236
243.822 310.266
243.780 326.515
239.753 345.794
235.963 365.112
237.910 380.907
247.531 389.670
261.205 389.483
282.331 379.898
304.616 363.872
323.617 345.439
332.184 326.579
333.494 307.282
333.063 289.073
329.994 264.423
181.929 258.487
178.786 259.963
180.190 262.025
183.777 265.062
189.956 269.341
214.008 272.186
221.467 268.716
232.644 266.945
244.886 266.255
259.836 266.434
203.268 282.930
205.498 299.099
204.327 311.908
202.085 325.801
212.382 328.800
212.317 336.054
216.295 338.243
225.828 339.342
235.483 331.048
193.352 275.978
190.046 274.880
196.906 276.598
205.346 281.622
201.361 285.610
194.542 285.475
233.421 286.500
234.025 283.180
243.159 283.250
254.158 285.599
246.715 293.521
238.357 293.131
217.903 350.718
212.982 349.876
211.676 350.416
215.804 352.984
228.285 355.366
242.234 356.751
253.255 358.794
243.805 364.250
230.741 370.513
223.157 368.979
219.676 365.380
218.858 357.145
221.155 350.089
219.327 354.404
224.734 356.096
235.912 357.924
252.642 357.087
230.451 361.013
222.980 359.654
219.141 357.176
194.575 278.229
239.680 285.549
