174.472 231.712
180.116 253.785
184.767 271.150
185.533 291.810
187.521 309.879
188.511 331.592
196.373 352.305
207.320 371.705
223.267 384.061
242.797 380.722
263.623 370.156
285.792 354.865
302.273 334.015
313.018 314.888
320.713 295.255
324.846 278.817
329.872 257.034
156.852 253.904
161.128 258.408
168.868 262.397
177.273 266.454
186.920 270.017
219.528 266.741
230.151 264.248
243.244 262.910
256.006 262.737
270.574 263.073
200.675 280.145
197.441 298.678
194.605 318.096
192.853 337.843
192.089 314.069
197.780 325.931
205.762 335.548
216.993 334.315
227.640 327.057
171.842 266.190
175.422 271.606
185.065 272.891
190.564 273.070
183.152 275.707
175.816 273.689
232.458 278.056
235.977 277.368
247.672 277.784
256.987 278.601
248.950 285.835
238.293 284.750
190.888 325.001
193.763 328.527
198.580 336.269
209.226 347.032
222.670 351.444
233.556 351.949
244.119 350.879
236.808 355.615
225.877 360.991
214.013 361.534
202.795 353.115
196.093 338.402
194.084 325.193
201.889 334.464
213.807 347.804
227.115 350.940
242.870 349.339
224.817 354.721
214.346 354.290
203.781 344.081
173.511 265.660
237.734 277.490
