182.476 248.548
177.656 267.818
173.385 281.953
163.460 293.518
156.436 302.581
146.901 306.210
140.628 307.751
141.584 309.350
151.689 313.081
172.015 311.514
199.728 313.703
230.535 313.687
257.603 311.611
276.295 302.665
292.360 285.678
304.415 269.510
318.766 246.188
164.744 194.292
167.201 185.212
173.747 179.949
179.472 178.859
184.957 180.768
216.948 176.946
229.050 174.140
242.253 174.863
254.627 178.742
267.435 188.466
192.920 185.127
181.602 192.035
170.984 201.580
160.784 214.320
162.969 241.556
160.398 241.716
164.480 239.456
176.303 241.577
191.064 239.895
167.478 210.225
168.380 203.621
176.885 204.997
184.366 207.477
175.783 208.704
166.959 209.703
222.188 204.599
226.476 200.555
237.007 200.016
246.838 205.876
235.533 205.696
226.247 205.536
144.664 271.568
146.596 262.387
151.096 254.677
159.249 250.464
170.304 252.946
180.702 261.757
187.495 273.137
175.326 272.964
161.626 272.470
153.911 270.648
147.449 271.519
145.096 271.742
147.904 271.856
152.576 265.643
160.682 262.715
172.229 264.805
185.642 273.320
166.540 263.823
158.334 261.812
151.531 263.834
174.118 200.256
234.616 196.113
