165.735 245.244
164.050 267.464
161.368 287.381
158.418 311.705
159.656 331.705
167.197 355.978
180.377 378.802
193.715 400.264
213.324 411.878
236.196 409.679
257.220 397.976
280.846 383.013
298.708 363.152
309.648 342.791
317.972 319.483
323.979 300.880
329.524 277.895
165.130 273.939
174.083 279.576
186.726 284.608
198.421 290.481
210.454 297.687
260.392 300.731
275.446 297.711
291.077 297.345
304.259 298.151
315.677 297.908
231.425 314.422
227.976 331.405
224.967 345.823
220.739 363.078
200.547 349.242
208.823 360.086
219.966 367.381
231.034 369.957
243.756 365.860
176.428 294.448
180.984 299.259
195.632 301.316
205.431 305.329
193.087 308.225
180.468 304.887
261.154 314.831
273.551 314.096
287.612 315.031
294.580 316.319
284.512 325.181
270.748 323.113
185.917 365.113
189.441 368.626
199.471 371.783
217.482 380.312
234.857 384.652
245.187 389.034
250.882 388.818
241.239 395.237
229.008 402.921
214.249 401.265
198.730 391.434
190.937 376.387
190.231 365.557
198.785 377.767
216.142 388.103
233.851 391.114
247.683 387.053
230.094 396.681
215.413 394.341
199.222 383.444
183.827 297.520
274.145 315.735
