223.526 289.015
227.023 311.321
228.049 331.884
226.553 356.797
229.170 377.951
229.982 397.540
230.554 413.366
234.012 425.460
244.585 429.021
261.500 419.145
280.658 402.442
300.711 379.255
317.467 351.827
326.586 323.810
329.010 293.718
325.646 268.960
325.073 240.263
168.165 251.737
163.892 243.142
163.300 238.283
165.641 237.391
171.413 239.803
190.839 225.974
197.400 215.646
207.877 208.220
219.574 205.100
235.118 208.729
182.063 250.823
176.543 266.022
167.876 277.846
162.797 292.365
179.808 304.107
180.130 306.046
185.037 305.664
200.341 295.234
213.212 286.271
170.587 271.484
167.858 262.155
174.852 259.337
179.217 265.777
172.242 272.060
168.853 274.521
206.585 250.311
205.289 239.606
211.841 235.073
224.739 238.798
216.154 247.178
207.936 250.458
194.792 360.911
180.432 339.550
172.346 326.595
176.032 319.251
194.016 314.016
213.748 321.542
233.230 344.761
235.459 372.967
230.622 394.973
223.029 403.809
214.704 399.357
205.387 382.926
197.635 361.962
177.213 339.482
181.324 331.834
200.356 328.652
231.669 348.574
226.844 384.500
219.932 394.742
210.232 389.671
172.575 266.794
213.533 242.575
