214.149 255.057
211.716 276.743
207.480 296.258
201.604 321.919
200.555 343.818
200.311 367.009
205.705 385.696
212.738 401.229
226.144 411.506
246.929 410.406
265.379 403.321
286.215 391.713
305.844 371.284
320.224 348.110
331.178 319.746
336.310 297.292
344.081 272.810
196.999 223.772
199.000 217.529
203.598 216.249
209.116 219.811
215.757 227.336
248.186 228.324
260.749 222.641
275.300 220.637
287.638 222.973
298.853 232.111
226.293 245.819
219.675 260.160
213.711 270.601
206.242 283.939
203.491 288.951
208.093 294.035
217.384 300.045
233.452 298.422
245.414 296.335
197.968 248.537
201.705 241.245
210.355 244.222
216.370 254.796
205.812 256.391
196.828 254.486
253.215 258.839
259.885 248.223
270.549 248.904
279.838 258.786
271.158 264.241
258.758 263.477
201.355 337.203
199.918 319.403
203.102 312.467
214.419 314.549
231.890 317.568
246.112 328.158
256.704 349.645
248.746 373.001
236.789 388.706
221.974 392.447
211.508 381.728
205.862 361.730
204.583 339.146
203.537 321.356
215.678 322.711
235.379 329.075
254.467 350.877
234.487 381.437
221.615 385.636
211.268 374.000
202.428 250.270
263.851 257.708
