194.466 263.723
200.164 288.913
201.858 310.745
208.064 331.897
217.593 348.197
232.393 366.435
252.836 381.397
274.488 392.791
295.626 396.289
315.173 387.508
330.563 372.587
344.608 353.748
351.577 333.552
356.148 315.526
357.787 295.109
355.212 274.614
355.416 249.555
214.075 254.555
223.750 251.335
237.515 249.112
250.766 249.910
264.345 253.172
309.165 248.739
321.371 243.163
334.200 240.039
344.673 239.377
351.858 241.506
287.828 267.126
290.501 288.214
293.324 306.139
296.070 326.950
269.608 329.440
281.261 336.741
293.679 338.581
304.180 333.838
312.872 322.825
229.730 272.211
236.230 267.193
248.955 266.620
260.101 272.391
250.150 278.272
237.074 279.112
310.080 268.400
320.325 259.973
332.096 258.078
338.893 262.330
332.432 271.477
319.532 272.394
261.971 360.624
270.571 359.172
280.505 357.073
295.568 355.787
309.072 353.193
318.108 352.198
322.762 352.836
316.781 361.136
308.923 369.658
295.818 374.053
281.571 372.836
270.970 367.239
264.286 358.860
280.635 360.121
295.224 360.150
308.907 356.765
319.737 351.919
306.613 360.272
295.241 363.350
281.455 363.643
240.272 270.408
323.030 263.187
