168.141 277.741
170.811 299.980
173.756 317.618
170.934 338.827
170.326 356.075
171.053 368.492
170.775 378.501
175.189 384.559
192.401 384.225
218.279 372.110
247.180 356.816
274.563 337.691
296.890 319.472
304.365 299.463
305.758 275.578
306.119 254.981
304.735 229.126
130.861 245.800
133.664 238.030
140.777 232.118
148.611 229.671
158.438 229.855
192.765 215.488
203.020 208.029
216.109 203.197
229.399 201.123
245.828 202.421
176.067 236.304
173.302 250.663
169.841 264.379
167.734 281.842
161.986 300.110
166.885 302.458
179.374 300.644
197.082 293.023
211.205 280.122
146.972 255.629
147.254 246.844
157.298 245.719
166.039 251.139
157.511 254.101
147.968 257.764
208.351 233.881
212.032 222.840
223.306 218.681
235.680 222.726
224.695 229.099
213.218 233.211
162.569 337.762
160.871 326.480
164.911 319.563
177.856 312.660
196.658 307.905
210.887 308.947
223.956 316.190
212.297 327.137
196.276 336.688
181.908 343.883
169.675 346.113
165.287 343.912
165.014 337.277
167.927 327.380
179.917 321.862
201.024 315.485
222.196 316.425
195.605 330.111
181.537 336.929
170.695 339.148
151.926 249.590
218.262 224.386
