241.682 254.453
247.221 279.156
254.784 296.984
270.884 314.936
285.970 329.349
310.510 338.040
333.109 341.980
352.408 347.225
360.892 352.718
359.945 351.753
348.894 352.570
335.976 353.424
319.647 349.890
306.548 339.709
298.046 323.530
293.322 309.653
292.847 290.440
312.169 229.802
321.124 228.740
328.743 230.307
334.066 234.406
337.354 240.833
344.513 248.697
344.830 247.804
343.676 249.563
341.433 252.996
337.225 258.765
343.566 254.007
352.134 262.557
360.813 271.047
370.113 283.046
338.574 284.952
347.569 293.232
355.024 298.692
353.056 297.435
348.305 294.690
318.058 247.789
326.743 244.061
330.169 247.895
328.905 255.630
330.914 254.639
327.674 251.645
337.315 264.854
342.822 260.756
343.269 263.313
338.099 270.114
344.130 270.207
342.864 267.604
343.227 304.830
347.426 302.326
353.562 302.389
359.346 304.175
360.890 305.876
359.696 309.939
358.197 315.439
362.931 316.320
363.547 316.460
360.237 314.127
355.628 311.564
349.665 308.033
341.191 306.908
349.619 309.564
355.230 312.483
358.435 313.343
355.936 316.785
359.333 309.600
356.784 307.413
351.267 305.148
327.607 246.742
342.452 264.471
