178.705 231.231
182.492 257.123
186.444 276.691
191.945 294.145
198.357 309.053
214.889 321.268
235.170 331.953
256.535 341.508
279.119 347.991
298.215 345.715
308.133 341.165
317.693 334.711
322.217 327.416
323.711 315.864
328.056 299.081
329.893 281.999
333.024 259.928
226.595 193.169
238.875 187.729
252.893 186.099
265.041 188.731
275.789 194.812
308.675 200.178
318.900 199.215
329.164 201.732
336.005 206.976
339.356 215.544
292.001 209.788
294.283 223.275
297.052 233.998
300.316 244.928
265.759 259.304
277.113 264.428
290.460 267.027
300.256 268.745
306.311 264.238
239.092 213.404
248.877 207.844
259.821 209.869
266.727 219.823
260.183 219.547
247.298 217.746
302.854 225.886
313.578 218.607
324.238 221.468
327.264 229.377
324.204 230.961
313.292 228.669
251.100 293.936
261.522 285.892
274.173 280.325
290.968 281.511
303.447 284.490
307.956 292.387
309.634 302.472
304.695 309.333
298.992 314.340
286.806 315.744
271.514 310.255
259.326 303.231
252.289 295.469
271.740 288.558
288.383 290.099
299.655 292.607
306.406 302.903
297.337 304.893
286.935 305.165
272.436 301.640
253.028 211.072
317.228 222.159
