197.449 298.900
210.439 319.200
220.819 334.509
231.440 352.659
242.310 368.119
263.644 380.495
288.475 387.928
312.820 392.078
333.072 389.560
345.578 376.573
348.000 362.959
346.014 346.667
340.820 329.523
332.958 312.692
328.523 293.966
328.494 274.997
329.487 249.825
239.986 277.409
251.731 272.211
265.280 266.867
277.372 264.027
288.983 263.425
323.296 251.437
331.725 244.833
339.852 240.189
345.351 238.231
347.340 238.731
310.101 270.333
317.696 286.021
324.707 300.609
330.101 316.892
301.677 326.242
313.778 328.808
323.709 325.921
330.709 322.985
333.803 315.127
256.901 293.018
267.231 287.562
278.686 284.019
283.965 284.706
280.350 290.775
269.710 295.644
321.932 270.700
332.725 264.058
340.804 260.284
342.033 261.339
341.508 268.579
332.204 271.783
299.990 357.776
307.933 350.526
318.423 344.686
329.870 340.568
339.065 336.195
342.819 337.048
344.508 340.770
344.321 346.675
340.588 354.313
333.322 358.718
322.729 361.872
309.553 361.586
301.342 356.740
317.047 351.732
328.392 347.912
336.760 343.445
341.639 340.982
336.621 345.564
328.850 349.959
318.788 353.004
274.921 286.997
337.727 263.622
