181.581 253.369
189.904 270.089
194.629 285.249
196.138 306.842
198.670 324.531
202.432 346.750
209.146 368.128
219.731 386.904
234.153 397.167
250.301 395.403
268.727 384.263
287.775 370.213
302.309 352.815
309.770 335.290
316.300 317.401
316.946 306.305
321.967 292.217
167.945 298.244
171.368 305.674
178.939 312.364
186.728 318.427
195.862 324.666
230.218 334.305
239.848 333.250
251.539 332.623
262.896 331.530
274.562 328.139
214.218 337.545
214.207 349.124
213.649 358.973
212.093 371.577
204.224 357.588
211.058 367.485
221.440 373.858
234.910 372.763
245.525 365.285
179.849 315.310
181.309 321.336
192.117 323.795
200.701 328.831
193.892 330.574
183.144 326.637
238.210 339.766
242.719 340.957
254.463 342.156
264.625 341.070
256.214 348.453
244.109 345.859
202.858 373.662
202.646 375.237
209.596 380.006
222.988 384.750
237.934 384.350
250.917 381.095
258.567 378.322
251.294 386.925
239.413 396.284
229.297 398.344
218.220 394.387
209.352 383.519
205.851 372.544
212.755 382.451
226.762 387.025
240.885 385.194
256.708 377.607
238.564 388.442
228.756 389.976
217.233 386.628
184.896 322.741
246.324 341.513
