188.183 226.630
194.878 246.331
196.252 263.281
194.714 287.542
195.318 307.146
196.604 329.160
201.837 349.375
209.456 366.546
223.190 376.559
240.812 375.254
261.920 366.265
285.563 352.932
305.412 334.761
317.003 314.970
321.674 292.518
321.243 274.707
324.344 253.634
159.805 254.830
160.558 259.492
165.360 263.567
172.197 267.577
181.279 271.885
212.200 279.264
221.588 278.299
233.909 277.723
246.718 277.094
262.216 275.896
197.984 285.140
197.130 297.903
193.271 309.856
189.466 325.322
194.221 315.727
197.300 325.173
203.206 331.900
215.626 331.191
225.991 323.783
175.053 270.508
174.690 275.501
183.997 276.785
192.201 277.191
183.664 280.219
176.826 277.812
228.388 286.045
230.261 289.179
240.846 290.927
251.391 288.364
241.744 293.466
231.947 291.343
194.518 338.212
193.723 339.770
195.685 342.160
204.570 347.434
219.692 348.230
229.640 348.943
241.027 350.363
233.081 354.872
221.314 360.370
208.721 360.779
198.706 354.758
196.006 345.873
197.331 337.861
200.092 344.457
208.773 350.223
222.917 350.594
239.412 348.598
220.231 353.723
208.901 352.801
199.341 348.356
179.069 274.704
236.618 288.441
