172.762 264.912
176.604 292.755
183.371 314.827
194.212 333.682
207.796 348.109
234.149 355.742
263.071 360.184
291.295 362.709
317.256 363.802
337.005 360.226
347.308 356.006
353.913 348.490
356.377 340.114
353.962 326.208
350.312 305.816
348.639 285.912
344.882 261.026
227.818 224.176
242.147 218.374
256.519 214.751
268.750 214.267
280.306 216.735
320.715 215.531
330.820 212.543
340.271 212.957
347.689 215.048
352.476 221.038
301.247 229.298
305.621 243.612
311.293 253.966
316.674 266.696
282.740 287.826
297.465 289.734
311.232 288.753
321.383 288.594
329.476 284.795
243.916 240.091
253.481 232.515
265.633 232.802
270.583 239.781
267.065 241.718
254.624 243.626
322.319 237.886
329.794 229.430
339.352 230.568
343.150 237.464
339.534 241.084
329.737 240.129
272.392 321.551
283.029 313.743
296.309 308.804
313.882 306.358
329.559 306.396
338.035 310.042
343.008 316.977
339.115 320.890
330.873 324.215
316.429 326.172
299.680 326.584
284.635 324.635
275.523 320.785
294.127 317.233
313.119 315.597
328.672 314.689
339.331 316.799
329.733 317.166
315.795 318.117
297.893 319.669
257.155 235.329
333.196 233.003
