170.179 279.336
172.850 304.328
176.066 325.369
178.421 349.082
183.898 368.048
192.727 388.588
204.474 407.148
220.225 422.601
241.263 430.861
264.549 425.468
286.546 412.772
306.676 395.296
321.775 375.265
330.838 354.951
336.336 331.863
339.721 310.833
340.586 283.092
174.949 293.927
182.317 294.951
192.638 295.834
202.669 297.552
213.860 300.071
252.362 303.327
263.226 301.254
275.799 299.320
288.001 297.586
300.757 296.379
232.952 311.687
232.560 326.801
231.249 343.267
230.985 363.076
210.916 356.245
219.878 367.080
235.676 373.011
252.152 367.959
264.050 354.795
189.275 309.530
193.232 311.304
206.950 311.418
213.525 312.549
205.810 315.261
195.718 315.737
261.148 313.902
266.596 314.031
279.910 313.255
288.650 310.536
280.254 317.121
269.558 317.279
207.530 382.664
211.068 385.644
219.836 387.913
237.589 391.008
254.980 387.829
268.165 385.649
277.959 383.990
265.972 393.210
251.739 399.679
238.354 399.752
224.026 397.248
215.488 390.435
211.276 382.688
222.039 388.599
239.368 393.101
257.208 389.547
273.727 384.499
252.274 390.809
237.938 392.253
224.515 388.803
199.972 309.584
275.661 310.793
