222.942 269.805
232.327 297.757
240.413 319.593
255.901 339.188
270.660 355.407
295.047 372.129
323.814 381.110
349.614 387.164
368.240 389.734
375.674 381.161
373.916 371.587
368.885 358.575
355.040 342.472
346.032 327.019
341.986 307.464
339.906 288.995
337.092 264.438
304.875 238.199
320.266 233.507
333.705 231.132
343.618 231.884
351.614 235.147
376.499 234.766
381.809 231.947
385.489 232.024
386.312 233.733
381.666 238.142
368.828 248.470
378.248 265.566
389.644 280.528
400.581 296.568
355.892 311.955
369.693 317.664
381.452 318.575
384.796 317.202
382.281 309.232
318.883 258.596
329.820 252.821
337.394 253.090
337.481 259.239
336.819 261.963
328.938 262.235
368.683 258.010
378.198 252.561
383.930 252.449
381.301 257.372
382.944 261.039
378.643 261.231
340.606 346.912
353.554 342.051
366.493 339.582
380.058 338.213
386.331 337.781
385.180 339.011
380.952 342.353
382.248 347.064
383.646 353.567
378.122 355.712
367.185 354.259
352.837 349.944
341.937 345.417
360.730 343.651
375.555 343.221
381.334 342.144
378.432 342.166
382.013 344.847
376.879 346.470
365.801 346.117
333.109 255.137
380.218 254.387
