174.978 267.580
179.838 295.976
185.325 320.221
198.994 346.686
210.944 368.390
231.807 388.375
255.386 403.770
279.226 414.761
300.743 416.948
314.927 406.288
318.990 389.796
321.656 369.536
318.577 348.131
315.520 326.528
314.256 301.074
314.579 280.038
314.785 253.736
257.487 258.535
273.154 255.988
287.503 254.445
298.621 255.521
307.432 257.352
336.672 253.580
344.424 249.613
351.014 246.982
355.172 245.884
355.046 246.478
323.521 266.320
331.013 278.177
336.834 290.620
343.762 308.659
296.530 314.457
309.907 319.930
324.880 321.044
332.178 315.617
334.404 307.749
266.816 273.879
277.760 271.007
286.564 270.552
289.168 272.123
286.695 275.622
276.158 278.107
323.863 265.291
334.750 263.622
342.055 261.956
342.045 262.903
342.059 266.801
334.495 268.128
273.532 359.047
290.253 344.784
307.267 338.241
326.700 335.059
338.037 331.819
338.849 333.647
330.506 345.243
324.271 363.258
319.266 378.181
308.203 386.716
293.346 385.862
280.004 376.261
273.585 360.856
301.832 344.498
324.497 340.470
335.704 337.338
328.222 346.695
316.611 371.942
306.263 380.747
291.702 378.995
280.568 270.911
336.935 262.825
