212.359 242.903
215.702 265.938
217.429 285.425
214.872 306.652
214.443 325.394
211.961 347.316
211.947 368.171
217.284 385.447
229.978 397.772
249.186 397.406
270.990 388.256
290.836 369.093
308.281 347.898
320.597 326.752
328.210 301.658
332.996 278.673
336.466 249.423
169.987 226.221
167.253 221.034
168.967 218.904
172.739 219.854
178.971 223.394
203.747 222.999
212.500 218.889
224.547 217.748
237.542 219.290
254.749 225.289
187.007 240.801
178.982 261.995
173.199 281.507
169.471 304.060
190.926 306.906
190.021 314.958
194.149 318.777
205.987 319.411
219.384 311.658
181.355 247.519
178.883 242.835
185.409 242.611
193.067 249.903
185.695 254.092
180.432 253.963
221.360 250.944
223.394 242.359
231.689 244.181
243.626 249.432
235.194 256.538
225.356 256.418
200.723 342.751
194.165 338.463
193.503 337.939
200.542 341.130
215.235 344.532
231.206 349.353
247.992 357.535
243.045 364.833
231.959 369.197
221.652 368.042
211.409 362.303
206.139 352.471
204.393 342.506
200.683 340.422
207.752 343.955
223.827 348.442
247.574 357.215
232.801 359.756
221.432 359.644
211.398 353.723
181.942 246.990
228.158 248.381
