170.284 238.740
174.179 263.165
176.677 281.155
176.864 300.886
178.781 316.644
186.728 330.260
199.012 340.062
214.089 348.485
234.662 355.036
258.120 352.280
276.941 348.239
295.605 341.494
308.882 330.292
314.970 314.801
321.035 294.852
328.029 276.411
335.791 251.782
191.736 214.619
200.700 213.185
212.239 213.334
222.531 214.988
232.787 218.431
268.125 221.694
279.179 219.747
291.284 219.941
302.373 221.156
312.255 224.509
248.443 229.676
244.960 243.910
241.493 258.547
238.423 274.314
221.888 282.794
229.941 289.103
240.470 292.275
252.568 291.485
263.717 285.557
197.443 230.543
204.821 230.847
217.258 232.176
222.823 235.968
214.277 237.811
202.186 236.259
275.689 240.561
281.856 237.368
294.065 237.303
301.133 239.653
294.282 244.020
282.200 243.225
211.499 309.839
217.102 306.505
225.333 304.896
238.166 305.217
251.631 307.042
260.763 310.701
267.365 315.771
259.785 317.809
248.664 320.020
237.649 318.958
227.290 316.704
218.404 312.558
214.654 310.079
225.139 311.557
237.653 313.218
251.838 313.986
265.033 315.890
250.244 311.668
239.256 311.063
228.404 308.894
210.060 231.717
288.763 238.543
