199.585 278.408
201.734 304.420
202.247 325.331
201.795 345.773
205.378 363.356
212.666 383.368
227.253 399.702
243.246 413.429
265.164 420.392
290.082 414.544
311.534 403.076
332.714 387.019
344.252 366.670
350.422 347.125
354.088 324.346
354.952 303.819
355.840 276.685
202.873 267.566
209.379 265.016
220.118 263.652
231.731 264.463
244.664 267.332
286.593 265.957
299.389 262.550
313.361 260.947
325.669 261.329
336.129 264.097
264.490 281.302
262.656 299.570
260.666 317.516
259.278 337.236
244.846 340.000
252.404 347.471
263.554 350.303
275.354 348.680
285.943 341.359
216.783 289.032
221.175 288.920
232.844 287.977
244.832 289.810
233.439 294.760
221.283 294.664
291.517 288.582
300.105 288.357
312.202 287.241
321.282 287.737
314.278 293.727
301.353 294.089
236.004 374.102
240.929 369.313
249.133 366.860
262.371 367.306
277.329 368.248
288.448 371.580
296.279 376.931
289.319 381.733
277.855 386.064
262.805 386.861
248.365 384.341
240.539 379.184
239.025 373.402
250.898 371.579
263.970 372.868
278.717 372.968
293.747 375.947
278.206 377.202
263.556 377.642
250.191 375.679
226.237 289.505
305.325 288.349
