190.556 290.568
200.665 316.306
212.762 335.826
229.350 351.941
246.130 363.778
271.601 374.737
300.024 380.663
326.189 380.703
347.405 375.833
361.131 364.133
365.761 349.697
363.748 330.945
357.216 312.760
351.546 295.940
346.235 276.776
343.338 257.115
337.209 231.531
247.113 262.239
260.462 255.097
274.408 249.695
286.278 247.013
297.266 245.741
331.815 232.399
340.012 226.203
347.246 221.821
352.612 219.487
355.132 220.267
319.117 251.400
329.994 267.324
339.911 282.610
348.787 299.940
314.909 317.608
329.492 319.622
342.724 317.847
349.293 312.044
349.392 302.617
263.992 271.631
273.421 263.068
284.261 259.347
288.590 264.455
285.562 269.213
275.452 274.218
330.396 248.700
339.347 239.130
348.185 235.934
349.395 239.635
349.254 245.909
342.334 249.364
310.761 349.465
320.485 344.285
332.329 339.341
345.314 334.916
354.238 330.595
357.882 327.943
358.014 328.121
356.703 335.183
353.444 342.684
346.310 346.717
336.221 348.057
323.509 348.301
312.341 347.139
328.667 342.756
342.709 337.781
352.236 333.386
354.660 328.430
351.272 337.386
343.969 340.659
334.577 343.526
279.796 263.617
344.644 239.549
