172.970 274.878
176.718 297.233
179.721 316.249
179.525 340.863
181.181 360.054
184.212 381.481
190.301 401.820
199.221 419.565
215.141 430.192
236.505 425.335
260.246 411.496
283.980 392.171
303.610 371.414
312.801 349.632
315.671 325.234
316.500 304.770
318.218 279.333
142.544 289.196
144.356 291.026
151.081 293.103
159.876 295.834
170.820 299.280
207.533 300.404
218.460 296.558
232.719 293.934
246.564 292.194
261.827 291.095
190.710 311.266
189.186 329.837
186.122 346.079
182.812 364.569
182.680 360.460
187.054 369.305
196.272 373.643
210.855 371.957
224.502 361.300
157.672 306.497
158.160 304.625
168.294 307.213
177.978 312.546
169.654 315.839
159.384 314.258
224.120 313.058
228.214 307.839
242.200 306.030
252.982 309.151
242.904 316.716
229.766 317.461
181.649 386.655
179.265 385.682
182.072 386.964
193.986 389.950
212.812 390.053
225.488 391.342
237.622 394.238
229.581 402.849
216.233 410.090
202.810 411.122
191.058 406.975
184.759 396.754
184.332 386.568
186.334 391.465
197.037 396.720
215.130 394.250
235.716 393.629
214.074 403.322
200.322 405.208
189.670 400.686
163.540 307.895
235.256 309.550
