172.282 242.715
174.434 268.996
174.159 289.451
170.522 304.798
168.038 318.673
165.786 330.918
169.867 340.685
180.318 348.288
197.252 353.546
221.063 351.440
246.606 347.366
272.946 338.783
293.154 327.578
305.297 312.983
315.636 292.270
324.989 271.840
335.875 244.162
157.819 197.990
161.755 191.733
170.077 188.791
178.445 189.242
188.306 192.982
229.625 188.764
243.520 182.583
258.952 179.902
273.063 181.314
286.117 190.948
204.860 207.288
199.584 224.867
194.127 240.349
189.090 256.988
181.662 271.668
186.396 276.914
196.439 278.824
211.511 278.176
224.101 271.167
168.662 217.005
171.469 210.896
181.222 211.464
189.717 217.823
179.766 220.440
169.592 221.077
234.324 218.668
241.197 212.112
252.950 213.076
263.923 219.533
253.450 222.889
240.027 221.688
175.969 306.696
178.639 300.898
183.675 297.438
195.648 296.784
211.842 298.998
224.088 304.031
231.484 310.638
221.624 311.946
207.961 312.744
196.141 312.343
185.808 310.679
180.235 309.122
179.486 306.484
187.120 303.834
198.296 303.799
214.685 305.730
230.127 310.135
210.813 306.039
198.214 305.232
187.747 304.466
175.712 214.468
246.712 216.156
