188.817 273.436
204.504 297.349
220.112 314.942
239.889 331.331
258.007 344.695
286.272 353.592
314.666 357.696
338.943 358.393
356.681 352.672
361.361 339.139
356.012 325.534
346.902 308.761
333.671 292.170
322.400 276.075
312.399 255.854
304.383 237.503
296.812 213.437
250.170 227.020
263.051 217.834
275.670 209.886
286.298 205.699
296.168 204.270
319.862 188.976
323.660 182.700
326.905 179.009
329.257 177.600
328.845 180.282
315.682 209.350
327.149 222.795
339.320 233.429
352.748 246.630
317.099 272.062
329.787 271.664
341.503 267.197
343.192 262.875
340.787 257.806
264.896 240.995
274.440 231.812
282.255 227.527
287.949 231.385
285.517 238.169
275.075 243.508
314.162 215.440
319.836 205.137
326.477 200.508
326.663 204.333
330.080 210.047
323.209 214.618
327.120 311.188
330.807 298.131
337.207 288.295
346.146 281.256
351.163 278.279
352.836 281.763
352.344 291.815
354.500 303.739
356.647 314.583
353.680 322.194
344.958 322.910
333.325 319.960
325.551 311.412
335.854 295.505
344.859 288.670
348.765 286.133
349.771 292.871
351.701 306.504
349.180 313.738
340.008 314.581
279.706 233.262
324.319 207.039
