187.793 250.745
192.436 276.779
200.350 298.295
212.406 315.381
223.049 330.554
238.998 349.703
262.180 362.162
286.094 369.756
308.223 370.861
324.300 360.467
332.945 347.105
339.650 329.904
337.516 309.826
337.641 291.764
339.286 270.688
338.682 249.376
338.050 223.974
228.956 243.609
241.811 240.809
256.387 238.857
269.009 239.185
281.211 241.580
322.829 233.378
333.048 227.356
343.075 223.326
350.755 221.011
354.470 220.655
303.711 252.517
307.801 270.776
313.292 287.098
318.449 303.889
283.900 312.958
297.499 317.628
310.305 317.081
319.105 311.873
326.684 299.727
243.174 258.390
253.383 255.134
265.803 254.606
272.038 259.164
264.495 263.829
251.576 264.874
320.288 250.070
330.574 242.447
339.974 239.426
343.556 240.359
341.551 248.572
330.289 251.992
276.114 339.323
284.993 338.561
296.715 336.388
311.271 333.149
323.441 329.210
329.374 327.698
330.520 326.046
326.730 332.631
320.818 341.547
311.469 346.128
297.816 345.647
285.031 341.763
278.131 337.181
294.340 339.355
309.312 337.954
321.355 332.669
327.142 325.365
318.558 334.069
309.820 337.924
296.733 338.657
258.505 258.156
334.567 244.480
