189.004 284.437
195.155 305.567
201.356 320.795
206.279 331.262
210.562 340.566
215.153 346.269
227.168 347.100
241.169 348.148
261.109 347.370
284.081 339.245
305.661 331.768
327.446 324.237
340.748 316.945
347.272 306.683
351.830 290.123
355.373 273.615
357.512 251.309
189.007 232.436
193.861 224.366
203.348 218.566
213.873 216.123
225.568 215.930
265.927 205.816
277.719 200.984
291.144 199.181
303.320 200.390
314.900 206.356
244.789 221.506
244.028 235.091
242.498 248.561
241.529 264.994
231.534 282.398
238.168 287.498
249.740 287.290
263.775 282.828
273.472 272.302
203.097 248.882
206.017 242.232
218.083 239.362
227.790 241.179
218.696 242.581
208.355 247.452
274.727 231.532
281.942 223.791
293.180 223.547
302.161 227.662
295.314 229.527
282.189 230.922
227.807 307.443
232.012 305.636
237.752 304.276
250.648 300.638
267.147 296.787
281.259 294.347
291.728 293.003
281.609 297.251
268.371 303.166
254.899 308.138
240.801 308.946
233.509 308.261
230.563 308.450
240.171 307.519
253.278 304.776
271.104 300.619
290.032 295.022
267.259 297.074
253.905 302.507
241.495 303.591
209.770 240.794
284.997 224.786
