185.742 286.390
193.261 308.027
197.001 325.649
197.724 341.633
201.268 354.751
208.890 364.952
220.841 370.580
235.723 371.955
255.614 370.431
279.216 361.024
301.368 352.032
321.770 339.562
335.074 326.201
339.716 311.507
340.024 293.006
339.513 274.691
338.956 249.352
179.743 251.188
184.162 242.809
193.114 236.915
202.573 234.613
213.914 234.999
251.997 225.816
263.005 220.161
276.008 217.516
288.341 217.349
300.860 220.906
233.213 242.035
230.983 254.301
229.442 267.555
229.616 283.141
225.399 304.711
231.224 305.419
240.393 301.928
252.195 298.472
261.757 288.425
194.054 265.202
195.427 256.300
206.923 254.630
220.219 260.116
209.748 265.973
198.246 269.185
262.224 250.166
270.084 240.760
283.393 237.340
291.905 241.479
286.478 247.212
272.739 250.526
221.442 338.499
224.486 330.559
230.499 323.741
243.250 316.935
258.673 315.209
271.084 316.007
282.098 319.537
272.508 323.989
259.190 330.384
247.560 333.740
236.999 337.100
227.140 338.056
224.371 337.396
233.896 328.931
246.060 323.244
262.053 320.202
279.569 320.483
259.310 322.507
246.496 325.060
235.065 330.115
197.610 258.223
270.364 239.695
