183.758 263.626
196.789 288.243
206.919 309.718
213.433 327.914
219.360 343.743
226.448 359.014
237.194 369.229
252.397 375.271
271.814 375.761
291.546 366.154
310.684 353.554
326.773 336.283
337.233 316.818
339.920 296.709
341.973 272.692
342.782 248.338
340.363 217.746
176.144 250.953
180.216 246.545
189.333 243.013
198.689 241.872
209.539 242.941
249.946 229.399
260.085 222.029
272.024 216.960
283.704 214.147
296.594 214.949
232.457 251.107
235.015 269.511
236.823 286.010
239.327 302.909
232.970 315.070
238.924 317.815
248.622 315.487
260.936 312.266
270.528 305.166
195.924 265.768
198.393 260.368
207.455 257.319
218.450 261.597
211.468 266.165
201.833 267.947
260.953 248.655
266.548 240.303
277.594 236.771
284.409 240.437
278.567 246.537
268.371 249.625
232.032 339.615
232.843 335.366
238.588 331.866
250.792 326.981
268.005 324.265
279.952 323.746
286.767 327.104
280.622 333.864
268.386 341.221
257.065 343.107
245.216 345.537
236.426 343.374
234.229 338.442
242.882 336.384
254.465 332.436
270.869 330.008
285.488 326.956
269.065 332.089
255.286 334.938
242.073 337.971
207.228 259.326
276.867 239.290
