197.720 274.004
200.962 293.194
201.977 309.159
194.390 329.264
188.946 344.411
177.202 358.048
168.250 368.916
161.609 377.779
163.567 379.858
178.452 371.239
200.559 357.585
223.663 340.040
245.776 321.769
257.682 302.490
262.111 279.184
263.129 258.957
262.910 233.958
138.038 259.817
132.646 255.736
130.987 251.825
132.038 250.188
135.317 251.125
146.657 239.569
150.604 232.103
157.780 226.807
166.357 223.877
179.018 223.609
142.343 259.950
138.266 272.819
133.284 283.635
128.948 295.590
142.449 307.573
142.468 310.207
144.037 309.213
151.863 305.625
159.451 298.961
142.899 273.567
137.572 269.083
139.722 266.501
146.252 269.698
139.490 272.876
136.963 274.980
161.092 257.273
159.408 249.223
165.687 244.673
176.718 246.130
165.865 251.375
159.935 255.774
151.344 336.587
141.919 327.752
137.357 322.290
139.420 319.989
148.669 316.381
160.161 318.612
176.379 323.891
167.979 335.954
156.064 346.567
147.075 354.241
142.355 352.924
147.142 345.821
153.889 336.139
142.323 329.280
142.147 328.050
153.632 323.921
177.288 323.954
154.124 338.505
146.207 343.901
143.378 343.129
139.914 271.963
164.668 251.838
