156.546 279.621
163.220 303.632
165.489 323.212
164.643 345.859
167.155 364.173
173.102 384.990
186.540 405.227
203.686 424.731
226.153 435.484
250.586 426.125
271.108 409.061
291.421 390.923
303.987 371.258
308.905 351.099
314.710 328.642
318.398 308.354
321.811 281.467
154.188 290.968
161.002 291.619
172.073 293.465
183.556 296.884
196.225 300.981
236.390 302.063
248.940 298.298
263.165 295.604
276.021 294.117
288.040 293.942
215.156 314.208
212.464 330.429
211.475 347.151
210.501 368.302
192.481 351.688
202.069 363.202
217.029 372.321
234.458 365.407
246.839 352.876
169.240 307.992
173.649 308.032
184.385 309.561
193.488 312.179
182.944 314.593
172.533 313.882
242.765 313.081
250.988 312.256
262.781 310.627
271.816 310.465
264.049 315.966
251.912 317.243
184.691 378.530
190.978 375.137
199.380 379.035
217.719 383.949
237.427 380.168
252.483 376.548
264.378 380.812
254.694 397.695
238.421 410.238
221.238 411.752
204.454 408.350
192.578 395.549
186.487 378.389
201.940 379.123
219.363 386.473
241.273 380.708
264.068 380.663
238.297 400.179
222.376 401.834
206.318 399.121
177.616 309.938
255.103 312.305
