180.143 256.584
184.884 279.381
189.378 300.827
193.417 322.771
199.790 341.164
205.453 363.833
215.293 382.243
227.449 396.799
243.150 404.592
260.705 399.944
275.641 389.118
289.658 372.311
300.550 350.659
309.592 330.019
317.716 306.733
325.438 286.411
332.807 262.144
180.127 251.714
186.053 249.767
196.457 252.099
207.199 258.028
218.870 267.073
261.206 267.349
274.038 260.106
287.843 255.411
299.611 254.447
309.235 258.517
238.549 287.939
237.042 306.950
235.192 323.281
234.212 340.097
215.978 322.665
223.124 330.782
237.667 337.972
253.520 332.671
265.307 326.667
193.196 281.110
198.403 281.100
209.875 282.200
217.625 286.758
209.302 290.563
198.200 289.551
265.971 289.561
273.566 286.644
283.799 287.162
292.379 288.479
285.781 295.951
273.359 295.589
215.513 355.763
214.073 346.371
220.396 344.565
238.246 347.176
259.070 346.412
267.725 349.768
271.157 360.953
265.412 377.864
254.926 392.208
242.111 396.574
229.656 390.027
220.744 373.805
218.423 356.845
221.480 351.926
238.989 355.156
259.146 355.481
268.857 361.582
254.478 385.983
242.418 390.413
229.503 383.271
203.644 283.458
279.351 288.595
