160.333 266.961
159.507 287.218
156.263 302.405
154.733 317.502
154.846 329.841
155.967 336.926
166.040 339.513
182.301 339.111
203.232 339.307
228.761 335.433
255.380 334.906
282.091 330.114
299.584 322.395
311.333 310.674
320.364 291.946
323.846 276.264
329.825 255.669
161.819 207.985
168.316 199.173
179.359 194.077
189.782 193.001
200.533 195.015
238.393 193.187
250.250 190.018
263.902 189.391
276.335 191.503
288.386 198.842
217.299 201.678
214.095 206.995
211.085 210.869
207.610 218.791
189.491 253.528
196.373 251.593
209.325 248.540
225.455 248.666
239.476 246.281
171.538 225.579
176.615 218.059
187.970 217.297
196.704 222.321
187.192 223.770
176.481 225.739
246.731 220.763
254.546 214.457
266.093 213.739
275.363 219.642
266.844 221.740
254.256 221.301
175.489 294.910
179.355 276.528
188.625 264.467
206.279 258.434
226.639 260.013
241.531 270.183
245.833 289.079
231.353 294.108
212.934 297.101
197.965 298.236
185.642 301.162
177.669 300.879
177.116 296.526
188.411 275.980
206.896 270.065
229.072 271.892
243.250 289.827
215.593 289.639
199.746 291.862
186.009 294.236
182.205 220.111
261.214 216.668
