203.840 282.944
211.904 303.622
216.346 320.990
220.173 338.804
225.591 353.721
233.794 369.075
245.472 381.491
258.914 393.303
279.288 398.717
301.370 390.067
318.642 376.319
334.111 359.532
344.409 341.727
348.132 324.143
349.849 303.627
351.038 284.095
353.800 258.349
200.687 264.200
205.713 260.036
215.731 257.106
226.643 256.795
238.714 257.906
277.728 250.068
289.456 244.152
303.087 240.314
315.169 239.230
326.193 241.586
259.239 266.870
259.977 283.801
260.174 298.575
260.435 316.338
249.263 329.512
256.518 333.273
267.546 333.373
279.997 332.636
289.669 322.075
218.473 280.834
222.715 275.474
234.176 273.951
244.261 278.805
234.520 283.667
223.216 285.526
284.155 272.424
292.463 264.065
304.570 262.631
312.237 265.777
307.555 271.386
294.901 274.126
244.111 358.168
245.380 355.830
254.143 354.601
269.464 352.986
285.821 351.950
298.100 351.420
304.858 353.475
298.578 360.089
285.208 369.084
271.745 371.944
259.729 369.667
250.119 363.358
247.289 357.073
255.171 358.874
271.326 358.082
288.297 356.262
302.184 352.795
283.992 359.163
271.462 360.909
259.332 360.304
228.951 277.250
298.012 266.045
