162.538 267.950
160.254 287.233
153.034 300.007
143.538 303.357
139.029 305.436
131.526 299.319
133.346 287.580
140.929 274.479
157.639 263.236
188.359 257.364
223.986 256.624
262.449 255.640
289.984 257.635
308.195 254.326
317.304 243.600
317.838 231.525
316.150 211.751
139.175 197.227
140.845 185.515
145.822 176.203
152.084 170.024
160.549 166.194
198.757 145.280
210.932 140.549
224.717 139.255
237.622 141.001
252.628 148.017
175.428 160.918
170.565 164.730
162.747 165.617
154.158 168.402
149.541 210.666
153.494 205.248
163.080 197.709
178.886 195.304
194.894 194.039
143.028 202.655
144.206 193.670
155.162 187.552
161.870 189.229
151.119 192.090
143.203 198.118
212.087 166.162
216.536 155.891
228.187 150.479
240.316 158.912
231.031 159.425
217.760 162.103
138.557 245.799
139.200 230.899
144.377 218.008
157.910 208.255
173.890 207.353
186.836 213.392
200.877 220.670
186.707 220.408
171.242 219.966
156.795 222.897
146.714 228.560
141.856 237.432
142.582 244.360
146.168 227.474
158.606 216.999
176.460 217.088
198.403 222.836
172.146 216.667
158.020 219.393
147.615 226.223
154.455 187.624
229.427 154.736
