185.169 274.778
190.270 298.793
193.740 319.168
200.111 341.753
207.387 360.776
219.078 382.737
235.799 400.969
254.667 413.355
277.513 417.990
300.639 406.825
317.498 389.962
332.691 370.274
342.327 349.737
345.262 329.149
346.614 306.465
345.142 285.681
346.127 258.403
184.974 255.513
190.828 251.354
201.165 249.441
211.799 250.293
224.193 254.329
267.418 251.656
279.812 246.187
293.385 243.965
305.091 243.805
315.966 246.416
246.740 270.178
246.134 291.315
246.265 310.406
250.463 330.203
237.431 339.912
249.366 344.919
264.340 342.362
276.384 338.043
283.380 326.480
197.065 274.427
202.262 268.581
214.307 268.937
223.832 275.929
214.664 279.459
201.935 279.855
275.493 273.970
284.795 264.614
297.801 263.320
305.364 267.439
299.476 273.879
285.675 276.267
251.323 377.116
252.500 368.898
261.344 361.626
278.409 356.223
290.781 352.177
297.457 354.746
302.313 360.772
301.165 370.653
294.702 380.888
288.794 383.430
276.195 386.695
262.208 383.183
252.537 374.150
265.276 369.789
279.893 366.244
291.423 361.432
300.005 361.890
293.225 369.822
286.434 372.735
273.650 376.392
206.946 272.340
290.242 266.749
