198.845 225.800
196.456 248.558
192.169 266.891
182.736 286.950
176.458 303.942
167.570 324.486
163.724 344.869
164.079 362.559
173.450 376.285
192.422 380.612
217.191 380.027
245.411 373.772
270.370 359.543
287.781 342.804
301.456 321.653
310.098 302.916
321.417 280.042
160.949 225.831
160.036 226.497
163.087 229.138
167.341 234.275
173.808 241.901
198.311 255.385
207.305 255.298
219.623 257.789
232.797 261.998
249.586 268.530
185.523 261.077
178.376 278.329
169.704 293.020
162.053 309.332
170.162 300.634
171.756 311.190
176.832 318.246
186.776 320.627
198.628 317.500
165.992 247.918
164.071 249.039
172.003 253.803
179.691 258.437
171.391 258.797
165.424 254.238
209.740 274.912
210.113 276.597
219.013 278.247
229.199 280.795
219.903 283.812
211.049 280.092
166.724 326.294
165.422 327.343
167.315 329.590
174.476 334.089
184.173 338.188
194.263 341.788
205.424 346.070
196.519 346.809
183.234 347.472
174.033 344.577
167.686 338.672
167.966 332.066
169.410 325.406
172.843 330.421
179.131 335.779
190.331 339.070
205.704 344.401
187.030 340.759
177.362 338.074
172.594 332.780
168.424 249.555
216.353 275.177
