160.705 229.263
161.719 256.132
161.817 278.119
161.625 302.995
165.954 322.907
181.775 340.638
202.139 357.336
223.387 372.623
246.660 381.480
270.185 377.547
287.975 368.315
305.480 355.289
318.198 341.418
323.551 322.924
327.829 298.319
331.607 278.991
337.800 253.569
196.885 212.747
210.720 211.263
225.901 211.862
238.838 215.275
250.993 221.292
293.971 223.023
306.881 219.966
320.148 220.183
330.983 222.880
339.548 228.625
269.781 238.763
267.480 258.914
266.291 274.557
264.633 289.684
235.273 295.052
245.129 302.970
258.778 307.162
271.790 308.463
282.343 302.658
208.404 234.962
219.396 231.466
233.275 234.694
240.466 240.947
230.844 243.000
215.906 241.712
293.335 246.533
303.864 239.974
317.213 240.882
322.449 248.143
316.569 253.585
303.047 251.661
217.199 326.121
227.077 322.728
238.797 319.765
258.119 322.443
277.063 327.089
285.084 333.719
289.031 339.658
280.527 342.993
269.940 345.707
254.332 344.491
236.990 338.550
225.463 332.228
219.868 326.045
237.942 326.277
257.092 330.309
273.982 333.963
285.579 338.258
271.067 338.058
255.639 335.190
237.150 330.852
226.009 232.147
311.042 242.500
