156.080 265.798
157.710 291.743
157.623 313.222
158.981 338.834
164.390 359.405
178.236 377.508
195.138 393.018
213.792 405.253
237.392 412.037
264.357 404.857
285.007 392.577
303.796 376.035
318.385 358.566
324.251 337.764
326.315 310.659
326.608 290.575
328.677 264.517
158.913 241.985
167.420 237.974
179.670 235.845
191.518 236.642
204.299 239.645
246.394 242.106
259.271 239.307
273.934 238.567
287.330 239.439
299.556 242.521
224.900 254.215
223.896 270.750
222.598 285.568
220.634 303.495
198.884 312.116
207.833 320.657
223.979 323.799
241.905 320.486
254.188 310.764
174.350 260.850
180.516 254.463
194.198 255.393
203.767 261.897
191.712 264.563
178.076 265.100
252.800 261.544
261.611 255.049
275.364 255.250
284.557 260.873
277.090 265.771
261.984 265.227
195.234 358.903
197.508 348.314
206.642 341.463
224.491 338.763
245.113 340.158
260.846 345.278
271.666 356.022
261.842 366.998
247.590 374.291
232.781 376.392
217.532 376.382
204.511 369.722
198.438 359.682
208.161 351.010
226.565 348.952
248.934 349.253
268.313 356.089
247.423 364.953
232.043 367.087
215.585 367.464
184.370 255.110
267.616 256.002
