190.440 254.060
188.748 280.030
187.432 301.214
182.449 319.212
179.285 335.001
174.494 351.102
174.943 366.150
179.515 380.692
191.952 391.722
214.445 389.138
240.950 382.055
270.341 370.521
294.804 354.980
311.734 337.862
325.400 315.620
334.318 292.823
340.257 262.472
159.709 226.108
157.992 222.010
161.565 220.318
167.418 221.335
176.420 224.984
210.786 225.989
222.129 222.428
236.755 222.106
251.648 223.731
268.735 229.177
191.479 240.683
183.620 259.277
175.340 276.854
169.108 295.292
172.934 306.489
173.259 313.690
179.640 317.513
195.990 317.958
211.282 308.067
167.765 245.474
167.323 240.265
175.889 240.916
185.696 248.138
176.518 250.560
168.061 250.027
224.962 248.395
228.865 242.683
239.168 243.973
249.560 249.338
239.327 253.729
228.921 253.123
172.128 338.377
169.110 335.582
170.208 334.916
178.001 337.895
194.945 341.106
208.444 344.623
217.653 349.124
207.021 349.887
191.626 350.748
180.310 348.940
172.912 345.501
172.180 341.475
175.018 338.546
175.153 339.785
183.630 343.634
199.508 345.990
216.898 348.168
194.420 345.235
182.162 342.666
175.051 340.087
171.498 244.033
234.429 247.049
