180.604 286.157
193.422 311.974
202.186 331.583
214.897 353.570
228.842 370.442
253.602 386.091
283.318 393.670
310.272 395.961
328.725 393.270
338.522 384.047
337.744 371.603
332.370 354.864
320.070 337.197
312.209 319.981
309.147 299.020
308.312 281.578
308.917 257.234
263.557 260.740
279.012 257.543
293.094 253.903
303.644 252.641
311.693 253.104
335.558 247.470
342.504 243.298
347.587 240.964
350.006 240.276
348.106 240.924
324.424 261.771
332.433 277.589
341.579 292.643
350.086 309.632
309.355 324.503
321.996 326.853
334.901 325.150
337.460 322.443
335.461 314.965
269.686 277.486
280.895 270.734
289.684 268.827
292.965 271.755
291.383 274.552
281.066 278.042
324.424 263.719
332.300 258.182
339.453 255.895
337.726 259.519
340.203 261.155
334.913 263.088
300.636 355.074
311.255 349.453
323.781 343.792
337.717 339.162
342.786 336.993
342.995 337.090
339.150 340.209
340.050 347.784
340.189 356.162
336.027 358.673
326.773 360.549
311.824 358.219
300.987 353.554
318.830 349.641
333.160 346.101
338.718 342.663
336.111 340.665
339.134 345.755
334.587 349.482
323.379 351.640
283.838 269.525
334.877 256.433
