172.379 241.195
177.175 266.621
178.447 287.638
184.034 308.727
192.166 325.192
203.359 342.677
222.807 355.087
245.844 361.735
270.939 364.279
295.399 356.999
316.466 348.305
335.360 333.641
344.593 316.796
350.112 299.134
352.598 276.531
351.801 255.664
353.847 227.953
193.864 209.982
203.495 204.868
216.384 201.682
229.251 201.317
243.138 202.934
291.140 199.796
304.658 196.238
319.006 195.196
330.656 196.160
339.478 200.309
267.003 215.183
266.923 232.260
267.046 246.878
268.165 261.786
243.394 278.691
253.759 283.059
267.913 282.963
281.111 282.140
290.148 275.076
209.591 226.833
216.809 218.845
228.987 216.577
239.368 223.852
231.305 229.430
217.505 232.637
294.278 219.898
305.836 212.305
318.579 213.070
324.482 220.949
319.428 226.466
304.681 225.191
231.650 316.975
238.814 307.619
248.473 302.669
268.028 300.132
286.641 300.377
296.957 304.383
304.556 311.676
297.222 316.394
285.674 320.470
270.173 321.683
253.143 321.900
240.076 319.840
234.706 315.265
250.378 310.254
268.616 309.242
286.609 308.408
301.885 311.524
285.284 311.719
269.389 313.222
252.761 313.842
225.141 219.817
313.552 214.742
