191.823 265.158
190.829 292.006
188.770 312.878
181.543 336.188
176.092 354.932
167.136 373.761
166.816 386.653
168.197 397.857
179.309 406.745
200.061 402.656
226.472 396.133
257.913 385.254
284.660 367.515
302.922 347.968
316.423 322.210
321.961 300.105
328.214 269.243
150.998 240.988
150.931 237.037
154.892 235.315
160.685 236.814
169.115 241.295
199.264 240.783
209.747 236.540
222.880 235.812
235.869 237.710
251.975 242.957
180.276 257.087
171.721 275.032
163.328 291.371
155.391 309.446
165.749 321.221
165.575 327.247
168.734 329.493
179.798 330.454
195.718 325.538
159.854 258.685
159.455 252.983
168.002 254.134
174.566 263.169
165.326 264.559
158.654 264.004
213.614 264.323
217.534 254.985
227.945 255.058
239.616 262.262
228.572 266.332
218.623 266.287
162.232 351.636
157.924 346.647
157.953 343.123
164.385 345.304
175.616 346.182
189.356 353.691
204.841 361.042
192.691 366.974
179.498 372.435
169.028 372.406
160.408 367.830
160.050 359.978
165.072 351.861
164.380 351.781
171.028 355.439
182.386 355.933
203.156 360.539
179.570 359.576
169.196 358.774
162.626 355.957
165.826 256.948
226.771 258.895
