182.903 229.305
181.612 259.411
181.793 282.853
186.640 298.829
195.875 311.700
213.478 322.371
237.172 331.250
261.723 337.146
289.878 342.881
314.736 343.043
333.012 342.836
348.992 337.577
356.603 331.735
360.747 322.286
361.317 303.873
362.166 283.395
362.284 254.292
228.210 185.528
241.186 179.350
255.786 177.121
268.420 177.862
281.072 181.130
324.545 185.762
335.716 185.593
346.802 188.404
356.023 193.245
362.038 203.046
303.459 192.347
305.839 202.426
307.979 214.397
308.727 229.171
272.923 252.410
284.971 255.823
300.228 258.109
312.443 260.446
319.644 258.103
241.183 201.734
253.305 191.613
266.461 195.028
272.559 205.688
265.056 207.348
250.529 207.178
319.940 211.477
331.872 200.844
343.388 203.737
347.017 215.795
341.845 218.783
330.369 215.273
256.495 293.121
265.800 284.782
277.319 281.217
297.494 282.119
313.816 286.337
321.711 293.110
326.227 302.774
319.678 301.157
310.958 299.095
294.828 297.005
276.465 294.319
264.452 293.148
259.442 293.206
276.551 288.042
295.128 289.761
311.125 293.326
322.998 302.198
309.523 294.291
294.875 291.778
277.116 289.758
261.223 196.403
339.341 206.577
