152.197 234.942
157.934 257.494
159.684 275.784
160.478 294.766
167.177 309.040
183.735 317.937
204.934 324.073
228.320 329.626
251.461 333.282
272.342 329.819
287.924 325.583
302.210 319.446
311.941 311.793
315.035 298.775
315.367 279.314
317.225 263.027
319.746 242.884
181.657 191.811
192.318 184.941
205.608 181.282
217.833 181.292
229.980 184.853
273.033 185.696
284.533 182.899
296.066 183.988
305.578 187.357
313.033 195.462
251.719 198.082
253.878 212.964
256.394 224.661
257.580 238.358
229.288 253.823
240.785 258.289
253.235 259.253
263.188 259.085
271.371 256.404
191.792 207.983
201.162 200.024
213.846 201.401
222.668 210.001
213.951 212.352
200.525 213.099
275.769 211.411
286.522 202.096
297.701 202.612
303.434 210.144
298.546 214.800
286.208 213.947
220.338 288.349
229.417 283.470
239.485 277.442
254.958 276.302
268.311 277.322
275.974 283.964
281.547 289.897
275.699 292.360
268.311 292.841
255.496 292.308
239.715 291.467
229.272 289.923
222.660 288.395
239.039 285.841
253.694 285.344
266.677 286.242
278.505 289.879
266.103 286.329
255.375 285.678
241.434 285.115
209.020 204.263
291.631 206.143
