178.484 233.538
184.001 262.165
186.667 284.349
196.357 303.278
209.408 319.461
233.855 332.431
262.685 341.982
290.018 348.642
315.500 352.250
336.620 347.666
347.795 341.097
356.001 330.418
359.895 318.452
359.057 303.967
354.072 283.298
348.421 262.435
345.161 236.305
221.125 181.792
235.765 174.047
252.298 170.610
266.127 171.261
279.265 175.004
321.974 176.400
332.872 173.855
343.816 174.525
352.746 178.202
357.862 186.740
302.010 188.476
306.828 200.202
312.341 210.846
317.700 224.257
283.601 246.245
296.769 248.929
312.903 250.069
325.423 249.544
329.801 243.343
237.852 202.609
249.284 192.892
261.368 194.498
269.130 201.755
261.961 203.901
246.601 205.484
319.033 203.361
329.302 195.296
340.419 196.926
344.235 206.215
340.915 208.469
328.997 206.076
277.738 293.844
285.154 280.417
297.367 272.919
315.600 269.443
330.470 272.817
339.596 280.267
342.834 293.788
338.855 299.322
331.996 304.545
319.950 306.547
304.709 303.341
290.002 299.280
279.896 292.932
296.718 285.248
314.657 284.089
329.719 285.772
338.706 293.206
329.496 294.578
318.983 296.462
303.077 295.046
253.980 196.405
333.833 199.087
