194.871 247.554
199.900 277.124
206.888 303.061
225.624 329.479
241.727 353.435
266.394 379.921
291.932 399.041
315.203 409.562
334.242 412.318
347.510 405.027
351.426 392.691
352.652 372.673
350.813 349.191
349.924 328.892
348.311 304.567
343.369 282.889
337.051 255.760
277.908 199.968
292.294 190.898
306.188 186.929
317.389 187.857
327.130 193.143
356.605 195.901
362.724 193.994
367.656 196.323
370.207 201.381
369.463 211.017
346.192 210.478
355.819 225.609
366.519 235.881
376.983 249.348
334.837 272.609
350.650 275.919
365.853 277.540
372.044 277.130
370.799 273.112
293.992 225.501
304.374 216.273
313.490 217.017
318.050 226.807
317.613 228.412
306.889 229.186
351.782 229.142
361.230 220.191
367.399 223.179
366.291 232.037
368.587 234.397
361.351 232.162
319.341 339.400
335.589 315.462
351.695 303.391
369.445 299.360
378.252 303.196
375.695 314.315
367.502 336.983
359.762 359.887
355.761 376.394
345.389 385.931
332.754 378.722
322.695 362.915
321.404 340.145
347.495 312.093
368.282 306.044
374.781 311.846
364.379 336.645
356.050 369.427
347.988 378.830
335.973 370.473
311.121 221.674
364.921 226.819
