145.945 237.897
139.712 265.831
134.960 287.196
135.062 310.614
137.235 330.360
147.991 352.337
169.099 373.034
193.021 391.513
219.668 404.458
245.221 404.003
264.842 398.407
282.420 388.143
289.712 373.633
294.329 357.262
300.513 335.690
306.166 315.379
314.508 287.743
193.182 239.662
206.422 241.293
220.582 244.815
232.510 249.991
243.203 257.072
280.824 268.037
292.996 267.446
304.344 269.096
312.764 271.951
318.144 276.499
258.205 274.294
255.730 287.004
252.725 299.570
250.864 313.842
215.435 310.897
226.089 320.721
241.481 328.363
257.102 330.875
270.149 325.802
200.975 258.367
211.740 257.763
222.573 263.269
226.858 269.871
219.688 268.062
207.449 263.220
278.383 284.388
287.826 281.480
299.679 283.119
302.188 287.697
298.613 288.818
288.679 287.516
190.216 335.952
202.018 329.706
217.174 331.168
239.320 338.406
259.214 343.130
268.558 348.317
271.739 357.816
259.954 365.085
247.440 369.048
229.952 366.819
212.244 359.111
198.265 348.247
191.289 337.545
213.043 336.562
237.561 345.472
257.810 349.338
268.120 358.051
247.807 363.336
230.730 361.545
212.937 353.511
216.035 262.020
293.485 283.792
