197.557 254.175
200.648 280.167
205.240 301.263
202.675 320.986
201.384 338.000
197.220 358.682
200.052 376.459
208.198 391.529
222.639 401.621
243.104 398.699
267.137 390.247
292.416 376.677
311.158 357.624
322.311 338.974
331.586 318.168
339.052 297.057
344.910 268.128
172.735 251.225
174.048 250.538
180.666 251.283
188.774 253.717
198.488 258.214
234.647 257.931
246.946 253.959
262.029 252.498
276.547 253.111
290.881 256.719
214.120 274.055
208.761 295.829
204.037 314.931
201.851 336.119
208.571 335.782
210.971 343.970
216.504 347.979
227.726 345.694
238.688 337.436
182.166 271.474
183.794 267.693
194.279 269.578
203.148 277.630
192.551 281.091
183.768 279.114
245.478 280.719
250.695 273.767
263.797 274.608
274.496 280.458
264.507 286.644
252.614 285.885
202.165 360.125
203.496 359.155
206.841 360.048
216.700 362.881
229.789 363.256
239.463 363.735
247.372 366.757
237.937 371.931
225.040 375.503
215.431 373.562
206.051 371.314
201.756 365.136
204.484 359.092
211.548 363.793
220.406 365.464
232.328 366.222
246.617 365.164
226.859 366.905
217.000 365.013
206.954 363.356
189.965 268.496
256.941 274.191
