174.250 271.257
176.230 292.647
173.464 310.309
166.837 327.737
164.256 341.566
160.396 353.426
161.390 363.288
167.512 371.471
183.575 376.505
209.875 372.571
237.540 366.725
265.397 357.573
287.494 346.398
300.939 331.758
308.467 311.640
312.395 292.319
319.452 267.570
157.171 240.003
161.571 234.483
168.163 231.314
174.717 231.440
182.920 234.841
218.160 233.835
229.450 230.333
242.477 229.565
254.926 230.777
269.471 235.682
198.284 248.134
194.214 261.127
189.500 268.361
184.116 277.096
173.920 298.932
179.394 301.399
188.437 301.012
202.354 302.257
215.362 296.934
163.981 262.833
165.703 261.614
175.709 261.385
184.441 262.592
174.511 264.572
166.295 264.934
225.737 262.473
230.634 261.168
241.754 260.772
250.215 261.271
241.946 264.299
232.133 264.593
163.688 328.866
164.353 322.310
170.168 317.588
182.634 315.439
200.334 318.408
214.693 324.324
226.004 331.441
213.257 336.247
195.845 340.406
180.521 340.587
170.034 338.119
165.103 333.941
166.156 329.155
171.653 325.970
185.330 325.377
203.459 326.642
223.923 331.828
198.183 330.435
184.088 330.147
173.436 329.543
170.966 256.234
237.779 255.126
