179.023 246.143
178.709 271.858
180.411 292.034
183.308 315.775
187.881 336.115
202.042 359.155
223.230 378.008
244.696 391.938
264.881 397.948
283.236 391.240
296.284 378.883
307.154 361.537
310.840 340.257
311.618 319.600
316.026 298.567
322.036 281.265
328.966 257.747
229.015 251.860
243.296 252.556
258.326 254.659
270.627 258.144
281.862 262.574
320.710 265.039
331.467 262.121
341.034 260.393
347.664 259.711
350.314 260.397
298.362 276.594
298.022 293.199
298.531 308.687
298.396 326.483
266.037 327.718
276.902 336.709
289.409 339.982
297.675 338.382
302.138 328.404
238.001 273.831
249.825 270.818
261.926 272.146
267.703 278.605
261.300 282.896
247.364 282.422
312.152 280.663
324.212 275.965
333.957 277.611
333.976 280.438
329.685 287.707
320.220 286.380
250.329 359.975
261.524 357.252
272.854 356.996
287.685 357.567
298.240 358.150
301.237 359.553
301.928 362.584
298.844 368.746
291.508 376.755
278.884 380.165
265.996 376.546
255.922 367.929
252.130 358.406
268.930 362.358
282.539 364.765
292.674 363.707
299.244 360.994
291.423 366.812
281.602 368.145
269.675 366.272
256.588 275.796
327.640 280.553
