166.779 259.902
171.645 288.962
175.509 311.324
178.573 331.946
183.112 349.508
196.363 366.961
215.315 380.774
235.907 390.937
258.194 399.416
279.926 398.202
293.478 394.155
304.314 383.669
311.020 370.666
314.985 355.088
320.348 333.998
326.391 314.087
336.239 287.536
212.596 242.246
224.844 241.898
239.947 243.518
252.889 246.573
264.818 251.016
303.003 257.340
314.664 256.729
325.872 257.930
334.294 260.099
338.617 263.634
281.696 264.302
280.581 280.882
279.150 299.244
277.607 319.576
245.026 324.101
253.205 330.669
267.732 334.761
279.239 335.379
287.054 327.889
224.221 262.866
232.558 258.353
243.740 260.210
249.449 267.501
241.234 270.481
230.209 268.970
297.222 276.373
306.609 272.291
317.957 274.230
321.558 280.356
317.382 284.430
306.954 282.090
228.495 350.905
234.260 348.337
245.894 347.977
263.978 348.854
277.369 351.584
286.739 354.390
291.804 359.545
283.070 361.824
270.834 362.751
260.671 360.903
249.923 358.300
237.981 354.702
231.123 351.993
243.412 352.967
262.334 355.344
277.601 357.073
288.959 359.210
273.418 356.731
262.252 356.196
249.905 353.720
236.839 261.257
312.065 275.182
