155.881 271.090
155.598 299.187
158.689 323.257
167.053 350.526
177.205 372.018
197.724 393.288
219.915 413.143
243.098 428.677
265.159 434.990
283.481 427.985
293.486 412.600
300.438 392.787
303.337 373.288
305.439 353.043
308.255 327.285
310.282 307.252
311.882 283.111
225.549 260.377
240.889 257.856
256.676 257.297
269.588 259.592
280.698 264.465
319.013 266.436
328.578 262.718
335.781 262.147
340.025 263.579
340.575 267.911
297.679 282.104
299.517 304.084
303.022 320.664
305.044 339.187
264.186 345.781
278.751 351.065
292.787 354.574
302.493 351.424
308.294 343.343
238.211 282.274
249.450 278.844
260.376 279.517
265.967 285.218
261.223 289.327
247.462 289.947
309.685 287.091
322.183 283.186
329.272 284.153
329.521 287.707
326.792 293.975
316.974 292.320
240.409 375.882
255.461 370.730
271.706 369.833
290.794 370.853
303.740 369.078
306.483 369.121
303.063 372.681
297.865 388.549
291.261 403.625
277.606 410.722
260.185 405.690
247.092 392.172
242.529 376.918
266.808 374.305
288.916 376.127
301.701 372.977
300.469 373.421
293.489 397.164
280.546 404.844
261.425 398.409
254.413 283.332
323.100 287.410
