157.987 280.389
160.770 304.623
162.771 323.869
165.072 346.986
171.197 365.244
182.043 383.814
199.300 397.978
219.900 405.826
242.567 407.083
265.879 399.128
287.196 387.004
307.677 372.305
319.990 355.395
325.535 336.429
326.480 313.486
325.192 294.363
324.901 268.860
162.267 272.365
171.504 270.414
184.487 269.055
196.172 269.825
208.694 273.115
248.771 270.957
260.556 266.482
273.879 264.256
286.233 263.303
298.304 263.860
229.508 285.514
229.580 302.541
230.085 321.685
232.863 342.022
210.993 341.348
223.558 349.328
239.557 348.305
254.971 342.012
265.338 330.751
174.802 287.220
180.499 285.965
192.858 285.973
201.954 289.310
195.054 293.131
182.183 294.408
260.279 284.864
268.363 281.467
280.158 280.204
287.708 280.427
279.045 288.854
266.885 288.763
213.273 372.861
216.212 367.146
225.686 361.806
245.052 355.698
263.946 351.085
273.319 349.643
278.013 351.839
270.049 358.801
259.613 368.990
245.054 376.728
229.603 377.954
220.254 375.496
214.974 370.321
227.580 370.191
245.637 366.453
263.769 358.269
274.848 351.974
257.709 362.924
244.204 370.016
230.630 371.859
186.226 286.037
275.124 281.178
