183.665 271.027
184.936 295.942
183.727 316.101
178.678 340.099
178.394 358.713
184.247 375.705
195.314 391.726
211.012 404.802
232.116 412.628
257.851 408.374
283.521 399.187
309.448 384.926
329.595 370.343
339.537 351.718
345.305 325.799
349.400 305.017
353.829 277.303
187.905 244.413
193.983 239.478
202.420 237.711
211.221 239.278
222.740 244.775
266.187 247.049
278.943 243.126
292.113 242.768
303.630 244.731
315.345 250.409
242.840 261.408
240.135 276.129
236.322 287.548
231.764 301.649
213.888 316.730
221.948 322.800
235.242 324.502
250.889 325.909
264.574 318.265
191.892 264.505
197.141 257.176
209.041 258.477
217.607 267.775
206.152 268.201
195.084 267.089
273.311 271.862
280.971 262.108
293.882 262.131
303.828 269.835
296.836 272.583
282.870 273.152
198.751 357.824
203.481 345.928
214.230 338.368
230.753 337.479
246.910 340.715
262.023 350.693
272.784 363.737
258.149 373.911
240.491 381.176
227.730 381.895
215.818 378.590
206.193 369.271
202.865 359.064
214.316 350.635
230.870 350.441
248.900 352.809
268.688 364.262
245.228 369.126
230.076 368.730
216.244 366.438
203.238 260.842
288.706 265.970
