192.197 261.817
203.434 284.111
214.922 301.002
222.595 314.494
230.300 326.469
240.794 337.120
258.479 343.951
278.363 349.259
299.904 351.733
319.421 339.289
333.835 326.514
344.498 311.611
346.951 297.885
346.990 284.193
348.577 266.841
351.074 246.649
349.235 219.994
202.073 218.307
207.383 209.794
217.270 203.009
228.216 200.252
240.668 200.892
278.986 188.907
289.915 182.082
302.552 179.417
313.130 180.543
321.795 186.236
262.109 207.839
265.744 220.673
268.775 231.959
272.693 245.617
259.917 273.853
267.961 273.800
278.856 270.817
289.740 268.487
296.585 263.769
217.531 232.625
221.876 224.533
233.207 220.282
244.489 226.658
235.207 230.853
224.041 233.600
287.599 214.949
295.650 203.000
308.051 200.290
315.362 205.764
311.240 209.826
299.086 213.291
259.538 309.250
262.487 301.830
269.693 296.324
284.714 292.248
298.888 288.050
308.499 289.227
316.754 295.220
312.310 303.583
304.289 311.956
292.734 315.476
279.792 317.809
269.336 314.190
261.956 309.271
271.777 302.677
286.308 298.437
300.867 294.560
314.825 296.072
301.306 302.583
289.699 306.286
276.711 308.669
230.166 222.157
303.876 202.080
