179.271 288.524
190.518 310.213
202.301 326.709
216.127 342.910
229.486 356.888
249.415 367.081
275.560 368.865
301.374 367.552
326.091 366.038
342.706 355.793
350.904 348.816
356.760 339.644
353.834 329.549
348.237 317.698
343.569 300.479
342.835 284.022
339.321 262.009
221.017 237.380
233.307 229.686
248.362 223.933
261.996 222.173
274.717 223.547
311.079 219.020
320.803 215.490
330.278 215.494
337.344 218.055
341.168 223.930
294.205 231.334
299.482 240.770
304.699 250.554
312.546 265.881
278.104 288.118
290.510 290.226
307.805 289.105
320.106 286.585
323.342 278.068
236.741 250.827
246.631 242.127
259.337 242.723
267.464 247.154
258.566 247.636
243.737 250.688
310.054 241.349
321.219 235.073
332.005 234.007
335.597 238.567
334.113 238.561
322.695 239.557
273.530 322.568
278.222 308.773
292.193 301.631
309.808 295.901
322.595 295.626
332.286 297.857
338.038 307.707
333.541 316.905
324.623 323.921
317.016 327.881
308.256 328.584
292.289 327.713
274.718 323.944
289.549 308.326
309.709 304.794
323.393 300.957
335.924 308.226
323.708 316.113
314.622 320.904
304.186 321.343
249.781 242.183
324.300 233.565
