189.276 233.850
193.937 261.610
200.174 283.928
215.658 306.365
231.065 323.837
259.370 338.196
289.985 350.178
317.017 359.809
336.608 364.125
345.208 355.444
343.398 345.047
338.741 333.148
331.105 322.176
324.167 308.906
319.896 290.958
315.907 273.420
311.322 251.501
269.553 197.766
285.183 193.908
298.405 193.244
308.798 195.419
317.827 201.330
343.850 207.098
349.518 205.585
354.086 207.696
356.695 211.457
354.735 218.662
332.048 219.457
338.939 235.864
347.952 248.153
357.112 262.261
320.712 278.103
335.252 281.768
347.274 283.571
351.308 283.641
350.744 279.698
283.269 218.984
296.766 218.008
306.358 218.920
310.026 223.579
306.033 223.860
295.877 221.878
344.698 230.540
350.787 228.507
357.276 229.430
353.011 232.899
356.311 234.222
350.372 232.350
320.742 314.910
330.480 306.965
341.162 300.466
355.074 297.967
359.441 300.647
358.063 306.773
354.558 313.380
355.936 319.681
357.350 325.175
352.588 326.834
338.830 326.539
327.003 321.337
320.731 314.432
338.959 312.010
351.220 312.350
354.505 311.866
351.279 313.267
356.763 316.110
351.095 316.653
339.625 316.850
301.205 214.711
353.217 226.124
