191.639 280.082
199.458 300.760
202.201 319.287
202.171 338.466
204.805 354.568
210.979 369.244
221.179 379.370
235.997 385.333
254.564 387.862
275.124 384.229
295.009 378.904
313.554 368.365
327.722 353.635
333.747 336.208
336.568 314.878
339.878 295.247
344.040 271.294
193.059 266.354
199.776 264.482
209.275 262.713
218.499 263.157
228.809 265.439
265.294 263.256
276.077 259.403
288.187 257.280
298.967 256.872
309.973 257.538
246.213 274.993
246.695 291.369
246.299 303.996
245.837 317.799
232.501 329.234
239.626 333.853
250.749 334.676
263.149 334.075
271.273 327.090
204.318 282.675
208.363 278.105
219.928 277.628
228.837 282.039
219.116 285.599
209.075 286.619
274.473 278.745
283.537 273.220
295.232 271.967
302.507 275.708
294.828 280.283
283.205 281.083
223.057 354.786
226.175 350.106
234.280 347.011
250.578 346.147
268.066 346.058
279.250 347.385
284.074 350.124
274.610 355.046
261.371 359.539
249.713 359.872
239.018 359.298
229.747 356.797
226.375 354.436
236.377 353.683
252.070 352.769
269.196 352.303
282.561 350.203
262.789 351.933
250.334 352.789
239.428 352.776
214.240 279.702
288.543 274.238
