194.391 243.915
199.394 264.930
207.272 281.278
220.891 299.479
234.467 316.589
260.021 331.587
289.061 344.270
315.304 353.920
338.933 356.834
353.943 348.274
358.682 336.340
360.394 320.037
358.435 305.386
353.015 291.246
347.130 273.059
342.760 258.719
337.285 240.344
230.154 177.888
241.186 168.248
254.467 162.689
266.892 161.851
279.538 164.904
314.751 165.156
322.838 163.643
331.802 165.869
339.400 170.842
345.194 180.970
302.472 176.581
311.236 185.762
319.933 191.215
327.768 200.616
294.055 231.436
308.940 230.561
324.144 229.408
333.948 230.983
338.241 232.439
244.671 194.055
253.997 182.957
266.281 183.913
276.100 193.015
268.369 192.751
253.742 193.548
318.531 193.465
326.322 183.509
335.897 184.973
340.311 196.103
339.244 195.979
328.710 194.172
306.442 281.286
310.694 259.602
319.310 248.020
332.912 244.157
343.014 247.869
348.705 259.876
351.280 281.655
354.543 299.525
355.486 312.324
347.805 317.895
331.391 312.871
317.330 299.862
307.559 282.298
319.962 261.235
333.457 257.071
344.125 261.897
348.463 281.773
352.149 298.892
344.591 303.321
329.163 299.026
260.788 186.406
331.945 188.105
