193.159 259.840
197.290 286.657
202.102 308.810
212.100 328.958
224.028 345.068
246.713 360.013
273.937 372.922
298.378 382.532
318.373 387.161
330.841 381.566
335.112 373.632
334.305 362.258
327.970 350.645
324.615 337.609
324.697 319.413
326.016 300.820
327.436 277.772
267.477 238.564
280.830 237.326
294.436 237.474
305.201 239.946
313.584 244.574
338.568 248.713
346.245 247.165
352.717 248.104
357.416 250.233
358.788 253.977
324.322 258.874
327.691 273.526
332.606 285.614
337.892 302.195
298.440 301.232
308.333 309.924
322.839 314.702
330.691 312.098
335.912 304.184
273.014 255.856
284.191 251.287
293.540 254.042
297.603 260.512
294.320 258.504
282.705 257.049
330.993 266.308
340.613 263.013
349.414 262.949
349.540 268.496
349.724 267.971
340.594 265.483
301.480 338.508
308.872 333.112
318.528 329.145
329.202 327.512
338.964 328.823
344.200 333.940
346.251 340.747
342.909 345.059
337.552 347.132
329.081 347.725
321.229 345.554
311.504 342.397
298.973 339.105
316.221 338.639
326.783 338.670
337.279 339.079
340.110 341.759
335.779 341.327
327.496 341.960
318.763 339.255
288.381 252.372
345.055 262.298
