189.737 237.192
188.797 263.054
189.193 284.685
194.437 309.329
201.931 328.315
215.932 346.999
235.808 364.092
257.587 377.682
281.648 384.898
306.998 378.014
325.534 366.057
341.231 349.246
351.797 332.816
357.886 314.695
362.804 290.885
363.067 270.916
363.761 244.157
213.060 209.686
224.760 205.039
240.038 203.695
254.065 206.145
267.986 211.626
315.176 213.490
328.702 209.843
342.790 209.086
354.244 210.628
361.979 216.306
290.298 228.695
290.028 246.759
290.166 262.313
291.120 277.576
259.863 291.415
272.179 298.434
288.220 299.962
303.210 299.338
313.480 292.676
228.922 228.329
238.177 220.114
251.385 221.174
260.788 233.166
251.187 235.828
236.775 234.870
315.295 235.052
325.864 224.134
339.666 224.251
345.831 233.276
340.453 238.999
327.129 238.809
252.284 332.038
260.373 324.550
270.644 319.319
289.187 318.635
306.159 319.610
312.835 326.636
315.857 334.622
311.397 340.850
301.452 347.851
286.280 349.942
269.462 346.686
258.522 339.652
255.212 331.655
270.791 329.023
287.700 329.888
302.521 329.816
313.143 333.731
299.453 334.721
286.234 335.112
271.626 333.702
245.771 224.569
334.099 228.246
