220.671 236.713
214.695 259.716
209.148 280.417
199.576 303.253
194.010 324.126
184.305 348.445
175.218 369.320
170.323 385.873
171.235 397.834
180.520 399.127
194.773 393.907
213.157 381.489
234.710 365.970
251.919 348.227
263.913 324.194
273.410 302.637
284.553 276.496
169.239 202.650
167.132 195.786
166.272 193.577
165.618 195.511
164.866 201.849
177.211 208.069
185.059 206.320
193.164 209.102
200.622 215.028
209.734 227.209
157.128 225.035
144.066 243.968
133.575 257.130
123.494 271.289
145.481 286.560
138.831 290.208
135.790 292.974
144.522 295.674
156.060 294.051
164.869 229.339
162.950 224.248
166.711 227.013
169.046 236.568
161.763 235.566
160.012 233.271
183.377 247.280
184.450 239.814
189.379 243.159
195.867 252.774
187.776 254.594
181.742 252.264
143.631 333.276
135.812 319.624
129.920 311.993
128.984 310.957
136.835 318.382
145.923 328.855
154.686 344.290
157.379 360.901
152.491 372.049
149.820 373.852
147.685 364.370
147.988 350.235
147.167 333.971
136.825 320.871
134.164 319.800
142.480 326.388
156.852 343.219
151.565 359.780
148.886 363.402
148.332 354.638
162.875 229.035
185.221 246.757
