220.745 244.214
222.147 267.293
222.091 286.210
212.344 306.493
206.421 324.023
196.318 343.510
188.683 361.349
182.249 377.050
184.296 387.518
196.429 385.505
215.798 374.862
238.283 358.991
261.790 339.255
279.074 318.615
289.267 293.137
290.651 269.068
291.186 238.410
156.582 236.042
147.202 234.874
141.367 234.300
139.703 235.049
141.818 237.563
151.825 235.868
156.727 231.140
166.331 228.171
178.659 226.798
195.874 227.884
145.764 249.274
140.964 266.615
134.936 282.472
128.397 300.755
160.255 300.086
155.026 306.706
153.421 311.325
160.480 310.593
171.445 303.941
161.778 252.687
151.919 249.786
154.744 249.721
159.406 253.918
154.191 258.251
154.508 258.557
174.921 253.677
170.975 248.523
177.549 247.761
192.359 251.271
181.137 258.200
173.765 257.800
169.384 332.224
160.276 324.808
154.065 323.125
154.106 326.338
161.783 327.310
173.624 332.009
188.407 341.375
182.302 352.922
174.218 359.595
168.555 359.900
166.170 353.371
168.587 344.028
171.403 332.686
162.356 326.635
162.192 329.778
171.026 331.415
188.751 341.167
174.000 351.575
166.809 352.704
165.717 346.183
153.348 252.422
175.599 251.301
