163.477 241.430
168.969 262.040
174.699 277.352
180.361 290.266
186.852 299.945
199.015 303.482
217.346 303.309
236.713 303.888
258.794 305.325
280.594 298.345
297.968 294.237
315.696 289.335
325.694 283.452
329.902 273.875
333.380 257.554
334.903 241.617
335.864 220.569
184.697 185.903
193.677 177.142
205.333 171.899
216.225 170.757
227.183 172.648
264.292 168.555
274.476 165.445
286.265 165.174
296.750 167.884
306.507 175.056
246.078 178.883
247.863 187.293
249.607 195.382
251.586 207.798
232.873 234.140
242.004 234.600
252.871 232.432
262.977 233.612
270.363 228.985
198.869 199.336
206.087 190.405
218.510 189.042
226.263 197.922
219.151 197.891
206.298 199.103
267.822 194.484
276.597 183.780
288.389 182.671
295.373 191.345
288.413 191.842
275.922 192.828
226.651 264.515
235.216 259.199
243.128 253.433
254.633 250.197
264.552 251.075
272.947 254.996
281.521 259.771
274.871 261.080
265.216 262.143
255.653 263.662
244.781 263.258
234.778 263.387
229.156 265.276
244.155 260.832
254.931 258.939
265.318 259.009
279.318 261.473
265.266 256.588
255.097 257.500
244.553 258.031
215.027 191.905
285.169 185.997
