192.200 257.539
188.586 280.394
183.729 298.932
175.417 317.188
170.665 333.447
162.163 352.522
156.401 373.531
154.287 394.389
160.485 411.625
178.838 415.867
203.981 411.326
232.303 401.155
258.667 388.936
277.794 374.107
290.298 351.652
298.217 329.123
304.869 299.383
142.130 245.640
138.482 244.759
140.172 246.266
143.878 249.690
149.626 255.658
173.694 265.419
183.227 264.482
195.560 267.083
208.622 270.993
225.518 277.190
157.555 274.192
148.404 292.113
137.258 309.823
127.291 331.473
147.796 323.925
143.730 336.740
146.211 346.786
159.362 349.487
177.805 343.069
149.101 262.532
144.839 261.502
151.700 265.182
158.974 272.005
150.839 272.483
145.616 269.302
188.778 285.050
189.888 283.540
199.567 286.404
212.057 290.783
200.522 295.244
190.520 291.513
152.137 347.216
145.808 348.089
141.222 352.137
144.985 361.571
160.669 367.833
179.280 372.110
195.215 377.320
179.578 384.402
162.828 389.616
151.477 385.405
145.872 374.398
148.574 359.949
154.166 348.778
146.477 354.276
148.390 365.999
167.901 370.560
192.246 375.890
163.372 381.623
152.560 377.626
146.832 367.598
148.253 265.067
195.197 286.328
