195.284 256.478
194.464 283.215
196.490 305.175
200.504 327.993
204.513 347.840
217.664 370.791
239.077 390.293
262.054 406.018
284.412 414.511
303.696 408.844
315.844 397.846
327.497 382.620
332.469 364.275
335.414 345.976
341.340 325.592
346.290 306.635
352.021 281.799
244.794 250.774
260.019 250.992
275.865 253.326
288.383 257.645
299.360 263.747
335.303 278.287
346.049 276.604
356.591 276.154
365.041 276.591
369.653 277.296
315.690 282.300
315.207 297.362
316.322 313.532
316.452 331.402
282.049 331.301
292.304 341.318
304.840 345.466
313.906 344.875
320.512 334.699
255.344 272.460
267.905 272.491
279.072 275.818
284.690 280.946
277.288 284.195
262.800 281.783
329.543 289.053
338.807 294.977
347.823 293.910
352.926 290.242
348.147 295.187
337.600 294.004
263.584 359.704
272.025 357.042
284.323 357.557
302.162 360.884
314.948 362.008
319.286 364.469
316.438 367.632
312.082 371.894
306.079 377.289
294.637 378.688
281.542 373.955
271.146 366.189
266.169 358.886
280.802 363.257
298.810 367.783
311.142 367.615
313.626 366.054
305.494 371.139
295.872 372.186
284.037 367.288
274.170 272.736
347.358 283.379
