237.311 265.471
244.121 285.240
248.705 301.092
245.672 315.632
243.294 327.934
236.041 337.833
230.043 345.114
229.324 349.714
237.490 348.440
251.789 338.631
272.798 325.275
295.862 309.463
315.972 293.485
325.918 276.890
329.403 256.760
329.643 236.899
327.040 210.047
191.055 243.373
185.459 238.149
184.215 232.996
186.135 230.160
191.444 228.622
208.900 213.763
214.578 206.782
224.082 200.937
235.444 197.544
250.593 197.643
201.405 232.514
198.572 246.132
194.961 259.268
191.496 272.319
208.988 289.046
206.978 290.330
209.198 287.086
219.393 282.399
229.981 274.372
198.846 254.211
195.229 247.381
200.496 242.795
208.759 246.460
201.530 252.125
198.227 255.849
229.054 232.220
227.205 223.557
234.073 219.150
245.171 221.504
237.711 228.642
230.947 231.894
215.761 314.543
211.292 309.896
209.412 304.578
213.131 300.918
224.158 295.714
235.904 294.599
248.142 296.998
236.704 303.799
224.332 312.997
218.126 315.702
214.539 317.465
214.930 316.318
218.511 313.777
216.555 309.782
221.962 306.332
231.374 301.127
247.305 297.244
226.578 301.816
220.590 304.755
217.127 307.575
198.806 247.261
232.215 223.574
