182.589 287.457
189.561 308.455
197.699 325.096
204.604 344.725
210.327 361.705
226.390 379.913
246.576 395.536
268.080 407.900
288.003 412.114
301.958 401.024
306.002 385.368
306.785 367.796
304.405 349.666
302.460 332.346
305.794 313.620
310.252 297.655
314.667 277.514
240.221 284.946
252.758 285.199
266.812 284.589
278.534 285.283
288.139 287.290
313.986 284.287
322.610 280.579
330.946 278.139
336.669 276.589
338.461 275.031
300.584 296.643
302.845 311.684
306.167 324.320
310.418 337.964
277.016 347.162
287.555 351.760
299.220 349.982
306.497 348.091
310.100 341.254
244.003 299.348
255.499 297.950
266.840 297.740
273.607 301.269
267.503 302.964
254.249 304.159
310.847 295.338
320.222 291.963
328.389 289.169
330.632 289.202
330.168 294.318
320.339 296.212
269.304 371.507
276.600 367.085
284.790 362.432
299.319 359.799
309.913 357.702
311.906 360.002
311.376 363.577
310.010 370.572
305.956 380.088
297.680 384.649
284.028 383.111
273.266 377.491
268.825 370.637
283.679 369.151
296.871 366.716
304.697 364.234
309.022 362.759
304.018 368.482
295.951 371.058
283.571 372.170
257.420 297.937
321.232 290.054
