182.788 251.729
192.082 276.888
199.445 298.099
208.901 320.012
217.579 338.512
234.472 356.487
255.722 368.843
275.972 378.915
296.517 384.372
316.813 378.672
330.857 369.130
341.135 355.255
344.635 337.547
344.570 318.825
347.284 297.066
352.537 276.114
358.190 248.005
219.205 237.854
230.824 235.923
244.711 235.060
256.834 236.581
268.243 240.458
305.566 239.411
316.990 235.116
328.814 233.334
338.456 233.532
346.383 235.360
285.475 253.523
284.958 268.667
285.538 281.041
287.854 294.957
264.465 307.161
275.347 312.811
290.478 313.160
302.688 310.993
311.611 302.168
227.262 258.668
237.090 259.340
249.346 260.517
256.870 261.428
248.390 264.235
234.861 263.399
310.967 260.877
321.719 260.496
333.062 259.560
338.366 257.871
333.654 261.481
321.396 263.150
271.227 340.450
269.755 332.184
279.992 327.108
298.358 323.911
313.273 324.396
322.506 328.671
328.980 339.722
328.354 349.370
320.418 357.901
312.773 357.818
300.138 355.906
284.180 348.261
271.021 341.123
281.048 334.338
298.163 332.452
314.260 333.053
328.105 340.654
321.711 348.064
312.926 348.963
297.991 346.099
244.189 258.911
325.618 257.709
