198.226 283.563
207.530 302.989
215.667 319.662
225.467 344.492
235.569 364.160
251.287 387.004
265.591 408.646
281.336 424.006
298.318 429.390
314.747 422.601
327.321 406.045
336.999 382.129
346.985 357.227
350.549 334.006
353.055 309.951
355.311 292.170
354.056 270.492
190.653 303.533
196.944 302.402
206.749 302.621
217.106 304.953
229.052 310.054
268.858 305.094
279.199 298.509
291.682 294.287
303.376 292.465
316.457 292.743
252.942 327.569
257.373 347.725
258.920 362.566
259.976 377.284
246.327 372.674
255.376 380.070
266.709 382.895
279.772 379.192
290.365 372.203
206.934 324.062
210.409 321.682
222.922 322.283
233.182 330.029
225.817 333.385
212.262 332.855
282.693 326.218
288.896 317.352
303.285 315.040
312.364 317.028
304.982 326.994
291.235 328.850
255.711 402.861
253.313 395.412
258.201 393.008
268.505 393.441
282.833 392.025
294.194 393.598
304.810 400.049
307.514 415.561
302.844 430.033
292.626 434.907
278.355 431.374
265.859 418.153
257.979 402.928
260.054 397.314
271.572 398.513
287.100 396.775
303.930 399.562
300.261 424.173
289.595 430.028
276.074 425.455
217.540 328.032
295.556 322.785
