177.038 249.354
180.778 273.533
184.831 293.819
187.023 316.973
189.930 335.786
196.600 358.998
210.024 379.306
225.100 397.745
244.989 409.040
268.624 403.530
288.639 389.188
308.081 371.115
319.854 348.909
326.269 328.471
331.911 306.366
338.165 287.282
344.974 262.120
185.382 266.002
192.491 267.432
203.665 269.502
215.227 273.036
227.909 279.027
268.130 287.591
279.999 284.555
293.261 283.211
305.013 282.480
316.066 281.448
247.996 298.361
246.356 319.084
244.220 338.903
242.741 356.240
222.309 347.517
232.456 356.554
245.171 360.057
258.366 359.829
270.498 354.143
195.203 286.192
200.163 285.334
213.205 287.035
222.726 294.909
212.915 297.573
200.183 294.558
276.961 300.580
283.235 300.277
296.674 298.804
304.660 297.672
298.579 303.237
286.624 304.766
218.100 365.872
221.945 369.365
228.667 372.447
243.941 375.967
260.081 375.129
269.831 374.596
277.244 373.395
269.237 380.127
258.381 387.260
244.483 389.094
229.527 382.330
222.762 373.520
221.168 364.865
230.767 374.242
244.860 379.720
260.794 377.727
274.608 371.961
258.099 381.901
243.957 384.188
231.092 378.426
204.637 288.913
288.238 296.198
