173.741 283.293
184.779 305.504
193.586 322.602
201.618 338.225
210.463 352.035
223.122 368.780
244.393 376.784
265.443 382.596
285.858 384.876
302.168 375.213
313.959 364.540
324.993 351.047
323.393 333.837
322.863 318.367
323.748 299.964
326.811 281.631
330.496 256.264
218.649 265.447
229.183 262.555
241.150 259.994
251.526 259.128
261.154 260.025
284.397 255.819
292.965 251.867
302.889 249.745
311.257 248.668
318.328 248.651
274.399 267.095
276.569 277.711
280.002 290.010
285.581 304.731
261.267 312.016
270.772 319.093
282.670 322.117
290.265 316.098
294.446 306.434
225.600 278.968
232.748 276.562
244.230 275.419
250.149 276.690
242.192 279.350
231.833 280.179
291.451 269.581
299.867 268.583
310.502 265.132
313.464 264.862
310.716 266.386
301.717 269.464
259.750 340.765
263.898 338.415
270.198 335.916
283.206 335.003
293.504 331.324
297.769 331.585
299.485 333.897
295.025 337.532
289.895 341.707
283.144 345.300
274.303 344.507
267.077 342.514
259.706 340.752
271.171 341.587
282.381 340.984
291.071 336.833
297.862 333.915
288.683 336.139
283.133 339.131
275.157 339.257
237.856 273.211
302.528 264.586
