174.789 243.834
177.543 268.234
179.855 288.079
179.680 305.805
180.093 321.924
179.761 341.150
187.607 357.313
198.990 373.088
215.334 382.489
234.203 379.109
255.152 369.718
276.518 358.589
290.168 341.498
299.733 325.975
307.725 309.786
316.098 292.123
326.964 269.321
171.741 242.259
177.055 243.139
185.873 244.894
195.223 248.123
205.045 252.929
242.349 258.743
253.810 257.127
266.757 257.480
278.602 258.933
290.013 261.057
220.467 269.213
216.132 286.937
211.984 303.012
208.532 320.986
199.827 317.787
205.423 326.434
214.082 330.748
225.362 330.441
237.801 322.416
181.765 263.310
186.215 261.949
197.046 264.497
204.303 270.156
195.027 272.161
186.392 270.145
246.354 276.659
252.925 274.854
265.618 276.138
272.948 279.256
265.075 283.521
253.253 281.743
191.830 336.436
194.680 336.781
200.295 339.785
212.701 344.318
228.652 345.720
238.780 345.955
247.156 347.917
239.497 354.238
226.154 360.011
211.866 359.016
199.663 352.620
194.656 344.279
194.202 335.983
202.685 342.405
214.820 347.769
229.993 348.507
245.950 346.739
227.516 350.784
214.020 349.238
202.625 344.614
192.015 264.312
259.371 276.078
