161.730 238.836
163.244 261.910
161.411 282.076
158.119 307.651
160.158 328.831
168.208 350.821
178.828 371.594
194.227 388.798
212.852 399.064
235.264 397.411
256.198 389.079
274.567 376.126
289.389 362.283
299.618 345.191
308.686 322.718
316.499 305.082
326.052 283.674
178.024 232.139
186.989 232.308
199.721 234.801
211.354 239.604
222.467 246.398
264.478 257.761
277.816 257.012
291.662 258.594
302.858 261.675
311.233 266.563
239.237 264.392
233.788 281.612
229.740 295.462
226.033 310.265
201.992 312.693
211.642 320.380
223.931 325.935
238.191 325.788
252.666 318.953
188.269 250.490
195.805 248.307
207.878 252.831
214.811 262.394
203.889 262.430
191.630 258.089
264.213 276.005
276.499 271.386
288.345 273.358
294.719 279.349
287.096 283.843
274.847 282.875
192.014 346.207
197.254 340.904
206.047 340.289
221.397 344.097
238.537 344.297
247.626 347.829
254.248 354.923
247.237 362.455
236.419 365.463
222.297 364.535
208.759 360.449
199.338 354.862
193.183 346.506
204.762 342.895
221.550 346.429
239.432 348.044
252.724 354.968
236.904 359.622
223.442 359.539
210.157 355.011
198.755 253.445
279.747 275.324
