179.252 269.218
181.218 295.103
182.461 315.649
185.302 335.338
191.843 351.463
203.910 366.931
224.925 378.427
246.220 386.953
269.853 394.286
294.827 388.423
316.490 382.571
338.642 372.350
352.277 359.568
360.601 344.514
364.677 323.203
367.083 302.565
370.009 274.432
204.337 233.706
215.487 228.701
229.362 226.662
242.461 227.760
256.064 231.003
303.204 231.681
316.593 228.873
331.072 228.653
343.276 231.174
353.604 237.825
278.350 243.616
276.423 258.650
275.071 272.518
274.164 290.449
249.336 307.179
259.427 311.832
273.467 313.717
287.055 313.601
297.911 307.484
220.954 254.291
229.303 250.229
241.160 250.508
249.959 255.809
241.908 258.678
227.685 259.406
305.801 257.319
317.498 252.800
329.604 253.815
334.671 258.860
330.340 261.792
317.408 260.962
235.829 344.011
244.681 338.690
255.546 335.298
272.952 333.335
288.990 336.187
298.865 341.178
306.754 347.487
298.747 349.065
286.621 350.384
272.312 351.639
255.993 348.147
244.670 346.306
240.171 343.718
255.026 341.745
272.231 340.963
288.434 343.288
303.156 347.366
286.250 344.423
272.820 345.212
257.766 342.869
237.263 252.530
325.702 255.384
