168.778 253.805
176.685 276.478
179.093 295.067
182.217 321.590
188.584 341.845
199.535 361.239
211.327 378.419
225.444 391.542
244.810 395.816
265.536 388.856
285.465 374.699
306.611 354.389
324.469 331.309
333.251 307.733
336.626 281.205
335.731 261.508
338.937 237.237
179.416 250.073
187.867 248.012
199.570 246.895
210.993 247.621
223.101 250.409
261.378 245.919
272.719 240.918
285.770 237.757
297.618 236.516
309.112 236.888
242.567 263.376
242.213 281.833
241.216 299.622
240.862 317.779
226.592 318.078
233.594 326.472
245.036 330.292
258.317 326.009
267.475 316.306
195.062 265.419
200.875 263.386
214.849 262.671
222.764 267.485
214.001 271.960
200.709 272.545
268.562 261.973
275.289 255.914
287.790 254.558
297.253 255.535
290.570 263.969
277.224 265.804
218.919 355.524
224.373 349.437
230.543 347.379
242.714 348.724
257.765 347.495
266.685 349.323
269.778 354.590
261.065 364.642
247.791 373.631
234.875 375.516
224.058 373.611
218.579 366.176
219.766 355.845
231.438 351.476
244.179 352.486
258.219 351.204
268.449 354.275
247.610 364.662
234.297 367.931
224.362 365.530
206.649 265.380
281.767 258.245
