213.732 240.545
217.578 269.377
223.812 292.830
234.652 313.457
245.829 330.810
270.458 346.319
298.885 354.842
324.358 359.659
341.699 361.931
346.607 355.145
340.356 348.430
333.154 340.540
321.477 329.832
311.178 316.101
305.493 298.671
304.474 278.296
307.559 253.007
298.638 223.529
313.133 221.746
325.451 221.938
334.210 224.388
340.104 228.849
358.551 233.318
362.721 231.144
364.698 231.223
364.671 232.691
360.486 235.824
347.803 241.693
352.820 256.350
358.103 270.397
362.834 286.691
329.410 294.847
339.657 300.988
347.962 302.008
350.986 299.953
351.562 291.025
303.637 238.913
315.543 235.886
323.162 238.671
322.814 243.561
321.925 245.023
313.685 244.224
347.638 246.221
356.481 243.234
361.499 242.800
356.459 246.991
359.994 250.268
354.889 248.644
322.831 325.163
333.153 318.881
343.958 314.484
354.511 312.789
356.680 310.623
352.898 312.585
345.700 316.251
350.763 322.892
355.111 328.892
353.075 332.742
345.058 332.614
333.719 328.882
322.623 324.848
339.641 322.893
351.752 321.832
351.897 318.760
343.787 317.352
355.512 322.903
353.498 325.803
345.672 325.235
319.268 238.426
358.094 244.498
