207.415 275.814
210.089 299.365
206.738 319.000
197.547 340.491
190.312 359.053
176.797 377.833
164.026 393.964
156.652 406.208
159.562 412.896
170.237 411.665
190.375 404.630
216.028 392.978
242.737 377.914
259.238 358.315
267.986 334.467
273.296 312.160
274.044 283.430
137.635 270.679
130.166 269.504
126.698 269.318
126.647 270.762
130.120 273.694
140.846 274.791
144.725 271.842
152.466 270.689
162.129 271.023
177.879 273.310
137.650 284.126
132.635 298.741
126.654 313.193
120.837 329.419
142.671 332.226
138.638 338.899
137.975 343.981
147.951 342.653
156.989 334.794
141.252 282.993
134.437 281.598
139.394 282.671
143.992 285.166
138.030 285.677
134.967 287.043
158.282 287.328
155.213 287.170
161.032 286.238
171.954 287.055
160.622 290.145
155.742 288.794
147.909 361.787
140.061 350.156
135.266 348.240
135.516 352.084
144.995 352.448
155.707 356.750
164.788 368.734
155.290 380.926
145.917 388.255
140.727 387.988
139.004 385.133
143.361 375.860
149.686 363.035
138.696 355.387
139.474 360.443
148.640 359.968
165.982 368.371
146.280 377.744
142.053 377.943
141.155 374.961
137.077 282.938
159.482 286.685
