177.158 244.881
184.457 268.607
192.364 286.661
198.752 303.343
205.808 318.416
221.516 331.178
243.017 343.409
266.711 354.618
290.439 359.769
309.802 356.583
320.047 348.020
327.109 336.830
326.314 325.486
322.655 312.568
321.229 295.984
323.881 279.815
327.206 258.651
221.283 207.236
232.336 202.645
244.737 201.646
255.670 203.656
266.521 208.266
302.079 209.774
311.363 207.082
320.317 207.651
326.808 210.830
331.199 217.565
284.917 220.064
286.422 230.851
288.556 240.033
290.999 250.356
261.902 266.247
273.423 268.593
286.471 270.635
296.306 271.636
303.192 269.318
232.269 223.891
240.292 218.777
251.405 220.471
259.420 227.477
251.715 227.358
238.007 225.981
299.231 230.367
309.671 223.503
318.197 225.137
321.221 230.789
318.625 231.765
308.584 231.667
250.817 303.724
260.568 290.812
272.505 284.829
287.299 285.145
298.433 287.381
305.310 295.019
313.306 308.761
310.250 320.867
305.666 326.111
292.177 326.821
273.426 322.679
259.454 315.876
250.971 305.791
268.984 291.004
285.300 291.703
298.658 294.386
311.566 310.626
303.263 322.210
291.174 324.310
272.284 318.806
243.848 222.006
312.545 226.785
