171.933 289.045
180.921 309.814
190.044 325.341
192.134 338.801
194.393 352.367
195.301 369.272
203.673 381.320
216.194 389.365
231.548 392.359
248.191 386.279
265.525 375.938
283.888 360.991
293.876 341.215
299.178 324.512
301.969 307.415
304.403 288.408
304.869 262.406
157.140 292.634
157.516 292.902
163.024 292.256
170.828 292.004
180.150 292.154
205.391 285.499
214.960 280.856
227.628 276.687
239.401 273.749
250.423 271.895
192.570 300.421
192.511 316.883
194.093 332.920
196.247 352.365
197.975 340.498
202.630 347.164
211.289 351.846
222.030 344.195
228.032 333.361
165.816 301.073
167.935 298.452
178.499 298.518
185.315 298.718
175.750 302.044
168.338 303.112
221.242 290.620
226.201 287.302
238.734 284.376
246.535 284.760
239.331 288.742
228.359 290.658
196.309 368.336
197.395 366.333
201.517 366.594
213.237 366.443
226.441 363.839
235.748 362.123
241.019 363.521
234.303 369.034
226.149 372.517
218.115 373.430
208.868 373.921
201.576 371.816
200.181 365.124
206.039 369.315
216.811 369.264
229.682 367.033
241.842 361.205
225.876 365.159
217.015 365.981
207.634 366.820
177.076 295.869
238.268 282.722
