154.995 267.841
164.292 291.738
170.050 310.720
176.269 334.210
182.540 353.248
193.709 372.632
208.840 387.724
224.456 398.301
243.639 400.471
263.840 392.774
282.430 378.926
300.912 359.447
312.745 336.717
316.480 314.844
317.008 290.259
317.013 269.342
317.343 242.792
154.285 249.837
159.994 245.631
169.737 242.927
180.398 242.613
192.486 244.904
234.608 236.915
246.192 230.935
259.497 227.285
271.409 225.786
283.239 227.520
215.287 257.324
216.843 275.808
217.246 291.339
217.587 307.738
207.871 325.185
215.635 329.207
225.198 328.599
236.717 326.457
245.942 318.275
168.643 270.253
173.117 265.595
184.263 263.664
195.313 267.671
187.500 274.717
174.345 277.335
243.668 260.084
251.112 251.676
263.402 249.701
274.217 251.885
267.801 261.667
252.833 263.379
209.743 364.902
211.055 358.911
216.079 354.315
228.095 350.599
242.785 349.471
251.651 353.233
259.058 359.167
254.392 362.435
245.543 368.232
233.765 371.685
221.357 371.318
214.293 368.073
211.820 362.991
220.285 360.442
231.399 358.909
244.403 357.244
257.622 358.064
244.412 359.196
231.698 363.347
219.644 362.375
178.414 267.572
257.437 255.003
