182.959 255.782
186.233 280.909
188.003 300.781
191.764 320.148
198.308 336.600
211.837 351.434
231.554 364.603
254.800 375.855
278.392 382.495
300.674 376.073
318.451 366.968
334.709 353.292
345.592 337.495
350.800 319.525
354.358 297.071
356.145 276.651
356.891 249.851
213.723 237.931
224.270 235.458
237.446 234.481
249.221 235.499
260.661 238.184
298.935 226.256
311.090 221.479
323.837 219.983
334.557 221.207
343.469 226.520
277.897 244.341
278.783 258.771
279.266 273.292
278.217 291.288
250.446 294.818
260.667 303.129
276.564 308.013
290.614 307.845
300.234 302.992
225.298 252.360
233.268 252.200
245.337 252.652
253.484 253.219
246.316 257.230
233.769 257.479
299.279 249.453
310.981 240.401
322.644 240.349
328.795 246.108
322.300 253.722
309.036 254.280
235.251 327.413
243.945 321.999
257.309 321.908
277.506 325.816
292.574 329.480
302.687 334.145
307.548 340.606
300.446 346.005
290.279 350.585
277.748 352.389
260.541 348.724
245.722 339.097
238.753 327.529
257.486 327.065
277.957 334.031
292.864 337.155
304.898 339.764
289.505 341.518
277.704 342.550
260.297 339.141
239.630 247.081
316.924 244.755
