200.785 270.670
204.496 292.895
205.867 310.353
202.290 327.526
200.653 343.220
198.433 360.009
203.243 374.323
211.489 388.801
229.840 399.060
257.408 394.049
283.746 383.372
308.821 370.354
325.026 354.401
333.255 337.108
339.097 317.365
343.401 297.351
347.001 270.815
185.349 253.410
188.596 250.366
195.603 248.439
204.065 249.034
214.312 251.553
247.866 252.132
259.100 248.737
273.127 247.366
286.328 248.097
300.359 250.936
229.155 263.615
224.928 277.326
221.038 293.129
217.837 313.088
211.613 311.890
217.440 321.182
228.880 327.041
244.808 322.552
259.281 312.115
196.942 270.154
199.197 270.603
209.204 270.672
219.842 270.469
207.789 272.366
198.880 272.843
262.321 270.926
269.913 272.126
280.842 271.172
291.442 270.727
281.819 273.901
268.471 272.569
208.222 339.927
208.197 338.678
215.148 339.048
230.606 341.486
249.341 340.895
265.530 341.293
276.628 341.880
262.770 347.381
246.661 349.898
229.245 350.645
216.635 347.785
211.573 343.952
211.192 340.283
216.975 344.471
232.582 346.936
253.352 345.981
273.561 342.313
248.727 345.344
232.467 345.202
218.846 343.040
203.743 266.749
275.806 267.057
