164.529 248.772
172.545 273.549
176.446 294.329
175.827 317.655
177.125 337.224
178.906 359.412
185.049 377.300
194.050 390.242
209.009 398.333
227.651 394.547
247.013 384.938
270.438 369.037
291.129 347.903
301.533 325.897
305.912 300.874
306.930 279.218
308.517 251.509
144.829 255.346
144.216 256.565
149.929 258.242
157.835 260.922
168.216 265.057
201.690 266.485
211.723 262.437
224.707 259.971
237.810 258.293
251.598 257.437
186.346 278.874
184.222 297.336
181.340 315.483
179.709 333.811
177.905 332.720
182.230 341.018
189.793 344.533
201.689 343.757
212.337 334.617
155.446 272.839
156.640 272.027
168.433 273.474
177.289 278.972
166.971 282.582
158.349 280.864
215.007 281.838
218.188 276.905
230.082 275.811
239.781 277.071
233.314 284.792
222.207 286.346
175.473 362.319
173.022 358.208
175.241 355.088
185.738 355.381
198.223 357.958
207.998 362.081
213.408 366.508
206.626 373.970
197.553 381.317
192.035 380.750
185.417 379.191
179.601 370.520
178.731 361.271
180.570 363.917
189.588 365.151
200.120 365.646
212.303 364.406
195.268 369.103
190.091 369.579
183.003 368.336
160.590 275.606
223.715 279.291
