189.594 225.563
190.282 251.970
188.092 273.708
179.527 293.838
173.926 311.717
164.668 332.658
161.465 352.002
161.203 368.468
169.513 381.490
188.597 384.521
213.259 382.605
240.746 376.628
264.896 363.330
282.589 348.731
295.561 328.557
302.083 307.589
310.237 279.770
152.633 229.723
149.907 230.448
151.808 233.918
155.759 239.367
162.319 247.099
183.068 263.099
190.418 262.535
201.726 263.559
214.286 265.988
230.111 270.426
173.195 270.632
167.509 290.384
160.304 305.310
153.348 319.777
165.064 316.727
165.272 325.464
169.398 329.486
178.089 333.797
189.819 330.859
157.347 255.321
155.415 255.680
163.131 259.510
171.415 266.664
161.503 267.657
155.884 264.256
198.544 282.569
198.912 281.959
206.953 284.877
218.170 289.037
209.075 293.833
200.513 289.908
161.729 336.367
159.357 336.356
160.292 337.623
166.830 343.260
179.345 347.768
191.916 351.897
204.734 355.216
191.593 356.222
176.058 357.134
168.344 353.740
161.303 349.379
160.315 341.564
164.706 335.871
167.106 341.041
173.379 347.009
186.050 350.031
203.477 353.161
180.201 348.681
171.902 345.261
164.736 341.493
159.330 258.910
204.465 284.640
