190.686 272.482
201.310 295.261
206.549 314.690
207.711 334.253
211.726 350.917
218.542 365.203
228.077 377.231
240.774 388.552
260.073 392.853
280.541 381.601
300.417 365.342
319.391 346.954
333.654 328.419
338.421 309.200
339.274 287.793
338.981 267.813
339.563 241.539
166.932 259.024
170.241 255.550
177.785 252.786
187.252 252.904
199.051 254.691
239.170 246.705
250.671 240.207
265.105 235.606
278.644 233.409
293.053 232.962
222.581 263.025
223.824 279.993
223.815 292.860
223.660 308.676
214.649 314.588
222.725 319.005
234.582 319.349
250.397 314.643
261.452 302.373
186.066 274.996
187.122 269.805
199.033 267.368
209.598 270.479
202.241 274.628
190.252 278.830
250.941 262.267
257.234 255.915
270.520 253.633
281.028 256.207
272.195 263.431
258.387 265.144
219.321 342.371
216.774 335.865
221.097 330.945
234.529 329.504
251.939 325.542
267.648 326.545
279.590 331.797
272.667 347.479
260.368 362.998
246.913 367.813
234.140 365.835
224.523 355.660
221.758 342.773
226.030 338.890
239.283 338.189
257.094 333.966
276.760 332.418
256.719 350.719
243.415 355.098
231.310 354.149
192.353 271.584
262.297 257.358
