185.889 246.916
184.757 270.235
185.141 289.472
185.163 315.774
187.687 337.327
197.215 362.003
214.312 382.694
231.049 400.440
252.118 410.204
276.220 406.115
295.051 394.384
314.688 378.416
326.650 357.488
333.270 336.531
339.769 313.741
345.581 296.597
352.517 274.883
213.963 255.445
226.194 255.787
240.390 256.518
252.661 259.372
264.219 264.597
305.979 270.229
318.523 268.361
331.360 269.147
341.522 271.267
349.038 274.572
281.531 282.698
278.652 300.858
276.855 317.118
275.347 334.137
249.380 329.082
259.128 338.422
269.907 342.800
281.118 341.322
290.590 336.442
225.865 273.589
234.568 273.283
246.856 274.992
253.718 279.373
247.037 282.898
231.705 281.789
304.594 287.493
316.797 286.564
326.691 288.272
330.643 290.350
322.787 297.008
310.276 293.512
233.314 359.704
241.876 360.072
252.158 359.959
267.265 362.882
280.192 363.412
286.438 366.161
290.388 366.819
283.347 374.516
275.161 380.315
261.459 381.648
247.139 375.904
239.510 367.496
236.363 359.094
250.400 365.093
264.823 369.119
278.544 369.119
287.495 365.960
275.074 374.838
262.441 374.737
250.626 370.911
240.652 275.352
320.048 288.146
