176.464 273.850
180.052 298.242
185.574 317.559
189.250 337.681
194.929 356.058
206.482 377.538
220.642 395.196
233.706 409.388
250.305 416.961
267.607 409.825
280.266 398.056
294.403 382.737
305.664 363.736
312.363 345.775
316.669 325.197
323.527 306.506
331.162 281.656
200.077 247.601
208.172 241.214
219.403 238.321
230.161 239.831
240.993 245.351
278.811 247.088
289.606 243.111
300.817 243.312
309.640 246.736
316.133 254.270
258.807 265.757
258.060 286.219
257.397 299.374
255.583 314.274
238.801 328.441
246.221 332.491
254.611 333.707
263.016 333.629
270.889 329.076
207.849 274.515
215.286 268.990
227.577 270.886
234.992 279.296
226.293 281.716
213.304 280.385
280.229 282.025
288.787 273.530
300.437 273.670
307.678 279.628
303.224 284.648
290.941 285.921
237.159 368.383
240.435 362.866
246.610 360.176
253.250 358.003
259.726 360.614
265.390 364.127
267.675 369.439
263.291 378.604
257.893 387.427
252.143 391.671
247.164 387.885
242.352 379.159
238.242 368.127
245.924 366.233
252.554 365.517
259.807 366.402
266.631 368.754
259.074 380.432
252.559 383.480
246.054 380.824
220.324 275.009
294.825 279.355
