192.521 261.157
199.378 287.903
207.262 312.847
220.829 342.734
232.808 368.229
254.326 392.956
277.977 411.706
300.385 424.202
318.414 428.369
328.897 416.432
330.997 401.142
330.264 381.008
325.863 359.015
321.724 337.155
318.657 312.288
314.964 294.274
310.774 272.572
259.063 214.194
272.886 207.269
286.881 206.831
298.146 210.604
308.212 218.438
335.640 223.179
340.455 219.254
344.025 219.223
345.659 221.986
344.448 230.727
325.969 237.451
335.142 252.385
342.388 264.656
349.900 277.332
304.602 290.016
317.288 295.239
334.411 299.340
339.842 295.707
340.246 289.956
277.856 239.587
288.728 230.447
297.001 233.103
301.402 243.871
299.140 245.138
288.756 243.714
332.112 248.714
337.479 238.854
344.965 239.752
345.336 249.588
347.642 252.146
342.469 251.411
295.491 351.181
306.639 330.321
321.712 317.945
339.474 314.134
345.318 315.034
343.417 325.592
339.509 346.373
335.667 370.928
332.749 389.467
326.426 397.068
315.430 391.936
303.919 375.155
297.720 353.302
316.749 325.696
335.252 320.948
341.484 324.420
337.146 348.994
332.115 380.271
325.538 388.877
315.236 382.385
294.898 235.580
344.084 243.818
