187.932 260.494
189.796 286.542
190.239 307.901
191.447 329.291
198.302 346.584
212.922 364.178
231.181 379.245
250.647 390.418
272.603 395.464
294.102 390.156
311.171 379.785
327.870 364.316
339.948 347.888
344.313 330.562
345.386 309.721
346.138 289.451
348.851 263.833
206.801 231.554
216.645 227.792
229.863 226.434
242.288 227.649
255.204 231.451
303.900 231.942
316.575 229.433
329.054 229.630
338.806 231.429
345.501 235.801
278.584 244.265
278.883 257.760
279.617 269.479
279.176 283.923
249.793 301.369
262.967 305.850
276.952 305.370
290.508 307.141
301.900 304.107
218.589 251.649
225.797 247.207
239.683 247.568
248.719 253.750
240.585 255.513
226.177 256.170
305.213 254.096
315.479 248.199
327.751 249.615
333.031 255.166
327.202 259.002
313.510 256.817
243.592 344.639
248.921 334.155
259.874 326.748
276.902 324.014
293.650 327.939
302.151 335.953
306.291 346.127
299.335 350.982
290.239 356.538
275.183 357.760
260.985 355.332
250.614 349.543
245.056 342.509
259.874 337.343
275.699 336.349
291.462 338.878
304.229 344.483
290.013 345.283
275.819 344.375
261.226 343.659
234.210 250.017
321.431 251.833
