204.835 222.051
206.288 243.754
205.495 260.877
196.535 279.258
191.021 296.663
182.076 318.274
177.676 338.337
178.106 355.009
186.787 366.842
203.925 368.015
225.533 363.094
252.023 355.366
277.170 341.947
292.986 326.249
302.139 307.527
307.604 290.996
317.509 269.590
163.367 233.737
162.699 236.910
164.918 241.028
169.320 245.642
176.505 250.625
197.725 260.440
205.425 261.468
216.674 263.124
228.716 264.938
242.981 267.481
185.090 264.897
179.334 279.281
173.920 293.285
169.862 310.426
178.102 299.086
178.350 309.234
183.343 316.451
193.696 315.964
202.635 310.943
169.794 248.862
168.516 250.932
177.510 256.778
183.693 258.530
174.408 259.363
169.781 255.210
214.504 271.478
214.880 273.637
225.893 277.799
236.194 279.108
225.452 281.170
215.475 277.653
167.982 326.254
168.333 322.908
171.229 321.890
179.344 324.083
187.010 329.450
193.719 334.263
199.893 338.944
189.640 342.873
181.270 345.174
175.063 343.796
168.714 339.269
167.007 333.176
171.472 325.273
172.944 329.460
180.189 331.599
187.422 335.897
200.369 337.171
182.020 336.637
177.299 334.731
170.563 332.324
175.704 254.220
220.513 276.000
