192.402 244.948
196.206 272.020
201.408 292.251
210.856 313.885
221.387 331.089
243.905 344.215
268.968 355.472
293.777 366.105
314.883 372.760
332.183 365.047
336.937 354.499
335.897 341.638
330.889 329.217
324.623 312.936
322.034 292.501
323.256 274.551
325.028 249.175
258.708 224.302
272.011 219.876
285.139 218.433
295.225 220.276
303.672 224.968
331.597 224.317
339.124 220.063
345.624 219.340
349.454 221.375
349.024 227.126
318.643 241.407
323.710 259.689
328.271 274.295
333.446 289.891
296.970 303.399
310.770 309.195
323.769 309.339
331.656 308.613
334.798 300.043
270.526 247.167
281.794 242.829
291.312 244.634
293.650 251.668
291.036 253.373
280.232 252.791
327.371 251.065
336.275 243.569
343.982 243.354
345.087 248.186
344.505 252.791
336.264 253.715
281.669 322.820
294.123 323.012
309.542 322.897
325.551 321.241
336.791 319.621
342.306 318.723
340.303 319.072
339.770 324.332
334.547 333.043
325.838 334.818
310.720 332.560
294.511 326.733
283.704 323.223
304.002 326.128
321.436 326.484
334.152 323.171
337.361 319.172
333.580 324.107
324.149 326.934
309.142 325.459
285.241 246.448
339.678 247.091
