156.388 264.366
161.720 290.635
166.765 311.640
174.101 334.884
183.174 352.774
199.044 371.828
218.872 387.921
239.890 400.939
264.576 404.891
288.856 393.543
307.915 374.161
325.371 350.799
337.099 327.940
341.837 305.909
341.981 280.733
340.136 259.660
337.226 233.064
172.918 274.370
182.519 274.709
195.055 274.142
207.337 274.512
220.567 274.896
261.334 268.559
273.065 263.697
286.273 259.053
298.551 254.912
309.763 250.580
242.657 280.180
244.977 293.041
247.416 307.262
250.402 326.119
223.174 326.418
236.376 334.128
253.172 337.227
268.453 330.960
279.045 319.212
190.237 281.853
195.853 280.428
210.114 278.063
218.573 280.174
208.698 283.603
195.568 284.989
268.129 272.010
275.404 268.711
288.838 264.601
297.168 263.194
290.909 269.546
277.909 272.042
220.218 357.987
225.131 353.825
234.818 351.133
254.912 349.170
273.910 345.026
284.983 344.330
293.819 345.850
285.573 357.213
273.475 365.985
259.094 370.236
243.403 371.592
230.204 366.145
222.570 357.606
236.434 357.059
256.517 356.329
275.503 351.449
291.192 346.318
272.593 356.861
257.020 361.033
240.874 362.823
203.001 279.445
284.277 266.396
