175.871 237.280
173.329 259.447
173.161 277.826
175.183 300.343
180.174 318.433
194.422 337.779
212.740 355.523
232.191 370.684
248.784 377.177
263.688 370.270
270.877 357.219
274.994 339.829
276.621 322.123
278.554 305.406
283.574 286.955
288.099 271.714
293.359 252.769
232.754 237.291
247.401 238.101
261.989 241.085
272.638 246.019
280.811 252.779
310.977 255.060
319.261 251.614
324.939 249.966
327.408 249.954
324.767 251.127
291.401 267.733
289.730 282.642
291.084 295.607
293.443 309.166
256.967 308.696
266.521 318.148
278.796 323.379
284.882 323.749
289.770 316.860
236.737 257.083
251.017 256.285
259.236 259.546
262.461 265.356
256.850 267.637
245.572 265.913
297.588 269.723
309.270 265.591
315.363 264.774
313.526 267.168
311.883 274.902
304.323 274.446
235.271 331.614
246.115 332.668
259.626 334.279
276.367 338.052
285.186 339.160
286.768 340.879
284.630 342.155
281.450 349.404
276.621 355.688
268.973 354.511
254.424 347.529
241.801 338.281
235.994 331.397
253.305 337.575
270.145 343.845
278.602 343.624
282.082 341.370
278.228 347.481
270.367 345.595
255.206 340.283
253.997 255.764
310.893 263.346
