220.531 245.399
223.384 268.401
224.676 286.871
221.647 306.225
221.926 322.891
219.210 340.696
218.566 357.565
220.676 373.470
229.818 382.025
245.685 376.747
264.345 363.161
284.230 346.267
303.697 329.013
316.222 310.466
321.796 287.145
325.640 265.437
329.197 238.428
180.054 225.307
177.066 221.025
179.308 217.889
183.748 217.568
189.956 220.517
213.946 217.535
221.643 213.235
232.053 211.668
243.714 212.317
258.700 216.259
200.683 233.548
193.832 250.017
185.150 265.074
180.987 282.799
192.189 293.556
191.945 299.386
197.051 300.486
208.018 299.754
222.150 293.294
185.553 241.155
183.665 236.554
190.931 235.885
196.391 241.752
190.142 245.588
184.572 245.541
226.626 238.746
227.487 232.469
235.928 231.098
248.529 235.317
239.745 241.211
229.645 242.483
198.961 326.316
190.069 319.466
188.112 316.541
194.322 316.566
207.782 315.904
224.218 318.839
241.600 325.923
232.343 341.519
219.851 354.450
208.688 358.219
201.449 353.092
200.506 341.012
201.258 327.324
192.358 323.256
197.070 324.155
213.937 323.153
239.338 326.569
217.256 343.981
206.389 348.388
199.588 343.391
187.260 240.183
233.028 236.253
