167.883 278.220
172.782 303.700
176.619 325.091
185.768 346.524
196.261 363.589
214.477 381.271
237.166 394.639
260.855 404.028
282.814 406.181
301.430 396.888
314.491 382.703
325.673 364.454
329.951 345.260
330.308 326.739
331.012 305.893
330.134 286.491
332.483 261.594
218.531 277.274
232.132 277.196
246.685 277.707
258.468 279.459
268.919 282.296
302.332 280.123
311.520 274.920
321.013 270.556
328.853 267.062
334.189 264.897
286.011 291.312
288.432 303.526
291.405 316.321
293.995 332.055
259.165 333.999
272.457 341.354
288.462 344.971
299.657 338.785
306.868 328.224
227.681 290.102
237.803 288.881
250.482 289.498
256.831 292.692
249.727 293.494
237.321 294.425
301.932 288.569
312.179 286.134
322.849 282.296
325.912 280.962
322.279 287.009
312.115 288.539
246.600 366.077
256.834 357.413
269.246 354.699
288.801 354.214
304.836 350.779
311.885 350.932
314.922 356.970
310.536 372.147
301.612 384.261
287.030 388.469
270.336 387.443
256.741 378.817
247.052 366.646
267.123 359.107
288.010 359.430
304.096 356.015
312.828 357.703
303.356 377.096
287.882 382.609
269.990 381.454
242.059 290.423
316.705 284.094
