191.398 268.050
193.898 289.419
195.620 306.999
200.245 332.188
206.367 351.646
218.744 374.368
235.461 394.790
252.729 412.246
273.482 420.340
295.480 413.001
312.270 396.833
328.559 376.766
341.911 355.713
350.026 334.878
356.615 311.086
360.224 294.124
364.152 272.379
201.496 283.603
211.761 286.104
226.214 287.660
239.932 290.547
254.268 295.210
304.539 295.134
318.562 291.014
333.475 288.466
346.474 287.549
356.495 285.868
278.790 308.354
278.454 326.795
278.053 345.216
277.367 364.621
252.648 359.268
262.608 368.464
276.222 371.947
290.387 370.029
301.900 358.772
219.605 299.838
226.124 301.098
240.620 301.587
250.922 306.601
240.561 310.777
225.270 308.527
306.220 307.572
314.849 305.024
328.523 303.980
336.658 303.375
330.335 311.698
315.979 313.098
245.033 382.934
249.984 384.182
258.994 385.257
274.213 387.099
289.986 386.134
300.044 386.196
305.443 386.316
299.259 393.037
288.495 401.384
274.757 403.597
259.919 400.611
250.670 391.247
248.440 382.273
259.099 389.549
274.750 393.022
290.305 390.803
302.475 385.784
287.930 393.121
274.479 395.119
260.148 392.162
231.343 303.541
320.290 306.085
