173.485 250.686
181.562 269.575
186.850 285.356
192.200 307.951
198.200 326.472
210.837 348.223
227.149 367.566
244.276 383.869
265.705 389.499
286.497 377.856
300.957 357.964
314.168 334.588
321.524 310.341
321.640 288.495
321.619 266.278
322.353 249.635
323.773 228.880
181.797 278.547
190.308 281.895
203.366 285.085
215.866 288.798
228.638 291.178
270.060 285.580
281.142 278.628
293.328 270.774
304.582 264.325
313.841 258.511
250.986 298.159
253.831 314.105
256.570 329.899
259.379 349.737
239.623 335.062
249.214 342.239
259.837 344.997
270.034 340.307
277.602 330.422
201.020 292.993
206.397 292.457
219.499 291.759
229.191 292.590
220.433 298.918
208.908 300.430
273.308 286.944
282.289 284.230
293.656 280.940
300.918 279.647
295.746 288.646
283.798 290.899
233.234 351.150
237.401 352.322
245.666 353.699
260.968 354.924
276.019 351.373
284.853 347.578
289.548 344.030
282.653 352.905
272.694 363.086
262.174 365.950
249.953 365.160
239.472 358.147
235.590 349.438
246.890 354.301
262.054 354.069
276.572 351.483
286.979 343.167
272.096 353.302
261.223 355.623
248.584 355.777
212.662 294.381
288.681 283.786
