181.137 267.133
190.485 292.638
198.384 312.077
212.185 334.716
226.099 351.803
252.337 365.234
282.264 376.565
311.053 384.538
333.378 384.007
347.825 368.242
351.034 349.295
349.650 328.897
344.270 312.615
336.387 296.754
330.787 277.613
326.691 261.963
322.508 240.688
242.032 237.078
258.119 231.658
274.199 228.669
286.749 228.901
297.910 231.861
332.759 224.334
339.949 218.424
346.624 215.364
350.940 214.705
351.334 217.583
316.773 242.042
322.893 256.518
330.042 269.073
337.365 283.559
298.782 301.642
315.461 305.965
331.522 303.149
340.484 298.709
341.497 285.561
257.979 252.360
270.605 246.494
281.606 246.398
287.746 252.222
283.164 254.597
271.834 256.524
327.568 243.318
336.361 234.884
343.082 232.014
341.755 235.455
343.759 240.772
336.295 243.213
296.072 335.787
307.585 324.863
321.003 317.925
338.287 313.158
349.372 308.712
352.436 309.932
352.035 317.214
351.930 331.672
350.313 344.796
339.662 352.800
323.528 354.680
306.441 348.002
296.562 336.888
319.888 326.973
339.364 322.903
349.234 317.096
349.606 318.750
346.658 333.696
337.258 341.388
320.684 342.831
276.344 248.931
338.896 236.028
