165.939 242.716
163.930 269.371
164.851 292.015
171.373 315.462
179.876 334.725
195.827 353.664
218.518 370.933
244.138 386.692
269.875 394.590
291.969 389.352
305.988 377.916
316.249 363.192
319.203 348.102
320.515 332.074
322.221 311.445
323.477 291.152
325.320 265.013
222.456 222.711
237.372 221.060
252.654 221.833
264.814 224.854
275.187 229.905
311.732 233.464
322.415 231.273
332.056 232.244
338.828 235.326
341.969 240.677
291.862 244.926
293.637 261.004
296.763 274.641
298.895 290.386
260.739 299.649
273.556 307.480
288.728 311.317
300.494 311.096
307.985 303.879
233.221 242.619
246.529 239.901
256.660 243.708
262.060 249.163
255.587 250.333
241.303 248.298
304.369 253.882
316.663 250.343
325.240 251.488
327.501 255.839
324.794 259.745
314.384 258.007
235.398 328.543
249.131 322.102
265.658 321.354
285.781 323.856
302.204 325.749
309.100 330.238
309.053 337.639
302.337 348.341
292.887 357.828
277.191 360.154
258.271 352.754
243.253 340.626
237.712 330.127
261.348 326.698
283.744 329.552
300.360 331.768
306.233 337.978
294.074 352.578
278.440 355.515
259.300 347.438
248.285 241.673
318.145 250.999
