186.263 294.347
203.383 314.272
217.879 329.875
236.412 341.592
253.107 350.532
280.307 350.774
309.783 344.956
338.387 338.094
360.761 331.670
367.973 325.783
363.383 324.377
356.391 322.105
345.457 318.533
334.390 310.385
324.750 295.466
317.227 281.472
308.264 263.017
242.633 236.180
254.852 228.007
268.334 222.179
279.108 219.964
288.190 220.051
315.547 215.383
322.201 212.435
327.113 212.082
329.460 213.616
328.944 219.040
305.386 225.664
316.209 232.636
328.130 239.718
340.607 250.176
305.107 275.434
318.694 278.043
331.809 275.570
335.560 273.707
332.717 268.877
256.313 249.292
262.913 240.814
272.941 236.862
278.301 243.753
276.906 244.456
266.894 248.490
307.349 237.924
314.938 229.048
323.009 227.353
324.868 235.167
326.369 235.360
317.888 235.841
307.054 305.739
313.715 299.417
323.871 294.013
338.262 288.291
345.896 286.999
347.327 287.641
348.617 290.794
349.856 293.453
346.831 296.379
340.123 299.263
331.124 300.865
317.022 304.238
306.854 306.514
321.732 300.621
337.134 295.582
343.269 293.489
346.328 292.778
343.175 290.225
337.211 292.392
325.543 295.523
270.357 240.524
320.858 230.305
