162.350 282.690
168.325 308.548
170.393 329.363
173.093 352.795
179.075 370.852
191.257 386.718
209.053 399.389
228.943 409.867
254.380 414.724
280.182 404.344
301.008 391.735
320.673 375.629
332.657 358.361
336.718 339.529
338.587 316.675
338.480 296.151
339.052 268.301
179.161 257.912
188.989 254.704
203.051 252.716
215.818 253.456
228.220 255.776
266.023 252.173
278.388 247.811
292.812 245.247
305.768 244.420
316.648 246.257
246.998 264.658
246.976 280.814
246.832 295.299
246.225 312.601
229.639 331.506
237.286 333.907
248.734 334.227
261.411 333.003
270.688 327.338
193.545 275.855
200.544 269.437
214.952 270.896
223.558 275.004
214.396 275.250
200.067 276.994
274.296 270.458
283.107 264.870
297.955 261.889
305.648 266.925
299.165 268.370
285.729 269.163
218.015 362.831
223.448 356.803
232.544 352.448
248.223 351.274
265.154 350.943
276.870 355.212
284.775 360.816
277.335 367.569
265.288 374.618
250.264 377.201
233.377 375.234
223.910 369.719
221.024 362.666
234.445 359.043
249.694 357.824
266.203 357.969
281.299 360.046
265.017 363.613
250.026 364.039
234.047 364.301
208.356 271.793
292.745 264.702
