210.815 241.743
208.015 267.602
204.616 289.576
193.842 309.895
185.644 327.725
171.172 347.787
159.811 367.247
153.223 382.901
155.104 396.523
168.878 402.355
189.605 404.135
216.073 399.220
242.684 388.534
262.882 375.822
277.404 357.501
286.699 336.857
296.112 309.821
151.952 241.389
145.172 241.880
143.677 244.267
144.993 248.345
148.832 253.952
162.139 266.769
167.371 268.790
175.912 273.005
186.086 278.417
202.459 285.216
150.859 270.458
141.145 285.683
131.405 302.626
124.512 321.908
155.662 312.982
150.046 322.722
149.982 333.440
161.031 334.195
173.760 330.020
156.891 255.570
151.770 256.148
156.896 259.599
162.729 264.188
155.602 263.676
151.916 261.957
180.863 280.417
177.992 284.129
183.684 287.078
193.751 291.383
185.358 292.977
177.610 287.406
157.902 342.581
153.088 336.084
150.073 339.295
152.349 348.994
161.367 353.587
171.594 358.590
178.128 366.753
166.407 370.610
154.825 368.564
149.311 365.018
148.889 360.848
152.233 353.412
159.152 342.589
153.040 341.281
156.030 350.030
165.680 355.882
178.869 365.935
159.397 365.319
154.285 360.503
152.422 355.887
154.955 257.733
181.954 285.193
