205.308 262.873
203.625 282.806
201.184 300.541
196.379 318.577
191.878 334.707
181.880 353.963
174.509 371.255
170.956 385.188
175.739 394.513
188.723 397.395
209.203 395.668
234.576 388.959
260.353 375.635
276.898 359.458
286.302 339.894
293.827 320.777
304.907 296.741
165.013 241.555
162.857 236.677
163.187 235.120
164.577 237.649
167.688 243.761
186.704 248.976
195.046 246.277
205.786 247.592
216.300 252.650
229.426 262.324
171.032 265.614
164.161 286.065
156.631 299.749
149.324 312.912
167.065 319.587
163.791 325.910
163.873 329.347
172.436 331.129
182.554 325.742
168.360 268.466
164.042 268.566
169.921 271.579
176.638 272.429
170.293 274.327
165.803 273.570
199.311 281.981
197.321 284.298
205.452 287.145
214.930 288.960
205.824 290.779
198.786 287.699
164.953 349.456
160.668 342.401
159.710 340.468
161.634 342.858
168.970 346.506
175.845 352.409
182.640 360.997
179.680 365.188
170.360 368.617
165.936 367.991
162.469 362.543
164.269 355.905
167.777 348.960
164.186 346.087
164.862 347.632
172.741 351.707
184.809 359.395
171.080 360.973
166.657 361.242
164.541 356.389
167.642 268.901
202.431 284.073
