158.991 273.555
162.940 299.774
165.538 319.309
170.936 344.548
179.783 364.860
201.472 384.828
226.875 394.762
249.079 398.470
269.228 401.415
286.011 397.012
293.811 392.447
300.703 382.086
302.260 365.918
302.404 348.471
304.096 327.534
304.781 310.439
309.386 287.316
210.881 254.811
224.549 251.767
240.113 251.513
252.965 254.162
264.128 258.931
299.468 263.717
308.325 261.100
316.408 260.296
321.818 261.510
324.054 265.493
282.688 273.176
285.151 286.370
288.523 300.256
294.014 318.180
256.566 330.379
270.247 334.661
284.921 336.745
292.275 336.141
296.563 329.825
220.280 280.611
232.881 274.820
244.411 276.474
250.674 286.330
242.408 288.632
229.305 286.628
289.317 289.877
300.694 279.793
310.957 281.237
312.697 288.002
311.355 293.724
301.816 293.286
248.483 365.353
257.298 360.242
270.260 356.082
286.473 354.355
296.838 356.462
298.989 359.369
300.133 363.693
297.922 370.196
291.858 375.894
280.972 377.821
269.675 376.714
258.006 371.626
250.007 363.643
267.668 362.453
281.881 362.349
290.706 362.454
296.210 361.882
292.070 365.784
282.536 368.523
271.010 366.639
240.100 279.678
307.580 285.209
