227.947 207.604
228.429 232.505
232.634 254.356
245.509 274.945
257.370 293.620
281.124 312.542
306.654 329.419
329.345 343.358
341.892 356.124
340.802 362.976
328.814 366.907
313.894 365.602
297.764 359.605
287.171 349.516
282.341 334.565
281.596 321.128
282.739 303.416
312.573 188.599
322.547 188.906
330.196 192.580
335.842 198.888
340.566 208.686
349.128 231.225
349.367 234.416
348.264 240.692
346.313 248.283
341.277 259.312
349.363 232.588
357.519 245.821
366.906 257.076
369.792 269.232
339.240 268.860
348.543 278.729
353.246 286.017
353.012 291.941
349.176 294.413
318.371 208.671
327.791 207.827
330.982 214.541
331.131 225.324
331.423 223.906
326.356 216.226
342.811 254.313
348.116 252.073
349.022 258.653
342.296 267.407
347.672 268.007
346.528 260.259
326.189 300.442
340.129 297.763
350.272 298.146
357.027 302.598
357.515 309.019
353.446 318.945
343.623 331.502
348.902 331.425
354.325 330.364
355.655 324.783
346.799 314.708
335.411 306.575
325.290 300.668
343.474 304.701
354.046 310.906
353.400 318.390
341.688 328.792
353.003 323.902
353.624 317.797
345.898 309.911
329.751 214.354
347.774 258.588
