197.263 245.478
197.905 271.917
194.955 294.167
192.210 318.776
192.673 338.451
190.579 362.572
194.837 383.767
201.411 402.026
216.981 415.153
242.030 414.411
270.429 406.833
300.730 392.762
324.926 372.685
340.511 352.272
349.247 326.640
350.988 302.252
353.814 272.556
171.016 247.628
172.237 248.365
178.306 251.170
186.016 255.864
196.414 262.282
234.396 270.262
246.356 267.730
261.081 267.228
275.411 268.275
291.487 270.716
215.053 280.492
211.639 298.161
207.191 313.627
202.534 328.889
199.692 330.115
204.366 337.963
211.960 343.197
224.633 342.994
238.445 338.956
183.002 268.089
184.048 266.565
193.976 269.000
203.564 276.344
194.265 280.328
184.810 277.761
245.759 287.157
251.166 282.933
262.811 284.396
274.857 289.167
264.614 296.318
251.196 294.527
192.333 358.527
192.917 356.962
196.283 356.021
208.121 360.069
224.793 362.361
237.220 367.654
249.268 373.296
240.747 378.066
226.133 382.062
211.771 380.151
199.747 373.399
196.065 365.276
195.769 358.218
200.831 361.426
212.228 365.679
228.287 368.239
247.543 371.542
226.647 373.393
211.650 371.058
200.543 365.837
189.288 270.761
257.852 286.828
