221.415 270.998
220.031 294.487
216.253 313.513
205.354 331.904
196.366 347.147
180.501 361.531
167.854 373.396
159.213 384.617
159.904 393.769
173.144 394.509
196.063 391.755
225.321 384.602
254.077 370.280
273.651 352.478
287.121 327.447
296.148 304.934
301.197 274.113
167.753 252.645
162.092 248.945
160.461 246.763
160.704 247.772
162.635 251.824
174.145 250.785
179.461 245.547
188.221 243.313
198.282 244.301
213.213 248.745
167.045 265.577
158.893 280.648
150.040 291.542
141.022 303.063
153.792 317.173
148.725 322.699
147.684 325.294
155.680 326.822
167.632 319.127
169.960 272.095
163.240 268.183
167.580 270.242
171.846 275.159
165.533 277.473
164.182 276.362
187.840 276.069
184.303 270.550
190.728 268.713
203.082 272.709
192.660 278.841
186.402 279.314
156.894 344.090
147.193 341.193
142.902 340.054
142.451 342.126
149.604 344.584
160.690 349.919
174.207 356.344
161.910 360.447
149.337 365.514
142.624 363.092
143.416 359.043
150.707 350.786
158.461 344.379
149.045 347.322
149.676 351.318
156.091 353.376
173.647 355.227
150.673 354.290
145.559 352.827
145.272 349.272
164.815 271.350
188.405 272.294
