185.198 235.802
190.085 259.531
195.284 277.532
204.732 292.924
215.993 305.206
238.744 312.595
262.938 318.764
287.355 326.864
308.091 335.318
324.535 336.990
329.925 339.285
331.448 341.402
329.298 341.555
325.959 333.807
326.244 318.994
328.957 304.600
330.900 284.271
253.175 191.910
267.123 188.571
282.293 188.905
294.101 192.139
303.793 198.265
335.128 208.917
343.725 209.974
351.183 214.587
356.672 220.894
358.072 229.983
319.129 212.307
322.012 221.914
326.836 228.178
333.162 236.905
296.031 259.203
307.678 262.129
322.020 263.170
326.748 268.210
329.841 266.861
259.591 211.882
271.099 206.082
284.350 209.821
287.954 218.571
282.729 215.756
270.660 213.103
329.202 232.886
337.132 229.953
347.931 232.075
348.603 243.021
349.216 240.025
340.158 235.763
285.837 283.834
297.200 280.377
308.715 277.259
319.971 278.111
326.401 281.031
331.420 288.513
333.729 298.495
329.401 299.007
323.746 299.273
317.519 297.825
309.182 294.681
296.309 289.410
286.709 285.766
303.684 286.082
314.888 287.008
323.122 290.635
329.829 298.541
323.140 289.628
316.694 287.871
307.140 285.577
281.783 211.898
347.037 235.517
