149.209 282.771
157.018 307.648
163.545 328.093
173.367 350.519
184.595 367.888
206.383 385.539
230.762 397.585
252.129 405.886
271.951 407.845
287.668 400.017
298.076 388.123
308.291 373.519
310.752 354.641
310.322 336.226
311.709 315.081
313.685 295.339
318.333 268.809
203.751 274.252
217.397 271.349
232.693 269.836
245.860 271.036
257.848 274.996
296.365 271.846
307.252 266.940
317.133 264.383
324.099 263.669
328.695 265.288
274.907 288.967
276.992 306.531
279.908 319.283
283.361 334.109
255.250 345.499
265.913 349.622
276.898 349.284
285.006 349.386
291.018 342.870
220.734 297.723
230.694 289.674
243.761 288.919
249.626 297.301
244.214 302.372
233.510 304.220
294.704 292.865
305.211 285.162
316.350 284.710
319.217 290.603
315.922 297.497
306.691 298.377
260.804 376.573
262.877 368.608
267.454 363.253
280.041 360.207
291.602 360.560
295.712 363.994
296.425 371.904
293.917 379.496
287.771 389.681
279.395 393.194
272.417 392.013
264.283 384.415
260.333 375.481
269.988 373.052
279.783 373.426
288.529 370.220
294.163 371.283
287.186 375.468
280.658 377.607
273.660 378.178
237.772 295.876
310.933 288.014
