176.130 257.645
176.091 282.582
176.502 302.600
181.117 326.732
186.588 346.576
200.201 371.091
222.186 389.409
244.909 401.917
265.691 406.109
284.086 398.127
295.452 383.164
305.492 362.720
308.301 339.189
308.857 317.643
310.514 295.380
316.547 278.207
327.285 255.719
254.770 294.146
271.537 299.912
284.388 303.925
292.736 307.006
298.569 309.102
324.070 304.939
333.386 300.281
341.588 295.523
347.915 291.461
351.689 286.292
307.137 314.353
305.666 327.749
304.876 344.570
303.457 361.768
264.987 349.578
275.494 359.839
288.455 364.697
299.618 356.263
307.739 341.488
244.791 301.521
257.751 302.478
266.867 301.425
270.686 304.413
262.757 310.596
251.763 310.317
315.960 303.095
329.362 301.143
337.556 299.087
337.373 298.072
334.069 306.515
325.815 308.394
241.851 370.825
253.585 369.559
267.310 370.717
284.426 370.371
297.485 366.103
302.529 363.171
304.026 364.259
296.909 375.649
286.455 386.895
274.071 389.908
262.618 387.856
250.015 380.195
244.163 370.282
263.442 369.656
281.734 370.591
295.267 365.563
300.464 363.261
287.221 380.485
275.210 386.132
263.170 383.409
259.159 302.730
330.527 300.475
