185.240 270.304
192.585 296.808
199.385 318.491
206.434 340.974
214.825 359.072
230.430 376.270
252.584 388.128
275.780 395.263
298.065 396.977
318.947 390.741
335.651 379.898
350.097 364.043
357.447 346.415
359.703 327.874
360.560 305.833
362.724 284.195
367.468 256.320
221.807 256.118
234.011 252.882
247.053 250.476
259.029 250.736
270.850 253.273
309.952 249.821
321.270 245.778
333.278 243.913
343.299 243.895
352.425 245.670
290.298 266.265
292.043 283.622
293.392 296.792
295.751 311.764
270.541 325.246
282.698 329.524
296.412 331.368
307.530 327.428
316.378 320.357
238.581 272.471
248.256 267.544
261.549 265.974
265.501 271.685
258.809 275.432
246.366 275.964
312.679 268.445
321.856 262.072
334.310 260.753
337.912 264.423
335.264 268.814
323.254 269.856
264.099 359.843
272.282 356.389
283.251 354.053
298.597 351.740
312.366 350.565
320.684 351.093
326.146 353.580
320.226 359.336
312.278 366.090
299.503 370.480
285.383 368.111
274.503 363.283
266.879 358.373
282.062 358.800
298.782 358.254
312.758 355.724
322.999 353.403
310.314 359.196
298.937 362.341
285.503 361.205
257.641 268.278
332.508 262.475
