189.917 236.322
195.289 258.055
199.039 277.323
197.538 301.168
198.263 321.288
199.230 346.234
203.443 369.302
209.924 386.784
220.860 397.808
237.789 396.582
255.826 388.496
276.755 373.025
295.839 352.808
307.693 332.542
317.100 311.032
323.954 294.356
329.338 271.260
154.542 250.126
154.189 252.485
159.002 255.959
166.061 260.455
175.678 266.562
210.665 276.541
221.657 276.332
235.259 277.652
248.601 279.267
263.772 280.896
192.793 285.646
190.868 304.993
187.511 322.246
183.801 340.099
191.540 330.495
193.618 339.545
198.128 345.713
208.191 345.851
218.443 341.887
163.539 268.128
162.950 267.580
172.552 270.650
181.107 277.396
172.097 279.990
164.479 276.776
224.295 290.175
228.728 288.859
240.325 291.511
250.984 295.323
243.537 300.907
230.500 297.853
192.343 359.712
189.455 354.098
190.369 354.233
198.514 360.256
212.758 363.813
222.139 367.612
228.814 374.919
225.491 384.093
216.405 392.667
206.687 393.052
199.420 385.565
196.197 372.644
194.681 359.638
194.464 358.502
201.091 363.482
214.448 366.801
228.197 372.787
214.675 386.774
204.992 386.831
198.039 379.615
168.112 270.349
235.120 289.986
