162.078 287.298
170.030 310.388
176.005 328.938
181.390 349.511
187.621 365.469
198.046 380.236
211.744 389.063
227.225 395.104
247.606 398.417
268.821 388.985
287.015 379.007
304.586 364.831
316.329 347.504
321.833 329.635
325.250 307.874
326.568 287.632
328.612 260.917
170.367 265.067
177.042 261.079
186.755 257.985
196.781 257.213
208.105 258.159
241.628 251.268
251.355 246.030
263.457 243.136
275.048 242.138
287.284 243.967
226.503 267.129
226.640 282.358
226.816 296.059
227.013 309.027
214.764 322.596
222.922 328.069
233.840 329.294
246.479 324.535
256.742 313.210
183.116 277.735
186.997 271.936
197.559 270.100
209.689 276.449
199.310 281.886
187.819 282.873
251.369 268.871
258.007 258.288
268.548 257.518
279.192 262.501
272.082 268.832
258.485 271.018
212.935 356.308
218.065 351.948
223.582 347.087
236.780 345.441
249.393 343.000
259.220 344.596
269.759 344.994
261.647 350.536
251.926 355.772
239.623 358.454
226.595 359.350
218.688 357.412
216.125 353.818
227.458 352.287
238.482 350.309
251.281 348.307
266.323 344.450
250.760 347.647
239.101 350.440
226.706 351.950
191.649 272.340
262.570 259.926
