197.720 266.730
196.429 292.125
195.402 311.596
188.373 328.370
183.824 343.873
179.181 360.340
182.277 374.607
190.525 386.025
207.335 394.001
234.520 392.060
264.300 386.406
294.412 374.725
317.082 360.534
330.081 343.974
340.346 322.742
351.010 301.431
359.022 272.306
171.259 233.189
171.946 227.926
177.423 224.879
184.550 225.169
195.040 228.530
242.194 228.683
257.704 225.630
275.315 225.929
292.919 228.836
308.606 235.676
214.039 242.316
208.535 259.967
200.661 276.140
193.274 295.964
193.754 308.015
198.178 312.497
206.751 314.233
221.791 314.894
236.056 311.408
180.978 254.705
180.624 247.650
191.506 247.035
202.041 253.514
189.736 256.336
181.473 258.138
256.151 255.464
261.698 249.865
275.003 250.852
286.506 259.218
274.642 262.649
261.383 259.433
184.246 341.214
185.316 336.224
190.997 332.718
204.075 332.503
223.123 335.470
240.562 340.835
252.874 348.140
238.456 351.146
219.920 354.035
204.902 354.031
192.801 349.767
187.067 345.229
188.195 340.879
193.907 340.554
207.885 341.451
228.740 344.146
249.549 347.438
223.144 342.436
207.876 341.768
195.985 339.832
185.200 250.164
267.312 253.397
