190.458 227.535
192.534 257.040
195.565 281.092
208.484 302.478
222.766 320.404
252.953 334.815
287.422 347.044
319.690 356.612
344.774 362.932
357.644 359.108
356.608 352.844
352.692 342.671
345.595 332.411
338.483 318.630
334.708 299.481
332.056 281.756
328.069 256.958
273.042 198.019
289.280 194.855
304.067 194.708
315.424 197.032
325.052 201.762
354.823 206.240
361.356 206.230
365.491 209.129
367.238 213.167
365.276 220.525
340.410 214.364
348.536 225.900
357.557 239.587
365.245 255.976
322.183 271.412
336.755 276.373
350.334 279.369
355.681 280.419
353.858 278.119
284.285 217.343
295.121 215.165
306.820 217.459
308.651 222.540
305.736 222.954
296.665 221.686
338.770 229.748
350.171 224.203
359.205 226.741
356.740 234.464
357.857 236.529
350.417 233.984
307.567 303.687
320.788 298.567
335.225 295.681
352.939 298.477
362.700 301.255
363.608 306.593
360.474 313.329
360.816 315.492
358.257 315.022
349.060 313.107
336.612 310.155
320.898 307.826
309.585 303.904
329.683 301.442
346.901 303.538
357.330 307.222
357.582 312.942
357.366 307.289
347.846 304.660
334.952 302.806
304.747 215.049
356.413 229.329
