179.990 253.039
180.261 276.393
177.265 295.780
172.234 316.898
173.237 336.067
178.055 355.997
188.285 375.446
199.872 392.235
218.508 401.920
244.195 393.378
268.817 377.426
293.761 355.138
314.567 333.070
326.080 311.327
331.853 285.089
332.724 263.774
333.037 236.882
159.070 208.545
162.091 199.759
169.446 193.639
178.480 191.719
189.645 193.694
227.632 187.363
239.340 182.193
253.334 181.409
266.334 183.760
279.919 191.179
207.503 206.744
202.383 223.505
197.065 236.707
191.731 251.971
184.476 271.353
191.537 274.821
202.858 276.750
219.242 274.612
235.595 269.287
169.594 225.618
170.573 217.829
181.545 216.089
192.368 221.970
181.321 222.796
170.235 224.964
238.366 215.378
246.130 205.734
259.007 205.042
270.332 211.624
259.688 213.122
244.315 214.756
183.905 326.850
181.397 307.475
185.095 298.306
200.327 296.018
220.751 297.224
236.347 307.338
251.397 329.229
243.655 351.398
229.782 363.509
211.641 368.580
195.821 362.479
189.181 349.084
186.981 329.166
188.348 307.559
203.377 304.399
225.892 307.267
250.037 329.835
230.048 357.340
211.135 362.772
196.356 356.373
176.322 219.482
252.237 208.791
