190.079 256.395
199.456 277.848
205.499 293.793
205.129 314.654
207.275 331.945
210.691 351.447
220.032 367.591
232.556 380.036
248.080 387.200
265.947 379.933
285.023 366.770
304.949 348.387
320.281 327.184
327.832 307.053
331.969 285.049
334.104 267.149
334.943 241.372
168.291 262.809
171.218 263.316
179.355 262.904
188.535 263.582
199.468 266.030
228.795 262.448
238.305 257.731
251.097 254.590
264.296 252.739
278.872 250.775
216.289 277.917
217.330 296.556
217.834 314.054
219.581 333.009
213.467 322.518
220.208 332.378
230.367 337.025
243.824 331.057
251.535 319.669
184.808 277.251
185.447 276.602
196.323 275.899
205.759 279.089
196.592 282.518
186.063 283.591
244.456 274.868
249.467 271.642
260.735 269.169
272.590 269.398
263.996 276.785
250.762 279.041
211.541 353.239
213.393 350.986
218.186 349.626
229.700 349.444
242.249 348.309
252.095 348.279
259.384 351.016
251.414 357.105
243.862 363.513
236.070 364.927
225.492 363.267
218.472 357.773
215.874 351.014
222.765 355.151
234.283 355.689
245.470 353.287
259.523 349.672
241.048 355.395
234.300 356.924
225.885 355.555
190.093 280.605
254.653 275.022
