188.796 291.403
193.833 309.933
195.765 326.228
200.361 350.845
207.697 369.779
225.037 389.979
243.603 407.990
262.439 421.273
282.393 424.458
298.799 412.565
307.868 394.778
316.377 372.368
323.265 348.492
326.937 325.899
331.707 302.688
337.161 286.754
346.537 267.058
241.554 319.902
254.648 322.520
269.273 324.115
281.672 325.800
292.763 326.872
329.456 320.151
340.534 314.740
350.520 308.976
357.372 304.196
359.604 298.772
309.080 335.265
309.101 352.586
310.225 367.048
312.161 383.608
280.290 372.795
289.428 380.360
302.261 385.151
309.796 377.721
314.763 366.602
253.700 336.711
264.167 335.978
275.400 333.442
280.834 334.838
273.543 342.804
261.292 344.103
320.536 327.130
331.849 324.128
341.722 322.179
343.979 320.857
339.471 330.031
329.592 332.718
265.540 394.251
274.391 393.919
285.234 394.457
299.113 395.259
310.018 390.310
313.716 386.369
312.477 385.981
306.271 394.283
298.444 403.105
288.966 406.658
279.025 405.989
270.016 400.333
265.610 392.716
281.795 393.886
295.464 393.978
305.757 389.430
310.415 385.162
299.399 396.628
290.693 400.406
280.228 399.855
268.775 339.032
335.462 327.381
