144.949 259.365
146.322 285.899
150.163 307.490
153.330 330.443
157.064 349.836
168.325 371.177
183.192 391.515
200.343 406.909
221.142 415.729
244.030 411.697
261.517 401.494
276.825 385.050
289.265 368.228
296.297 350.275
303.141 329.211
311.331 309.899
319.946 284.313
175.097 252.815
186.207 252.669
200.433 254.028
213.191 257.227
225.098 262.319
265.089 267.937
277.269 265.991
290.062 266.209
300.585 267.836
308.821 271.248
242.498 277.943
239.473 297.395
236.730 316.090
234.235 335.749
214.062 336.653
221.429 345.021
232.081 348.141
243.497 347.854
252.148 338.865
185.075 273.592
193.650 270.210
208.801 273.524
213.921 279.675
204.788 282.058
191.717 280.658
265.968 286.750
275.510 283.231
289.855 284.456
294.801 289.328
287.700 294.475
275.043 292.505
211.093 369.008
212.174 363.858
217.992 361.057
231.618 361.775
243.539 364.492
248.678 368.631
248.677 373.901
245.059 380.908
237.175 387.057
228.706 387.111
219.300 383.716
213.825 376.678
213.045 368.647
220.566 370.501
229.777 372.117
239.246 372.516
246.371 371.899
237.413 376.098
230.658 376.627
222.391 373.968
201.627 274.968
284.503 287.374
