187.004 227.766
182.765 252.793
174.445 272.936
165.188 291.059
159.742 306.679
149.520 323.453
147.069 337.561
148.747 348.731
156.959 358.575
177.049 361.076
201.095 362.419
231.565 360.062
259.625 349.705
280.393 337.022
294.884 317.847
301.911 294.932
309.427 266.618
147.980 214.469
147.384 214.091
151.627 215.882
157.123 219.549
164.788 225.189
188.476 234.140
196.822 233.576
207.903 235.519
219.891 238.599
235.755 243.666
174.106 238.999
166.372 248.914
156.642 261.408
146.549 278.012
154.891 278.834
155.337 289.147
159.981 295.276
170.294 296.546
185.065 292.574
156.682 229.981
155.157 227.844
163.041 229.728
172.115 235.599
164.614 236.153
156.147 235.401
204.698 246.639
207.203 245.630
215.765 248.645
227.015 254.727
216.852 256.872
206.879 252.564
145.347 312.372
142.506 306.339
145.912 303.342
154.138 307.595
164.757 311.653
174.067 319.665
183.059 328.405
172.527 327.892
160.630 327.919
152.553 324.973
146.270 320.063
145.168 315.675
148.210 312.229
147.832 312.859
154.464 317.832
166.708 321.202
182.854 326.937
161.198 319.388
153.319 317.134
148.355 312.950
159.604 230.315
213.005 248.623
