172.292 242.320
177.894 266.143
181.427 287.364
183.686 315.175
188.888 337.175
200.156 361.137
217.261 381.778
236.646 398.636
256.556 406.508
277.270 400.245
297.045 384.565
315.278 361.859
326.465 336.825
332.521 312.543
336.898 284.892
343.002 264.535
347.955 239.318
209.605 263.314
222.319 266.233
236.363 268.420
247.729 271.213
258.117 274.910
288.545 274.899
298.776 270.463
310.677 266.733
321.668 263.501
332.031 260.010
272.644 286.363
272.465 302.343
272.582 316.435
272.558 332.566
241.541 323.992
252.837 334.257
269.303 339.024
285.778 335.544
298.167 321.017
218.500 277.502
227.473 281.230
240.351 282.415
245.544 283.689
238.835 285.741
227.555 283.840
294.985 281.910
304.902 281.784
316.274 278.715
322.076 275.026
316.606 281.231
304.266 284.015
228.473 353.850
236.235 346.936
247.630 347.418
267.314 350.138
284.766 349.415
294.710 351.389
296.400 361.113
286.865 375.836
274.398 389.902
259.875 393.165
244.351 387.482
233.534 371.809
227.640 355.021
246.405 349.727
266.571 354.836
283.956 352.889
295.182 360.731
274.183 381.870
259.465 386.219
244.553 379.380
235.286 281.236
308.305 279.147
