166.086 258.156
171.990 286.565
177.072 307.866
187.164 320.087
200.880 332.397
225.282 342.548
258.551 347.800
289.178 352.026
315.366 356.492
333.444 354.068
341.370 352.872
345.741 348.698
337.635 341.409
331.392 332.984
325.327 318.903
321.076 299.575
320.671 274.727
228.545 201.609
242.403 193.201
257.073 188.484
270.008 188.792
281.855 193.473
316.610 199.065
325.373 198.084
333.229 201.325
338.609 207.463
341.251 218.527
302.501 208.795
308.968 223.014
316.584 233.129
323.265 245.577
279.609 266.317
294.900 270.640
310.992 272.950
321.667 274.153
326.043 271.351
247.034 223.709
256.092 222.145
266.026 222.253
271.859 223.565
267.842 224.198
257.504 224.562
315.393 229.253
326.576 230.736
333.514 231.754
334.849 234.384
332.204 234.553
324.296 232.500
272.479 306.740
281.759 296.824
295.030 291.708
316.105 291.138
329.884 293.706
334.319 300.138
332.308 310.935
330.366 311.260
326.946 309.109
317.000 308.425
299.152 306.802
284.400 307.647
273.715 306.954
292.855 300.896
313.608 300.857
327.697 303.022
329.305 310.533
325.386 305.798
315.451 303.872
298.003 303.889
263.893 215.460
331.512 224.651
