208.486 251.547
214.511 277.290
220.307 298.348
234.032 325.903
247.839 346.800
275.269 367.731
301.881 385.120
320.733 396.797
333.652 402.311
339.219 393.495
334.580 379.812
325.305 362.898
315.684 347.992
308.555 331.270
305.735 308.893
304.657 292.533
301.743 271.914
295.403 226.070
310.752 223.839
323.560 223.957
332.666 226.318
339.651 231.280
360.219 236.835
363.652 235.362
364.677 236.486
363.699 238.735
357.991 243.603
350.034 246.905
357.088 260.996
367.344 273.064
375.813 288.223
340.478 304.230
352.948 309.650
362.451 310.165
363.586 309.672
359.485 301.636
300.613 245.837
313.960 239.146
321.625 241.681
324.212 251.155
322.720 251.610
314.530 250.996
346.770 255.988
354.653 248.082
358.035 250.575
352.903 258.405
357.817 261.378
354.010 258.862
340.471 349.020
352.788 338.976
360.645 331.942
370.438 328.659
371.170 329.926
368.037 335.419
360.143 343.768
363.611 353.826
367.144 362.181
365.348 365.132
356.974 364.178
347.813 357.501
340.849 347.142
358.386 342.564
366.902 341.653
366.947 340.829
358.504 343.279
369.197 351.204
367.362 352.680
359.658 352.327
318.981 242.703
356.147 251.926
