151.636 249.724
156.725 273.720
162.251 293.350
167.097 314.884
173.712 332.484
185.956 351.022
202.909 366.838
221.378 380.234
241.833 387.741
263.424 380.912
279.928 367.606
293.925 349.838
303.143 330.775
307.082 311.350
311.751 289.483
315.272 270.866
317.369 246.131
171.057 247.312
181.882 247.584
195.623 247.472
207.745 248.867
219.712 251.749
259.921 250.603
271.883 246.626
284.908 244.456
296.207 243.574
305.330 242.905
238.979 261.507
239.392 277.759
240.472 292.161
241.770 308.101
216.587 311.052
227.482 319.347
240.119 322.042
252.568 317.990
261.824 308.789
182.890 258.909
190.558 257.033
204.053 257.782
213.333 261.170
206.615 262.319
191.024 263.283
265.090 258.679
275.032 256.500
287.154 254.840
294.143 256.393
287.921 260.835
273.525 261.104
212.705 346.162
218.628 340.004
226.667 335.721
240.018 335.770
254.377 333.468
263.285 336.824
269.440 342.163
265.044 350.146
255.411 357.727
242.988 359.814
229.668 359.118
219.218 352.945
215.186 345.407
228.943 343.288
240.861 342.928
253.579 341.816
267.245 342.190
255.016 347.992
241.810 350.162
229.297 349.495
194.972 257.161
278.598 254.887
