204.431 224.547
204.489 254.063
208.541 276.971
218.410 300.246
227.817 318.931
250.990 336.769
278.445 351.284
303.115 362.254
319.036 367.756
325.143 363.567
317.592 355.989
305.584 344.873
293.721 331.265
286.234 314.743
285.428 295.232
287.337 277.831
290.943 254.549
285.394 206.516
299.997 203.625
311.450 204.416
319.011 208.064
324.550 214.827
342.864 222.282
346.347 220.441
347.843 221.925
347.304 225.314
341.968 231.508
333.562 234.829
338.648 252.103
346.830 265.319
353.007 280.926
317.519 288.016
328.646 294.412
338.451 297.125
338.365 296.521
336.617 291.756
287.156 234.122
302.149 232.240
307.202 235.266
308.319 240.868
305.986 244.100
297.439 242.111
329.817 249.137
339.614 246.309
341.364 248.521
336.247 252.084
339.328 256.746
335.031 254.238
313.756 327.074
321.997 319.416
333.169 314.335
342.431 312.594
344.132 314.639
341.521 320.959
340.118 327.785
340.345 330.437
340.378 334.624
337.937 334.691
329.476 333.929
319.740 329.554
312.115 325.903
326.014 322.892
335.661 322.705
337.006 323.182
336.905 327.081
338.475 326.106
335.517 326.482
327.740 325.750
303.481 236.706
338.436 249.771
