194.737 250.256
197.492 275.087
197.482 295.292
193.242 317.965
190.793 336.354
188.083 354.301
189.592 369.774
194.577 382.127
207.259 389.673
228.415 388.105
253.839 382.026
282.431 369.960
306.891 353.589
321.355 333.631
330.190 308.967
332.848 287.824
333.655 259.869
163.599 245.117
163.155 243.782
167.341 243.666
173.796 245.537
182.639 249.281
212.321 250.837
222.528 247.795
235.699 246.442
249.240 246.786
265.221 249.413
196.002 264.391
191.774 282.469
187.318 299.153
182.620 315.265
189.025 319.106
190.824 325.729
196.357 328.590
207.331 329.030
218.459 320.814
173.549 262.861
172.625 259.406
182.025 260.034
191.075 266.412
181.485 270.001
173.709 269.187
225.415 270.595
227.701 264.029
239.543 264.724
250.600 269.124
242.144 276.077
230.038 275.147
184.451 347.037
181.745 344.155
184.692 343.295
193.794 345.705
208.448 348.090
219.611 351.620
229.174 356.132
220.432 359.310
207.962 361.195
197.688 359.975
189.183 356.347
185.845 351.403
187.334 346.559
188.790 348.281
199.006 350.947
212.484 353.130
227.734 355.008
208.806 353.454
197.359 351.737
189.775 348.873
177.498 262.634
234.539 268.304
