162.280 248.977
161.558 272.336
160.621 290.653
155.033 312.303
154.819 330.133
158.482 347.499
170.128 365.164
186.848 382.364
208.567 392.245
234.859 391.718
260.388 384.286
284.408 373.478
298.811 359.172
307.029 342.536
313.166 321.695
319.359 305.488
328.250 284.039
170.636 230.552
177.664 227.685
188.389 227.989
199.573 231.794
211.346 238.730
254.200 245.866
267.838 243.265
282.411 243.775
294.414 246.608
304.310 253.352
229.229 255.806
226.016 268.861
222.590 281.509
217.598 296.852
195.070 301.123
205.142 309.513
218.315 315.388
235.103 315.838
248.302 309.987
180.079 247.249
185.107 245.376
195.910 248.469
205.088 256.146
195.537 255.478
184.208 252.348
258.808 265.237
268.754 260.875
280.968 261.558
289.531 266.156
281.669 268.069
267.851 267.528
182.367 335.317
188.477 329.371
196.639 328.717
213.495 334.003
233.750 334.964
245.651 338.999
254.006 347.189
243.260 359.910
228.036 366.337
210.398 365.550
194.415 360.731
185.846 350.087
183.809 336.297
196.582 333.679
213.257 339.611
234.431 340.900
252.751 347.294
228.129 360.102
210.657 359.045
194.971 353.912
191.199 249.502
274.555 263.657
