163.628 260.371
166.717 283.048
169.228 301.740
170.119 320.922
174.789 336.948
178.089 357.194
184.704 376.052
194.338 391.755
209.392 400.261
228.645 397.755
249.376 387.160
271.351 371.776
289.846 353.300
301.709 334.997
306.519 313.060
308.673 292.727
309.703 267.504
138.024 269.159
140.576 270.412
148.170 271.928
156.816 274.381
167.389 278.023
207.568 279.160
219.423 276.249
233.420 274.802
247.044 274.092
262.142 274.188
186.678 291.498
182.716 309.104
178.316 328.456
177.586 349.383
175.682 338.279
180.549 349.495
190.473 354.057
204.960 353.531
217.997 342.990
153.013 284.498
155.051 285.456
165.513 286.902
175.292 290.336
168.843 294.675
156.898 294.471
222.047 293.044
228.250 291.638
239.707 292.403
250.557 291.788
243.515 299.801
229.592 299.923
177.959 362.918
175.064 365.530
178.429 367.777
188.348 371.302
204.848 373.388
219.118 374.425
233.119 372.634
224.371 381.011
211.869 389.547
198.026 390.047
185.981 384.587
180.147 373.536
181.114 362.522
182.896 371.913
192.078 377.023
209.993 377.394
229.763 371.355
209.821 382.517
195.171 382.514
183.816 377.565
163.467 287.344
237.892 292.211
