176.354 274.213
182.557 300.669
189.200 321.622
199.660 344.759
211.326 365.449
228.037 386.377
248.946 404.613
272.577 418.468
296.830 425.399
317.010 415.900
328.601 402.618
336.221 383.482
339.100 364.872
340.910 346.848
341.212 324.430
341.705 304.195
340.773 277.503
223.295 218.917
235.324 209.720
249.819 205.283
262.611 205.555
275.189 209.373
315.553 209.178
325.252 206.495
334.760 207.834
342.110 212.478
346.627 222.849
298.723 222.502
304.682 236.597
309.973 249.683
315.986 265.936
275.783 287.065
290.047 292.495
308.095 294.829
320.319 294.303
324.387 285.237
238.033 240.005
248.373 231.437
259.707 232.425
267.139 240.638
261.218 241.865
248.781 242.678
313.191 242.078
322.288 233.031
332.999 234.410
337.527 243.128
335.799 244.621
325.477 243.702
260.048 345.295
271.479 324.968
286.513 316.123
309.592 314.366
325.381 316.932
331.027 324.828
331.611 344.792
325.646 366.457
317.410 379.749
304.015 384.238
286.536 379.744
270.909 366.877
262.280 347.714
283.128 322.696
307.087 319.949
324.016 323.483
328.619 345.987
316.352 372.746
302.988 379.076
285.347 373.271
254.385 236.703
328.324 239.089
