189.893 263.486
201.484 282.676
210.480 298.441
227.668 311.379
246.221 320.931
275.048 323.287
304.450 323.493
332.268 323.669
356.077 322.241
367.344 315.005
366.638 310.076
365.002 304.150
362.715 299.116
355.972 291.574
345.817 277.778
333.947 264.492
324.095 247.245
227.871 187.831
237.729 176.762
249.728 170.345
261.229 168.763
273.244 171.659
305.612 170.654
312.055 168.484
319.598 170.580
326.330 175.603
331.686 185.866
296.346 186.002
305.434 197.933
313.835 200.975
323.616 204.501
299.404 236.551
313.743 233.155
327.000 228.453
336.752 230.358
340.310 230.389
252.131 204.169
257.472 193.454
268.192 193.432
276.933 201.303
272.469 200.974
261.337 203.073
314.550 199.360
320.107 188.874
328.503 191.540
332.840 200.971
332.461 199.882
323.183 198.943
308.994 271.998
313.577 255.024
321.617 242.818
337.009 235.293
348.194 238.119
354.295 247.574
356.889 264.027
358.957 273.893
360.184 280.585
351.097 283.634
335.532 282.827
320.716 279.552
310.868 273.475
325.001 254.282
339.867 246.566
350.373 249.713
354.607 265.387
354.049 272.114
346.581 275.406
332.917 275.239
262.701 195.692
322.521 192.555
