177.283 258.002
183.277 278.662
187.470 296.627
187.946 318.527
191.318 335.998
195.296 357.151
202.166 376.092
211.998 390.319
227.223 396.596
246.227 390.981
266.636 377.668
287.660 358.320
303.709 335.312
310.748 313.811
310.658 290.956
308.438 271.401
304.250 246.577
150.309 268.412
150.487 269.315
155.470 270.489
162.567 272.584
172.297 276.119
205.058 274.464
214.340 269.555
226.754 265.743
239.401 263.169
253.967 261.310
192.305 289.619
194.619 307.934
194.039 323.584
193.406 340.152
189.688 336.225
195.981 345.844
205.049 349.401
216.946 345.573
226.616 335.946
163.232 285.735
163.394 285.373
171.569 286.986
183.422 291.353
175.481 296.236
166.551 295.638
221.364 289.597
225.072 283.718
236.660 281.827
247.591 282.596
239.833 292.562
228.360 293.602
191.607 362.984
190.686 363.263
194.684 363.499
204.885 364.181
218.048 363.772
228.981 364.480
238.350 365.570
232.124 373.909
224.048 381.658
212.422 384.540
201.539 381.478
194.948 372.773
194.523 361.934
198.406 366.731
208.614 368.379
221.453 367.567
237.146 364.316
220.670 374.628
209.096 377.626
198.686 373.636
168.709 290.071
232.300 287.231
