190.163 237.002
188.400 259.109
185.323 277.671
178.773 298.810
173.813 317.112
165.761 339.217
161.985 359.894
160.938 377.189
166.162 391.033
180.636 393.172
198.358 389.734
218.922 382.088
240.721 370.525
255.697 355.580
265.705 336.744
272.298 319.669
279.111 298.857
143.624 235.391
141.832 235.681
144.223 238.980
148.263 244.754
153.368 253.539
172.908 265.460
179.815 265.346
188.925 268.963
198.406 274.555
210.592 281.755
159.934 276.087
152.478 295.155
145.213 310.237
140.769 325.432
150.048 321.755
150.104 332.272
152.716 338.827
161.883 341.355
172.057 338.558
145.651 258.582
143.973 258.114
149.261 262.893
154.862 272.219
148.108 272.623
143.053 266.791
178.509 290.892
180.794 286.945
188.937 292.087
198.895 298.900
189.417 303.596
180.017 299.014
151.772 350.356
148.260 346.393
147.480 346.935
150.646 353.287
160.682 357.396
168.895 363.771
175.495 370.732
168.474 374.425
158.995 376.511
151.486 373.252
148.004 365.933
150.090 357.915
154.532 350.859
153.477 353.748
156.403 359.295
162.692 363.543
174.937 368.533
157.830 369.603
151.961 365.996
149.189 360.486
145.371 263.980
184.685 294.612
