171.329 219.316
168.184 250.779
169.160 274.879
176.719 297.917
184.014 317.353
202.615 337.386
228.842 350.739
251.829 360.798
271.161 369.107
287.051 368.618
297.054 366.491
304.872 360.068
303.345 345.038
302.592 328.861
305.945 309.199
314.239 289.711
323.680 262.628
243.179 213.846
258.038 213.341
272.869 215.680
284.499 220.368
294.780 226.813
328.812 235.575
337.452 234.574
344.578 235.809
349.196 238.644
348.554 243.583
312.661 244.064
313.385 261.994
313.046 280.335
312.356 299.618
273.529 295.578
283.334 305.020
295.832 311.505
301.967 310.032
306.878 303.561
252.245 238.327
262.624 239.769
272.160 242.669
276.254 244.388
270.809 245.345
260.668 243.229
313.372 254.864
325.540 257.350
334.214 259.502
333.393 260.611
331.003 263.416
322.927 260.230
261.497 325.991
271.382 325.790
280.142 325.931
292.146 327.157
302.518 330.114
307.216 332.755
307.213 336.434
303.760 338.667
297.070 341.521
287.014 341.171
278.329 336.151
270.314 330.313
262.721 325.666
276.896 330.016
288.842 332.252
299.711 334.784
303.557 335.424
298.286 334.417
289.422 334.445
280.792 330.127
266.086 238.773
329.927 256.907
