185.629 262.388
186.581 289.184
186.628 311.116
187.178 333.033
190.662 351.152
194.748 372.276
203.924 391.430
217.754 406.191
236.691 413.889
259.445 411.365
283.826 403.217
306.964 388.373
324.104 369.304
335.511 350.212
342.653 327.640
346.438 306.794
349.383 278.824
181.977 269.266
185.403 270.159
192.858 272.298
201.224 275.434
211.487 280.062
251.220 283.680
262.563 281.147
275.396 280.353
287.262 280.231
299.622 281.060
229.648 294.036
227.881 312.735
225.733 331.634
223.912 350.941
213.906 343.761
219.802 355.174
231.288 362.157
246.288 359.166
258.925 347.822
191.172 285.844
193.410 286.186
204.346 287.423
214.075 291.912
205.341 295.606
195.278 294.824
261.348 297.093
267.814 293.941
278.997 295.352
289.266 297.259
280.441 304.356
268.478 303.181
208.872 368.500
211.517 369.615
218.239 372.075
232.580 377.086
249.055 377.135
261.177 377.747
270.384 379.409
263.164 383.230
249.191 388.199
234.851 388.465
222.560 384.132
213.987 375.974
212.473 368.566
220.998 374.208
234.819 379.277
251.765 379.003
268.729 378.319
249.979 381.159
235.688 381.916
222.725 377.265
198.519 287.613
272.686 295.670
