175.998 246.432
172.817 267.250
171.415 284.896
171.207 302.923
174.965 316.661
184.910 326.864
199.508 336.147
218.049 344.612
239.098 351.891
262.209 348.860
284.228 345.153
304.370 337.828
319.511 329.866
329.010 317.843
336.262 299.122
340.989 282.033
344.826 260.793
195.384 205.224
205.440 201.357
217.686 200.320
228.518 201.984
239.505 205.784
275.527 209.726
286.972 208.139
299.547 208.916
311.015 211.384
321.693 217.124
256.010 216.583
254.384 226.749
253.523 233.967
251.583 243.007
226.306 260.202
237.599 264.985
249.065 267.770
261.883 268.168
273.182 267.418
202.838 219.906
211.008 216.895
222.729 219.068
231.273 222.427
222.987 220.638
208.381 220.051
281.146 227.158
289.464 225.979
301.690 225.680
309.374 230.559
300.837 229.079
287.153 226.466
214.857 300.105
222.437 291.359
231.257 286.503
246.011 288.912
261.435 289.810
268.138 296.297
275.056 306.234
269.788 310.126
260.885 310.822
244.275 309.950
227.575 306.406
219.434 304.662
216.873 301.133
231.267 296.770
245.252 297.453
259.278 299.728
273.279 306.784
259.194 303.165
244.237 302.198
230.005 300.103
219.383 217.191
298.813 225.028
