157.964 278.113
158.717 301.803
157.846 323.989
160.962 348.011
168.980 367.960
180.821 385.135
195.325 399.694
213.051 410.423
235.018 413.783
258.897 404.040
278.091 389.288
295.767 369.048
310.766 346.867
319.793 323.100
323.134 293.519
320.721 272.547
317.725 249.331
151.900 220.937
157.452 210.777
166.714 204.933
175.898 204.125
187.502 207.492
231.219 197.680
243.092 189.992
255.456 187.141
266.522 187.955
278.939 195.987
210.066 219.023
209.022 229.640
206.619 236.547
205.752 247.831
184.459 272.509
193.559 273.067
212.927 271.433
232.931 265.890
247.569 260.902
164.653 240.996
169.838 229.104
183.110 226.581
191.188 235.811
183.504 237.732
170.705 240.325
238.775 227.086
244.325 213.364
258.300 210.646
267.082 219.439
259.244 222.587
247.669 224.945
187.334 335.698
185.433 308.568
192.873 290.892
211.785 281.998
233.943 281.882
248.776 295.228
259.646 325.032
256.481 355.167
247.366 377.126
229.752 387.011
210.576 381.606
197.859 362.751
192.037 337.779
194.938 304.562
214.285 294.413
237.535 296.606
256.335 327.745
243.950 364.813
227.459 375.727
209.798 368.620
177.443 231.816
254.459 216.604
