188.493 270.398
193.737 297.662
197.814 318.910
197.585 336.999
197.600 353.620
200.327 369.028
212.841 378.235
227.333 385.773
247.416 391.746
270.789 386.772
293.450 381.543
317.325 373.178
330.251 358.444
337.563 341.749
344.301 320.918
350.336 298.673
356.516 268.218
195.150 255.284
203.664 254.162
215.130 253.663
226.000 254.557
237.255 257.022
269.296 257.753
279.957 255.211
292.906 254.362
305.379 254.082
318.584 255.049
253.352 266.234
251.520 279.202
248.861 292.298
246.960 310.025
229.776 310.118
238.777 318.438
251.350 323.275
264.196 319.087
275.561 312.094
205.696 270.228
210.081 271.178
220.807 270.638
228.853 270.216
221.774 271.204
211.444 272.421
283.850 269.107
290.954 272.501
301.923 270.813
309.324 270.506
303.864 270.886
290.330 270.651
222.524 339.015
225.454 335.286
232.906 334.263
249.587 335.213
265.749 335.526
275.081 336.929
279.977 341.186
269.354 343.061
258.721 345.316
248.196 345.450
236.768 343.542
229.781 341.211
224.451 338.850
234.750 340.578
249.703 342.083
265.147 341.636
278.778 341.216
259.005 338.375
248.645 338.451
238.584 337.412
216.244 265.920
295.067 267.449
