167.600 277.668
171.408 301.934
175.763 322.932
178.821 349.448
184.404 372.530
199.562 395.336
220.336 417.110
243.466 433.004
267.265 437.673
288.351 425.939
303.035 406.440
315.836 382.467
322.649 362.300
321.708 341.387
320.623 314.910
321.548 295.904
325.151 271.509
204.948 261.391
217.777 257.926
231.480 256.197
242.820 257.152
253.601 259.662
290.145 258.448
300.504 255.161
310.957 253.631
319.368 253.751
326.299 256.120
271.603 271.468
273.599 287.998
276.742 303.717
280.246 323.253
243.722 330.175
257.183 336.140
274.666 338.726
288.173 335.294
296.176 324.300
217.338 274.402
226.581 266.806
238.034 267.445
243.747 275.559
237.987 277.595
225.743 279.662
291.394 273.140
297.701 263.718
309.366 263.882
315.045 270.418
310.628 275.909
301.103 275.901
231.993 371.727
242.519 357.208
256.155 351.647
275.062 351.835
292.893 350.385
300.448 354.285
299.558 367.152
293.881 390.116
285.023 409.059
270.534 416.616
254.115 413.572
240.032 398.085
233.490 374.922
254.038 358.454
275.207 358.844
294.139 357.825
297.353 368.121
285.264 398.006
271.591 407.001
254.253 403.116
227.866 272.002
301.873 268.675
