183.301 231.389
179.863 259.212
176.996 280.055
175.247 297.824
177.157 314.512
184.561 333.243
198.845 350.131
215.608 365.431
236.734 375.070
260.703 373.176
280.760 365.908
301.197 357.693
314.827 345.754
323.841 332.643
331.478 318.111
337.774 298.950
348.651 271.958
204.385 217.510
212.654 216.910
224.715 218.705
236.277 222.770
248.035 229.502
287.924 243.185
300.662 242.744
313.569 244.437
324.003 246.802
332.301 250.784
265.136 248.549
261.207 262.859
257.819 275.504
255.074 291.000
230.067 297.143
239.187 303.922
252.207 306.972
267.037 307.100
280.280 301.316
212.306 237.035
219.683 232.404
234.775 237.376
240.540 247.996
232.832 249.313
219.270 246.292
289.012 260.343
297.346 257.536
313.575 259.319
317.495 263.824
308.385 267.554
298.037 265.277
215.912 324.489
223.219 324.757
231.951 323.038
249.069 324.549
268.022 325.535
276.888 327.925
282.967 330.127
274.248 335.380
260.718 342.029
243.254 343.831
228.396 339.473
220.151 331.782
218.757 323.999
231.502 328.021
248.335 330.855
266.552 329.413
279.629 328.373
263.260 332.758
246.057 334.012
230.077 331.535
226.445 239.225
305.293 257.487
