237.647 238.251
240.065 260.947
240.236 278.017
233.196 299.938
227.602 318.150
216.086 335.228
203.681 355.189
193.486 375.345
193.644 386.809
200.367 383.005
217.103 368.842
235.561 350.980
253.816 335.636
264.832 315.297
269.608 291.775
271.600 273.495
272.479 247.134
167.024 228.358
159.071 227.032
155.469 227.483
154.928 230.161
156.145 235.677
162.308 236.236
165.124 231.374
170.527 229.456
177.725 229.747
189.315 232.812
156.452 251.547
150.783 269.009
145.109 285.106
141.144 301.199
169.168 301.357
163.939 308.968
160.572 313.374
166.539 312.982
174.634 305.960
171.550 245.666
164.183 245.485
166.316 247.360
167.783 251.302
164.965 250.225
164.913 248.376
176.352 253.477
173.938 251.273
178.327 250.778
187.228 252.384
178.957 254.216
175.410 254.488
182.950 327.377
172.784 318.598
163.295 318.076
158.810 322.280
166.801 323.542
180.377 327.872
194.565 338.903
188.119 354.422
178.059 362.833
173.332 360.464
174.442 356.244
180.363 343.944
186.162 328.332
169.222 323.587
164.427 329.524
173.683 329.579
197.398 338.996
178.741 355.291
174.181 354.118
174.896 349.158
165.852 243.876
177.725 248.040
