199.897 243.363
204.659 268.544
209.621 289.019
215.907 308.504
223.281 324.596
242.452 339.204
265.686 349.476
288.582 357.591
308.236 361.171
323.792 356.914
329.918 349.383
333.176 339.199
332.263 326.035
330.586 311.021
333.741 293.661
337.912 276.682
343.262 253.922
258.477 225.774
272.045 222.935
286.023 222.146
297.541 223.840
307.828 227.919
340.768 230.124
349.459 228.181
356.903 228.643
361.523 230.768
362.085 234.714
323.048 242.277
325.396 256.031
329.406 266.993
333.092 279.778
300.801 293.777
312.531 296.693
322.910 297.736
328.815 296.583
332.671 292.628
268.425 243.399
278.953 237.266
291.656 238.157
297.377 246.036
291.694 248.840
278.720 249.709
331.956 247.980
341.674 240.290
350.839 242.498
349.989 249.856
347.781 254.139
338.545 252.074
289.282 321.761
297.700 316.154
309.840 312.084
322.354 311.680
331.385 311.950
333.934 315.800
334.478 320.587
332.308 323.999
329.126 328.239
319.196 330.866
305.447 328.609
295.123 324.463
289.806 320.648
305.929 318.114
318.831 318.441
327.657 318.245
331.440 319.837
328.869 322.161
319.894 323.409
306.343 321.889
286.362 240.562
345.222 244.710
