173.662 242.936
179.952 259.934
183.792 275.362
187.966 300.158
192.058 319.668
198.442 341.234
208.657 358.734
220.389 371.948
235.673 378.701
252.491 373.709
270.796 363.000
290.052 345.858
306.258 324.471
315.305 303.001
318.978 278.929
317.909 262.702
312.963 244.281
154.543 264.724
156.660 267.402
163.378 269.739
171.407 272.994
181.241 277.373
214.922 277.932
224.550 273.524
236.696 269.759
248.792 267.502
262.299 265.133
199.964 289.748
202.064 304.550
202.116 317.865
201.234 332.340
199.248 329.007
205.956 336.298
212.721 338.635
223.087 337.655
232.761 331.202
167.746 281.789
169.088 284.309
180.722 284.562
187.668 285.874
179.873 290.902
171.222 289.537
226.614 286.678
230.353 287.154
241.447 286.883
252.260 284.519
244.302 291.928
232.434 291.580
203.062 348.966
205.161 352.423
208.700 353.649
216.197 355.661
227.034 354.669
238.223 354.234
249.411 351.617
242.331 357.124
232.074 363.286
221.515 365.620
211.980 362.012
207.014 354.796
205.514 347.856
213.919 353.477
221.786 356.421
231.960 354.925
248.559 350.211
230.341 355.718
219.187 357.487
210.609 354.210
174.766 285.664
237.894 286.983
