176.293 259.835
173.984 286.802
173.807 309.532
176.013 332.782
180.415 352.954
194.211 376.646
212.409 397.811
230.510 413.145
249.699 421.823
268.717 418.313
282.730 407.904
298.047 391.899
309.315 373.324
315.308 354.090
322.235 332.056
327.276 312.388
334.093 286.816
210.775 251.861
222.118 251.353
235.781 252.926
247.658 256.439
259.197 261.657
298.474 268.384
310.145 267.454
321.388 268.306
330.053 270.164
335.318 273.775
276.477 279.036
274.903 296.305
273.662 311.181
273.208 328.917
244.851 332.248
254.402 341.000
267.501 344.449
278.106 343.864
285.475 335.725
220.335 271.007
230.119 268.734
242.554 271.488
248.431 278.648
240.570 282.216
227.043 280.355
295.514 287.369
305.832 282.833
317.047 284.360
320.746 289.414
315.393 296.510
303.419 294.517
236.845 371.142
243.067 365.024
252.720 361.276
267.585 360.540
278.068 365.131
281.720 369.857
281.871 375.850
277.407 382.738
268.606 389.203
260.871 389.434
251.157 385.764
242.786 378.281
240.930 370.562
253.024 369.579
263.594 369.335
271.856 371.958
277.643 374.370
269.325 377.048
262.389 378.063
254.885 374.560
236.319 272.311
311.354 286.305
