208.816 218.940
207.081 243.760
206.347 266.043
212.438 294.745
219.315 320.074
235.826 346.129
254.155 371.818
273.725 393.039
291.002 405.953
306.729 403.733
314.421 393.217
319.145 375.589
320.627 358.385
320.972 340.060
322.710 316.915
326.347 298.979
331.006 277.446
298.974 189.345
314.808 186.061
329.050 187.828
339.486 193.304
347.154 202.472
375.180 217.077
382.461 217.587
386.885 222.244
388.300 228.641
384.556 238.131
358.120 227.826
358.733 249.273
361.440 265.735
362.272 284.468
315.265 282.173
328.009 292.155
342.644 301.148
349.849 302.658
352.461 298.413
303.349 218.737
316.299 216.421
325.526 219.789
327.369 229.528
322.475 230.089
312.482 225.955
359.653 248.445
371.161 245.152
376.452 250.271
372.187 256.762
372.312 259.813
364.733 254.453
281.077 326.211
303.630 313.282
322.315 310.940
341.424 316.659
350.033 322.186
347.681 331.111
336.547 347.072
327.661 368.207
321.777 381.962
310.756 384.241
295.272 373.435
284.324 353.596
282.398 329.539
314.066 317.587
335.052 323.344
343.092 329.982
333.804 347.345
324.033 374.964
313.300 378.372
298.260 366.033
322.059 221.297
372.696 250.726
