162.557 270.908
164.671 294.373
164.676 313.786
160.937 332.708
160.099 349.752
156.376 369.074
159.628 383.312
163.358 395.001
174.086 402.811
195.143 400.252
218.593 394.428
245.805 386.412
267.247 370.007
281.419 353.648
289.305 333.600
293.907 312.294
299.322 283.572
128.907 265.416
127.738 264.254
130.885 264.690
137.082 267.081
146.376 269.763
174.547 273.090
184.472 271.725
198.008 271.539
211.959 272.561
228.768 274.943
158.309 280.926
153.291 297.850
149.163 315.926
142.896 337.412
156.392 325.342
158.225 334.905
164.931 343.481
179.140 339.603
188.524 331.222
137.780 275.412
137.127 272.174
146.887 275.001
155.924 279.443
144.532 280.165
136.937 279.920
192.241 283.601
194.521 281.869
205.361 280.770
215.315 284.389
204.672 287.372
195.193 286.654
160.397 349.998
155.748 345.611
156.837 348.858
167.943 355.646
185.194 354.885
199.135 353.853
206.480 358.884
192.047 367.820
177.906 370.110
168.553 371.736
161.910 368.029
160.634 361.479
161.958 350.036
159.248 349.356
171.191 355.286
189.200 354.986
206.990 357.920
182.204 368.027
170.765 368.280
162.923 364.231
141.126 276.162
200.642 283.401
