178.217 277.379
182.441 299.447
185.314 318.239
183.269 339.410
186.160 358.010
195.072 376.318
206.231 393.503
221.857 407.068
242.871 412.213
265.344 404.877
284.540 392.091
302.425 373.877
316.964 354.709
320.486 333.941
320.544 309.826
323.463 291.137
326.035 268.442
178.174 240.299
186.865 233.173
197.585 228.776
207.287 228.150
217.855 231.703
255.538 226.935
266.298 222.201
278.744 221.635
290.313 223.953
302.178 230.707
236.417 247.396
235.587 263.123
234.044 273.361
233.141 286.319
213.518 306.639
222.307 309.430
234.595 308.857
248.594 309.883
259.783 304.546
190.159 263.787
194.619 262.145
207.740 260.833
214.669 262.196
207.634 263.192
195.826 265.174
262.584 257.633
269.988 255.870
282.841 255.531
289.661 256.408
281.906 258.964
269.794 258.497
207.877 354.195
208.849 338.798
217.672 328.817
232.246 325.470
251.563 329.960
263.585 340.478
269.598 354.344
262.282 367.810
250.170 380.327
236.765 385.877
222.646 379.083
214.090 368.166
210.467 354.185
217.602 341.238
233.735 338.228
252.750 341.889
267.094 353.646
248.788 368.911
236.153 373.527
223.799 368.683
200.425 256.884
276.134 250.774
