252.877 271.525
259.535 291.668
268.194 308.113
282.014 328.436
294.051 340.875
316.236 346.568
338.462 350.733
355.141 352.940
361.341 350.248
358.213 338.259
346.051 325.484
329.860 311.811
313.231 298.782
300.777 283.793
292.874 264.313
286.557 248.919
283.323 230.468
327.659 228.322
336.852 220.621
342.838 215.668
346.765 214.220
350.477 216.119
355.033 206.531
353.808 200.677
351.901 198.131
348.832 197.884
341.900 201.257
357.013 226.433
364.048 242.093
373.116 253.623
379.693 264.560
362.347 282.882
369.508 283.582
373.089 280.489
370.453 276.461
365.846 269.163
332.175 241.510
342.741 234.536
346.210 232.190
346.138 236.950
346.572 240.934
343.211 245.329
350.953 225.839
354.816 216.025
352.918 213.505
344.236 217.140
353.329 223.949
353.623 226.741
363.997 316.119
371.454 308.429
378.026 299.166
382.139 293.699
378.698 290.092
373.887 294.348
367.197 297.295
372.281 304.335
378.703 311.694
381.370 318.073
377.862 321.247
370.661 319.538
362.820 315.047
374.249 307.290
379.909 302.595
375.167 298.828
365.708 297.945
377.911 304.497
380.022 309.898
375.813 313.471
344.785 234.745
352.931 217.088
