169.440 259.299
177.991 284.415
183.585 305.474
187.448 326.030
193.504 343.834
202.903 363.941
222.103 378.917
242.665 394.761
264.319 401.922
284.838 394.496
303.363 380.425
322.072 362.457
329.401 339.566
331.913 318.122
333.932 294.675
335.788 273.697
338.280 246.783
187.171 278.847
197.142 282.243
210.267 283.979
222.707 285.147
235.733 285.579
283.418 272.208
297.050 267.991
310.702 264.316
322.025 261.086
330.400 258.355
258.080 287.803
259.934 302.836
260.773 320.587
260.367 341.405
231.379 325.033
241.944 335.896
258.052 343.423
270.190 343.195
279.335 335.341
200.839 286.832
208.541 290.928
220.981 289.380
229.657 288.153
221.024 292.839
209.545 293.180
284.545 281.201
296.553 276.955
307.869 275.574
314.169 276.105
308.783 284.607
295.678 286.434
220.435 345.445
227.301 348.356
239.015 353.111
259.515 359.150
276.135 361.394
286.165 361.503
293.608 361.210
286.127 367.125
274.008 372.349
261.187 369.420
243.274 361.881
229.692 352.702
224.795 345.378
239.494 352.615
259.002 361.034
276.313 362.644
291.019 360.326
275.224 364.236
260.362 361.685
241.689 354.112
213.699 284.568
301.504 278.229
