147.233 278.209
159.593 300.531
169.564 319.473
179.575 338.522
190.725 353.204
207.471 365.190
230.407 370.224
254.016 370.385
277.893 366.127
299.977 357.708
316.274 348.698
327.144 334.353
327.978 317.840
324.779 301.000
319.506 280.229
317.307 261.304
315.823 236.837
187.174 238.689
201.821 236.692
214.819 236.755
224.109 237.918
231.967 239.386
254.248 232.303
262.426 225.716
271.657 220.680
280.385 217.300
289.997 216.106
241.688 243.765
244.757 253.574
249.009 265.800
253.397 281.630
231.651 293.968
242.055 297.535
256.095 298.250
267.809 289.994
273.249 279.996
189.136 261.497
195.365 252.444
208.942 249.176
218.186 253.986
210.710 258.774
197.573 263.130
262.623 242.992
270.844 234.248
283.028 231.790
290.180 237.305
286.073 241.826
272.749 243.893
228.163 335.863
230.093 321.445
237.860 313.208
256.968 304.757
279.245 300.086
293.464 304.048
303.229 315.337
299.246 324.510
285.700 333.808
267.544 341.407
251.094 345.283
237.434 344.176
231.243 336.243
240.540 320.068
258.905 310.815
282.062 306.627
300.365 316.397
285.643 329.603
266.436 339.219
248.892 342.322
203.923 251.271
278.789 233.363
