191.753 242.767
191.056 263.467
191.393 278.784
188.927 294.587
189.982 307.916
194.734 316.899
205.647 322.967
220.370 329.191
240.058 333.159
262.497 327.237
286.271 322.027
311.823 315.172
330.665 305.731
341.082 292.626
347.171 273.848
351.106 257.396
353.512 235.119
190.285 196.054
196.388 188.489
205.402 183.382
215.419 182.147
227.272 184.576
268.711 180.737
281.283 176.745
295.165 176.452
307.503 179.202
319.753 186.944
247.164 195.521
245.099 207.134
241.058 214.691
235.190 227.373
221.371 247.624
227.755 251.028
235.994 252.149
249.219 251.386
261.942 246.071
200.274 212.040
204.354 203.392
216.629 201.971
226.352 209.117
215.455 213.092
204.024 214.566
275.104 207.002
282.351 197.178
295.731 196.904
305.757 205.347
296.300 208.910
282.200 209.010
212.420 283.398
216.433 277.974
220.327 274.153
227.844 273.094
240.246 273.714
248.350 277.247
257.797 283.085
249.112 285.682
238.609 286.378
227.847 289.288
218.966 287.294
214.883 286.146
214.755 284.655
222.732 280.349
229.707 279.443
241.944 280.125
258.343 283.634
239.749 281.004
228.925 282.672
220.608 281.123
212.321 206.444
291.177 201.770
