198.194 269.864
190.050 301.265
185.575 324.863
195.636 354.525
206.536 377.773
231.943 402.739
261.609 419.988
287.305 430.904
305.382 434.618
310.272 426.127
304.704 413.007
297.824 394.147
287.191 372.356
281.293 351.310
281.731 327.856
287.041 309.419
295.073 284.598
302.316 286.629
316.136 288.158
327.228 289.287
334.363 291.554
338.119 294.164
352.884 295.956
357.502 294.691
359.234 293.989
358.599 293.945
353.719 293.384
343.792 304.743
349.253 320.565
354.750 337.790
357.041 358.583
310.538 354.153
321.735 362.221
331.407 366.812
332.263 362.589
330.332 354.697
298.639 300.041
309.970 300.932
314.216 300.820
313.448 302.610
315.430 303.432
308.776 302.408
334.639 304.721
342.533 305.409
347.222 306.057
342.044 305.597
346.414 307.335
343.486 306.975
291.194 387.836
305.366 385.397
318.198 383.837
328.765 383.158
331.037 382.765
327.850 383.309
319.528 384.535
322.553 391.702
323.748 396.526
320.313 397.669
313.420 398.059
302.603 393.609
292.081 387.383
310.530 388.906
320.457 387.828
323.964 387.408
317.457 384.273
323.376 389.282
319.803 390.436
312.063 390.909
312.912 297.049
345.461 301.595
