209.082 268.436
211.481 293.018
211.762 310.805
206.132 323.581
202.378 334.500
197.604 340.261
196.762 343.139
199.596 346.026
212.482 347.138
232.243 340.527
259.087 333.911
287.494 325.891
311.560 317.588
326.720 306.061
337.137 288.241
343.232 268.988
350.564 240.888
183.362 220.634
184.489 212.666
189.372 206.760
195.017 204.316
202.575 204.623
234.669 194.896
245.932 189.618
259.529 187.853
272.966 189.223
288.109 194.942
214.210 211.029
207.066 224.909
200.812 238.186
195.434 250.521
201.044 276.280
201.679 275.436
206.347 272.764
218.607 272.966
232.283 267.135
194.543 234.502
196.780 225.783
207.072 224.289
212.712 230.680
203.532 233.322
195.209 236.086
246.747 222.797
252.525 211.060
262.901 208.756
272.637 215.814
263.112 220.363
253.080 221.976
193.891 305.006
191.975 295.942
194.511 288.449
203.310 286.066
217.386 285.415
229.288 290.355
240.037 298.341
229.132 302.370
216.396 306.804
206.857 308.108
198.706 308.496
195.427 307.186
196.789 305.396
196.980 297.172
207.032 294.717
221.266 293.789
238.577 299.274
217.806 299.208
206.939 300.411
199.311 301.655
201.855 227.290
259.376 213.345
