165.363 265.039
175.095 287.159
182.001 305.057
185.913 320.566
190.156 335.016
195.894 348.260
207.896 358.743
221.267 369.471
241.184 373.571
264.473 360.483
285.548 342.724
305.601 323.371
318.014 305.130
321.789 287.000
322.512 265.229
322.786 244.215
321.742 217.240
151.928 238.003
156.790 233.184
165.757 228.100
175.245 225.064
185.934 224.074
219.109 215.077
229.265 209.527
242.076 205.677
254.581 203.172
268.880 202.409
202.349 229.010
201.153 239.359
201.635 252.089
202.761 270.023
197.876 281.837
204.690 287.807
217.022 288.443
230.883 281.689
240.492 269.856
169.536 252.612
171.945 249.147
181.952 245.433
190.229 243.877
183.933 248.053
173.403 253.292
235.291 230.395
242.711 227.546
253.120 225.137
262.291 224.606
254.911 229.388
242.351 231.284
199.772 321.837
198.761 310.101
204.557 305.123
220.946 301.001
242.745 295.758
258.114 295.670
272.125 304.516
265.090 319.131
248.843 331.153
233.393 337.803
217.721 338.204
207.989 333.357
201.645 323.163
207.833 310.247
225.095 306.862
246.993 300.509
271.967 305.133
248.799 324.668
233.422 331.178
218.683 332.001
177.403 246.216
248.524 225.507
