155.927 277.756
169.669 303.404
177.440 325.528
183.405 346.395
190.993 363.912
203.245 383.500
223.999 398.194
246.502 409.003
269.458 412.483
290.418 403.418
308.230 387.968
325.272 368.182
333.596 347.166
336.294 327.217
336.368 304.896
335.877 282.803
340.602 254.748
178.801 266.455
190.351 264.432
205.134 263.004
218.181 263.605
230.846 266.045
273.164 261.095
285.162 255.826
298.748 252.135
310.443 249.932
320.908 249.554
252.835 277.825
253.842 297.211
255.535 313.041
258.070 328.756
235.921 340.311
247.188 344.733
259.466 344.487
271.314 342.099
281.401 330.733
196.241 283.357
204.121 282.091
218.287 281.155
225.598 282.987
217.227 286.989
204.640 288.330
279.085 276.510
287.121 275.066
300.288 272.187
306.366 271.948
299.848 278.189
288.466 279.478
231.869 371.873
236.519 368.280
244.459 364.296
261.920 362.789
278.062 359.586
286.957 361.808
293.447 363.903
287.570 371.645
278.115 379.411
264.345 383.652
248.848 381.879
239.376 377.041
233.937 371.098
246.602 368.747
262.447 368.987
277.865 365.175
290.741 363.465
275.110 370.807
262.789 373.740
249.667 373.601
210.630 281.897
293.047 273.507
