167.051 257.656
176.905 278.025
184.644 295.378
190.801 316.769
199.568 333.811
210.223 352.683
216.718 371.466
228.265 385.897
242.392 391.505
256.420 387.933
266.697 376.142
274.688 359.036
286.445 341.363
292.067 321.926
293.971 300.697
298.132 283.240
305.537 263.131
151.558 260.429
156.064 259.745
166.060 262.761
176.344 268.402
187.912 276.672
228.365 277.862
240.168 270.518
253.847 265.612
266.233 263.386
276.984 264.691
208.199 295.508
206.779 314.426
205.055 330.013
205.979 345.214
190.428 330.179
197.654 338.833
213.719 346.166
231.009 339.592
241.483 331.092
166.020 285.765
170.923 282.339
183.091 284.687
189.678 293.967
182.451 297.875
171.434 296.308
236.521 296.119
241.936 287.101
254.188 286.249
265.013 290.687
256.991 301.013
244.340 300.750
198.851 364.250
194.813 358.529
199.717 357.809
214.657 360.949
233.194 358.490
245.992 359.677
254.881 367.583
252.381 385.623
244.858 400.836
232.982 405.262
220.085 397.991
209.639 382.646
202.440 365.714
201.194 363.880
216.530 366.996
236.517 366.269
252.368 368.868
241.052 395.857
230.461 401.447
218.607 393.942
180.481 291.274
254.337 294.747
