157.678 263.138
168.589 286.227
172.562 307.263
175.080 330.522
182.283 348.914
193.372 367.547
208.813 381.032
224.736 390.259
243.685 392.421
264.314 383.511
283.055 368.804
303.801 348.349
318.669 323.987
325.092 300.870
325.403 276.167
321.686 255.347
319.884 230.222
159.590 262.600
168.157 261.547
178.904 259.343
188.655 258.469
199.186 259.524
233.975 244.597
243.924 236.447
256.355 230.617
268.466 227.654
281.970 226.737
218.770 267.016
221.212 284.438
222.490 299.724
224.566 315.053
211.768 324.948
220.458 330.195
230.659 329.125
244.643 326.267
255.291 316.428
173.897 271.363
177.665 268.784
192.436 266.856
200.635 272.089
193.168 276.583
180.218 278.987
247.365 260.020
250.763 250.198
264.127 246.660
274.930 247.430
269.575 257.714
256.173 261.657
212.273 361.779
215.218 354.640
220.447 349.210
230.514 346.659
244.337 345.406
256.457 349.240
263.559 353.421
255.430 364.344
245.649 375.169
231.032 378.861
219.601 378.241
213.492 370.888
213.995 361.765
223.858 356.163
235.192 353.736
248.158 352.089
261.862 352.899
242.356 366.858
229.146 370.162
218.515 370.240
182.022 269.417
254.782 250.317
