169.582 251.341
176.115 279.238
184.569 300.689
198.172 316.632
210.083 330.042
230.942 337.261
258.170 341.107
287.796 342.430
312.947 343.750
328.601 340.643
336.439 339.380
340.526 334.792
339.795 328.278
335.911 316.421
333.607 297.878
332.518 278.484
330.982 251.644
232.986 206.935
247.291 201.385
261.486 199.276
272.661 200.314
282.807 203.607
316.287 197.782
325.284 195.261
333.779 196.390
340.259 199.964
343.573 208.163
300.186 211.761
304.300 223.866
308.676 235.770
312.898 247.847
280.932 264.719
292.678 269.587
307.960 271.142
317.683 272.060
321.665 267.045
245.119 221.501
255.632 218.927
266.937 221.239
271.993 223.482
266.082 224.513
253.209 224.241
312.427 223.394
321.883 214.721
332.353 215.022
334.629 222.651
333.174 226.536
322.520 226.133
263.645 296.502
274.381 290.736
290.442 286.741
310.663 285.989
322.119 290.551
327.637 297.153
329.387 303.792
325.040 305.518
319.511 306.252
311.048 306.186
296.847 305.130
277.886 302.327
265.906 297.378
286.656 291.736
307.691 292.430
318.403 297.768
325.920 303.972
319.883 300.730
309.508 300.766
291.881 299.914
260.462 213.762
327.689 216.692
