174.688 267.225
180.287 290.501
183.306 309.616
178.325 329.783
176.980 345.590
176.962 358.432
177.876 369.281
183.595 378.572
198.966 383.636
219.288 375.710
244.681 365.559
269.598 352.590
290.847 338.645
302.540 321.712
309.917 300.266
314.309 280.584
320.077 255.009
145.959 240.626
147.130 235.506
152.702 232.318
159.778 232.709
169.078 235.417
206.137 231.158
218.166 225.611
233.466 222.604
248.433 222.492
263.969 226.404
186.310 245.807
184.001 262.135
180.828 275.067
176.835 289.903
179.797 302.148
182.588 307.055
188.449 308.054
201.814 305.312
213.610 298.391
161.412 260.415
162.368 253.108
172.627 252.543
183.263 258.731
172.231 262.693
163.065 264.247
221.526 254.869
226.433 245.939
238.827 244.459
249.306 250.210
237.664 256.225
227.277 257.381
177.631 333.305
178.372 329.533
181.133 325.329
189.450 323.121
202.557 322.694
214.337 325.485
227.031 329.892
214.872 335.614
200.687 340.878
188.958 342.000
179.811 341.481
176.889 337.889
180.693 333.180
186.918 333.549
195.361 332.078
206.964 330.837
224.767 329.571
200.617 329.424
191.412 329.641
182.600 331.122
167.522 258.085
232.231 251.640
