185.622 270.646
189.069 295.298
193.100 314.551
197.942 339.004
204.186 357.395
216.117 375.480
232.876 389.690
251.992 400.857
273.922 407.022
296.383 399.087
314.995 387.594
331.319 371.375
343.402 353.718
349.658 334.367
352.820 309.748
353.793 290.524
354.982 266.361
206.433 262.095
215.766 259.712
227.593 258.567
238.459 259.074
250.069 262.328
292.982 259.669
304.454 255.631
316.169 254.369
326.066 254.761
334.745 256.960
270.937 274.887
271.348 289.584
271.604 303.254
271.667 318.221
248.108 328.949
259.073 334.753
272.294 334.693
284.983 334.348
296.271 326.298
217.906 278.011
226.721 273.187
240.389 274.256
245.730 281.380
237.069 284.495
223.974 283.984
296.935 280.199
306.303 271.997
319.252 270.439
325.068 275.226
318.877 281.337
307.319 283.109
242.357 359.557
248.299 354.624
257.142 351.642
271.758 349.647
287.491 351.052
297.088 353.793
304.409 359.119
296.281 364.356
284.499 370.877
272.019 373.415
258.605 371.064
249.102 364.958
245.471 359.080
258.026 359.662
272.302 360.848
287.377 358.717
300.789 358.666
283.626 362.862
272.345 365.093
259.583 362.829
234.589 276.798
314.801 274.605
