193.987 280.964
200.235 303.388
207.076 321.537
220.024 339.457
232.778 354.326
256.093 366.887
282.238 374.484
306.582 378.288
324.003 376.195
333.293 366.378
333.968 354.139
333.380 339.926
327.479 323.874
321.929 308.148
319.855 290.314
319.030 273.375
320.653 251.483
263.349 266.388
277.493 263.990
291.421 261.709
301.876 261.573
310.109 263.005
335.989 248.851
342.453 242.926
347.877 239.224
350.707 237.934
349.645 239.010
323.645 268.051
328.640 282.147
333.710 295.424
339.092 309.628
308.776 324.185
318.965 327.659
329.984 324.839
335.015 322.725
335.376 315.368
273.023 284.704
283.040 284.258
291.007 281.824
294.323 279.632
291.231 285.661
282.528 288.081
327.971 269.049
340.108 262.342
344.964 260.795
344.487 262.875
344.697 271.122
336.001 273.060
298.224 348.331
306.692 343.681
318.232 339.212
331.540 334.798
338.115 332.868
340.384 331.606
339.487 332.643
338.391 340.388
335.501 350.150
329.829 353.428
321.506 355.160
308.047 352.059
297.981 347.012
314.458 346.091
327.368 343.167
333.925 338.632
336.170 333.171
334.351 339.536
328.396 343.436
318.462 345.787
282.753 274.695
337.961 260.543
