227.908 256.920
232.531 286.098
236.206 309.359
249.599 330.471
263.983 347.374
291.669 362.802
321.016 374.755
346.084 382.829
360.334 387.973
362.159 387.420
352.978 385.097
339.087 377.375
322.449 366.326
311.898 352.761
306.937 333.503
307.784 314.946
309.537 291.142
313.061 235.022
327.436 232.762
339.050 233.854
346.218 237.513
350.780 243.333
366.476 251.243
369.122 250.792
369.565 252.896
367.655 256.555
360.916 262.913
362.778 258.873
372.505 272.431
381.479 287.262
389.098 305.275
345.539 313.587
355.869 319.697
365.418 322.442
363.365 323.388
359.177 318.232
318.626 255.283
327.865 252.066
332.330 256.216
331.084 262.586
332.308 262.123
327.100 259.694
349.336 271.329
357.278 267.394
360.035 269.928
356.358 275.245
359.156 276.981
357.598 275.544
336.349 343.826
344.509 339.991
354.262 338.900
362.720 339.840
364.077 342.208
361.532 346.916
358.645 353.315
361.820 353.093
365.090 352.481
361.947 350.957
358.698 349.587
346.897 346.796
334.770 344.431
345.535 344.266
354.894 346.388
355.650 348.067
355.480 353.071
359.295 343.781
358.433 343.084
352.365 341.381
329.295 255.676
357.254 270.007
