161.002 248.885
157.881 271.760
155.567 289.533
151.963 304.675
149.321 317.885
146.749 329.888
153.308 339.116
165.202 345.025
184.904 351.429
213.850 347.817
242.426 345.156
271.435 336.869
291.597 326.374
304.739 313.593
315.714 295.254
322.252 275.904
328.891 249.287
159.236 199.990
165.496 191.104
174.983 185.791
184.089 185.061
194.187 188.130
231.052 186.712
243.035 183.414
256.900 184.237
269.921 188.526
283.141 198.639
209.192 201.119
202.876 216.526
196.825 227.377
191.220 242.103
178.896 268.604
183.137 271.441
193.533 272.092
207.810 273.558
221.253 270.136
170.604 218.482
175.150 211.145
186.395 211.038
194.588 218.858
184.460 219.144
174.361 219.825
235.571 217.411
242.109 209.519
253.355 210.066
260.545 217.937
253.347 219.660
242.822 218.945
164.578 307.936
166.282 299.548
173.700 293.641
187.485 292.875
203.103 295.758
214.687 302.444
222.804 310.622
212.280 311.617
196.853 312.954
186.806 311.782
175.181 311.083
167.868 309.260
167.810 307.840
175.806 305.043
189.677 304.239
205.194 306.351
221.358 310.207
199.226 303.494
189.243 302.533
178.178 302.669
180.090 213.435
248.687 212.474
