199.876 229.732
206.139 249.065
209.137 264.759
206.517 282.820
204.679 298.477
199.898 317.613
195.964 336.681
195.506 353.742
202.356 365.517
214.259 367.350
232.990 361.074
254.092 348.245
272.956 332.024
282.355 313.936
285.846 294.552
288.125 279.675
291.131 258.910
149.672 242.667
143.580 245.994
142.049 250.464
144.274 255.279
149.548 260.871
168.119 270.049
174.354 268.623
184.863 267.838
197.424 267.075
213.697 267.294
159.151 276.678
156.615 292.862
154.672 307.241
153.215 321.641
172.572 312.985
171.257 320.721
171.927 326.546
179.153 327.515
188.340 323.158
159.182 259.331
154.844 259.572
160.253 262.870
167.833 269.116
161.663 270.400
157.973 267.323
190.205 279.937
188.414 278.293
196.466 280.574
206.715 283.798
200.352 288.831
192.871 286.863
178.253 330.561
174.529 332.962
172.445 335.396
175.256 340.499
182.888 343.740
193.348 346.621
203.810 347.848
198.425 350.008
188.560 351.742
182.472 348.877
178.415 344.001
178.997 336.436
180.745 329.892
179.227 336.644
181.239 342.613
190.196 345.749
204.405 345.969
188.168 346.355
180.901 343.341
177.668 338.616
157.949 263.230
193.661 281.300
