181.406 241.337
185.337 263.443
185.142 281.995
178.769 306.713
176.982 327.947
176.149 351.852
176.942 375.859
180.048 397.587
189.566 411.673
206.690 413.541
228.043 403.192
250.008 386.827
270.708 369.493
282.288 347.198
288.536 321.150
290.886 301.398
296.669 278.204
133.840 247.578
133.941 249.504
137.879 252.505
142.911 257.145
149.379 264.325
170.752 274.369
178.895 272.836
190.448 273.455
203.023 275.439
219.223 277.951
160.832 283.264
157.217 298.858
152.115 311.631
146.799 324.925
151.122 321.025
153.820 330.058
161.062 336.569
172.837 339.560
185.152 335.178
144.905 268.954
141.336 269.321
150.451 272.695
156.797 279.097
148.059 279.976
142.075 275.799
187.390 290.621
188.953 289.140
199.885 290.948
213.673 294.137
203.446 298.916
190.590 296.886
156.987 352.878
149.877 344.449
149.269 342.307
157.746 346.640
173.787 353.195
188.981 361.508
204.201 375.057
199.879 390.834
186.860 399.262
175.957 397.138
167.176 388.449
162.896 371.901
159.781 354.154
153.838 348.832
161.374 354.231
179.358 360.894
204.064 375.662
186.853 390.076
175.345 388.025
166.363 379.718
145.169 271.847
194.681 290.749
