194.360 248.492
197.664 267.686
199.293 281.654
205.081 292.851
213.982 300.895
231.819 302.184
256.386 302.340
282.789 302.055
309.807 303.337
333.284 303.343
347.200 305.365
355.862 304.202
358.104 302.981
358.102 296.346
356.112 281.474
353.142 268.141
349.639 249.161
223.819 188.779
234.144 180.339
246.969 175.037
259.213 173.476
271.947 176.069
311.673 177.273
321.800 175.848
331.912 178.071
340.605 182.362
347.894 191.630
293.594 187.923
297.443 196.878
301.164 202.495
305.273 207.070
279.906 237.408
291.474 237.377
304.014 235.355
314.835 238.285
322.094 238.059
237.986 202.098
244.774 192.491
259.231 193.157
267.198 199.799
260.451 199.353
247.182 200.086
316.313 201.697
321.506 194.323
333.907 195.433
339.106 204.899
334.942 202.476
323.943 201.223
269.985 265.129
280.476 257.455
290.562 250.529
306.771 247.329
322.929 252.531
330.870 260.817
336.141 268.619
330.003 266.332
322.211 261.940
307.364 261.115
291.453 260.980
279.959 263.917
271.843 266.285
290.701 260.147
307.585 256.843
321.237 262.233
332.669 269.450
319.316 257.084
306.223 254.988
291.137 256.546
251.594 193.734
327.230 196.401
