159.406 256.896
175.485 279.930
182.035 297.484
187.945 315.954
196.390 332.344
211.499 347.170
232.212 355.136
255.937 358.358
279.170 356.971
300.736 348.296
316.892 336.758
328.686 321.494
332.312 303.680
329.231 285.081
325.132 263.910
321.425 246.108
324.774 220.156
180.472 234.263
189.855 228.374
201.777 222.177
213.622 218.542
226.517 217.723
270.049 207.655
281.299 203.644
293.324 201.884
303.633 201.706
312.674 203.620
251.382 227.180
255.653 244.682
258.994 258.513
263.834 274.530
243.654 290.059
254.442 294.295
267.164 292.684
278.261 288.849
284.432 278.860
195.856 249.045
202.804 242.956
215.895 239.678
226.665 242.837
218.550 248.606
204.698 252.549
277.492 231.819
285.863 224.673
298.484 221.430
304.923 223.184
301.549 229.930
287.835 233.002
237.753 328.568
247.045 319.514
255.507 312.301
271.715 306.543
286.736 303.766
295.779 307.398
305.240 312.832
301.470 319.028
291.797 326.056
276.302 330.732
257.695 332.804
245.787 330.893
240.247 325.973
257.484 319.462
272.741 314.886
286.988 312.129
301.685 311.689
288.951 316.469
274.121 320.306
256.838 323.348
209.065 241.850
291.369 223.254
