175.412 253.057
175.024 277.597
172.099 296.932
173.185 320.328
176.804 337.281
181.566 354.196
191.670 368.027
207.635 377.736
230.689 381.197
257.154 374.653
282.899 363.341
307.740 347.669
326.820 331.850
339.884 314.839
347.821 291.519
348.953 271.976
349.164 246.147
175.727 221.031
181.323 215.607
190.617 212.862
200.599 213.306
212.108 217.098
249.968 219.380
261.271 215.373
274.587 214.110
287.017 214.549
300.433 218.077
231.548 233.436
229.844 249.144
227.458 261.729
225.377 275.322
206.209 294.899
215.717 299.193
229.618 298.048
245.988 296.363
259.026 288.625
183.691 238.546
188.079 233.055
200.617 234.090
209.508 242.061
199.126 244.469
186.910 243.708
261.503 241.298
266.797 236.549
280.163 234.150
290.909 236.898
281.862 240.757
270.334 242.605
199.659 331.292
203.599 323.258
211.497 318.494
227.155 315.333
244.950 314.502
256.167 317.376
263.170 322.956
255.910 329.911
243.618 336.044
227.095 340.674
212.940 340.317
205.149 336.063
202.540 330.768
212.082 327.009
228.054 325.775
245.711 322.402
260.686 323.805
244.438 326.672
228.020 330.498
214.153 330.793
194.490 236.811
275.469 233.558
