223.084 258.510
225.121 282.034
226.153 303.663
223.419 329.325
222.035 351.558
213.808 379.211
206.549 404.118
201.085 425.189
204.556 439.929
217.656 438.420
234.126 426.559
250.404 407.795
266.143 385.076
276.881 363.396
283.617 337.881
287.863 318.219
291.123 292.889
162.805 258.355
155.305 258.183
152.872 260.654
153.410 265.231
156.281 271.477
170.333 280.016
175.933 278.961
184.724 279.719
194.860 282.094
209.216 285.670
160.063 290.173
153.880 307.432
145.934 322.748
138.641 339.619
167.097 335.454
163.354 344.390
163.375 351.190
171.758 352.288
182.695 347.290
170.344 279.629
164.944 276.345
169.469 279.859
176.458 287.287
168.077 288.301
166.150 286.317
191.848 298.059
189.120 294.009
196.336 297.976
205.103 304.781
196.498 307.296
190.255 303.857
180.567 372.996
168.644 363.031
162.461 361.248
163.369 364.619
172.220 372.111
186.015 380.157
203.997 393.656
203.080 411.006
196.085 420.946
190.091 420.826
184.432 409.917
182.634 393.661
182.678 374.101
168.870 366.575
169.084 369.795
179.984 378.243
203.935 393.066
194.892 411.981
189.472 412.079
184.214 402.211
166.924 280.106
192.622 297.647
