167.483 272.659
167.759 296.017
169.010 316.393
171.406 342.575
177.188 363.788
191.503 386.627
208.303 407.536
227.081 421.391
245.495 425.742
260.918 415.727
272.458 398.645
282.369 376.862
287.788 357.041
291.391 338.455
295.566 317.314
299.806 301.310
306.873 281.815
230.787 280.318
245.654 280.750
260.708 282.383
272.387 285.490
282.302 289.512
318.383 292.694
327.257 289.878
333.932 288.286
337.463 287.563
337.164 287.246
296.978 302.883
295.044 318.252
295.939 333.531
296.296 352.432
253.791 355.143
265.798 361.629
280.763 364.255
289.310 362.897
293.916 355.421
235.586 295.548
247.446 290.007
259.080 290.872
263.508 300.551
257.266 304.868
245.484 304.527
307.246 302.537
319.147 294.222
325.773 295.037
324.354 300.593
321.866 308.294
314.979 308.478
230.692 385.134
246.606 380.461
260.950 380.037
278.399 381.198
289.445 380.214
290.202 379.507
283.660 381.011
275.756 396.503
267.298 411.961
256.110 418.109
243.739 415.534
232.423 402.223
230.966 385.602
256.838 383.119
275.026 385.972
285.319 383.828
281.404 380.824
269.326 403.711
258.679 410.832
244.873 407.554
252.074 295.052
320.106 298.935
