217.308 308.132
224.065 331.909
231.712 352.483
247.386 371.996
262.859 386.233
288.280 401.073
316.136 407.947
340.737 409.350
357.740 405.280
365.826 391.543
365.940 374.539
362.413 353.248
352.937 332.290
346.139 313.012
342.658 291.776
340.019 273.019
339.945 248.116
295.433 297.794
309.957 293.472
322.954 289.466
332.714 287.072
340.596 285.703
367.236 270.236
372.908 263.564
377.111 258.584
378.569 255.424
376.146 253.820
356.470 289.808
363.036 304.665
371.075 318.100
378.947 332.574
342.136 347.797
354.087 350.642
364.339 347.358
367.251 342.853
365.181 331.823
305.188 309.081
317.025 304.561
325.351 301.765
325.814 301.930
324.038 308.400
316.782 312.855
359.897 283.344
369.970 278.993
374.860 274.241
371.453 274.533
372.317 282.494
367.221 285.452
332.536 380.595
343.869 374.159
354.197 369.122
365.460 363.795
371.134 359.086
371.123 356.924
368.602 357.775
369.520 363.484
369.294 371.639
363.165 377.159
354.158 380.577
343.292 381.108
333.129 378.265
349.086 372.083
362.082 367.839
366.412 361.594
366.241 357.511
366.299 364.369
361.248 369.844
352.208 373.510
320.695 305.250
370.879 278.189
