218.124 274.431
227.597 300.432
236.246 320.547
252.397 342.121
267.406 358.760
292.886 374.758
321.709 384.904
347.601 389.919
367.122 389.909
376.851 376.879
376.175 361.607
369.327 342.424
356.959 323.928
347.406 305.576
341.392 282.791
340.055 263.471
339.353 237.413
295.329 248.462
311.387 243.909
325.614 240.431
335.656 238.992
344.338 239.519
373.606 229.520
379.888 223.623
384.735 220.220
386.637 218.572
382.467 220.407
362.969 247.674
371.171 266.448
380.118 284.187
386.183 301.431
348.402 316.085
360.069 320.833
371.289 318.435
374.654 315.384
373.189 302.661
309.552 262.363
319.164 255.113
327.868 253.128
330.774 259.604
327.179 265.287
319.120 266.493
364.614 249.127
371.410 238.953
378.340 236.046
377.999 240.946
379.326 246.648
374.299 249.954
342.829 353.092
352.499 348.168
363.865 343.403
375.850 338.148
380.509 335.339
380.883 335.308
378.642 336.411
378.833 342.357
378.969 349.322
374.236 352.706
366.475 354.730
353.674 353.981
343.214 352.451
358.175 347.505
370.570 343.638
374.824 339.312
375.602 337.084
376.859 341.310
373.448 345.759
363.581 347.750
323.643 257.330
375.468 240.866
