189.450 241.650
190.634 264.138
194.103 281.677
193.943 301.185
195.568 318.497
203.116 335.602
215.561 351.652
231.625 368.951
253.352 377.996
276.269 370.757
293.136 356.009
308.249 340.522
318.744 325.021
322.891 307.275
328.112 287.865
333.992 272.050
338.100 251.890
199.387 232.674
207.234 231.964
219.035 232.931
230.296 236.599
241.880 242.492
282.741 245.405
294.982 241.449
307.832 239.772
318.360 240.204
326.564 242.240
260.823 257.840
260.511 275.002
260.971 290.733
260.685 309.809
236.577 304.680
246.514 314.543
259.134 318.323
270.422 316.591
280.385 308.383
211.738 253.051
218.582 249.006
232.053 250.579
240.232 258.963
230.724 261.092
217.893 260.295
281.428 262.735
292.309 255.668
304.080 256.666
310.698 262.195
303.712 268.338
292.158 267.501
220.014 318.194
227.085 321.247
239.690 323.912
258.506 327.327
277.724 326.715
289.671 325.134
296.159 323.354
286.863 333.447
273.591 343.989
256.575 346.713
239.297 340.639
227.439 328.882
222.497 319.180
237.404 326.899
258.387 331.526
278.425 329.738
292.948 323.880
273.441 334.522
257.289 336.017
239.880 331.813
225.020 252.983
297.782 259.389
