190.547 263.519
195.643 288.354
207.010 309.027
225.130 328.843
239.903 345.870
266.956 359.464
295.424 370.391
320.459 378.550
337.129 383.407
343.882 376.473
339.220 368.813
331.210 359.822
320.839 350.568
311.679 336.599
306.889 318.274
305.698 301.732
304.299 280.379
277.535 231.506
293.696 229.086
307.409 229.132
317.508 231.727
325.562 236.522
350.069 242.367
355.219 241.279
358.438 242.938
359.048 246.006
354.168 251.426
339.924 249.298
348.533 263.066
357.329 277.781
366.787 296.308
325.991 309.288
338.153 316.179
347.647 318.584
350.444 316.247
348.759 308.877
285.630 250.792
297.385 245.038
305.689 247.602
308.060 255.316
305.936 255.903
297.001 254.809
338.645 261.232
345.168 255.548
350.311 257.249
347.184 263.527
350.055 266.045
345.367 264.377
313.609 340.974
325.440 339.733
337.944 341.165
347.888 341.466
350.128 339.017
346.416 337.227
341.887 338.388
344.552 342.492
346.580 345.339
343.552 346.581
336.736 346.540
324.587 344.866
312.116 341.027
329.371 342.913
342.086 344.191
343.786 340.797
340.018 338.892
345.240 341.054
342.436 342.914
334.581 342.067
300.240 248.960
346.968 258.606
