191.077 261.422
196.823 285.893
205.294 305.108
205.255 323.291
204.791 340.141
207.932 355.658
217.275 365.538
228.837 373.366
246.979 377.241
269.995 372.366
292.941 365.495
312.813 353.632
323.986 336.689
328.012 319.057
332.716 299.134
341.168 278.761
346.823 251.640
189.727 239.053
197.336 240.548
205.985 243.119
213.400 245.624
221.144 247.718
246.708 244.004
256.786 238.879
269.354 234.738
281.838 231.917
296.008 231.457
231.821 252.545
230.025 263.606
227.802 276.168
224.821 293.951
221.763 297.622
227.739 305.104
235.204 308.929
247.880 303.014
257.578 290.735
196.418 255.931
199.970 249.888
211.783 250.170
221.734 255.804
210.717 259.483
199.556 260.428
261.433 253.801
269.763 246.607
282.290 245.313
293.028 250.715
283.753 256.531
269.848 256.266
216.207 334.844
218.058 325.000
223.193 319.937
236.051 317.384
254.095 316.980
268.704 320.858
280.559 330.426
272.619 340.212
258.014 348.947
242.099 352.477
230.543 352.201
221.449 345.816
218.987 335.752
226.071 326.316
238.805 323.492
258.491 322.673
279.004 330.589
258.554 341.673
242.306 346.516
229.795 345.595
207.083 257.034
277.296 253.452
