158.321 261.993
163.412 290.058
165.939 312.419
166.818 334.150
170.127 353.112
175.881 372.659
190.109 387.381
206.278 396.759
225.047 402.352
246.794 398.009
268.790 391.040
291.313 376.658
305.437 358.417
314.173 339.458
320.106 315.943
324.964 293.638
332.052 264.630
170.257 237.385
178.175 233.217
189.955 231.542
201.386 233.312
213.279 237.446
254.731 238.008
267.597 234.859
281.437 233.978
293.139 235.914
303.439 240.757
231.724 252.925
229.115 271.897
226.129 290.889
224.183 311.417
211.643 314.835
217.282 321.330
227.168 324.637
239.411 323.488
249.617 315.883
184.555 258.665
191.593 253.147
204.760 253.995
211.649 260.273
202.139 263.994
190.158 264.557
256.925 262.291
265.859 255.193
278.496 256.224
286.087 261.514
279.522 267.048
266.911 266.678
203.649 351.641
208.425 344.317
215.468 342.354
226.880 342.134
238.881 343.782
248.845 347.277
256.035 355.112
245.893 361.517
233.437 366.168
225.312 365.818
217.648 363.301
209.474 358.181
205.306 352.187
216.836 347.506
228.095 348.450
240.821 349.715
254.444 355.806
235.091 358.931
227.033 359.534
219.026 356.399
197.665 258.023
273.121 260.957
