213.378 235.724
220.142 263.443
229.307 284.408
245.139 297.794
260.418 311.200
286.906 322.082
318.163 328.080
346.812 333.124
367.999 336.196
376.277 329.848
372.554 323.766
366.451 315.772
355.267 306.583
346.233 296.595
339.280 283.803
335.990 265.986
330.752 242.377
289.305 189.180
304.765 183.346
318.893 181.683
329.614 183.775
338.032 188.826
365.650 195.481
371.699 193.557
376.131 194.676
378.581 197.816
376.185 204.414
352.547 203.799
359.703 217.351
371.345 228.247
381.696 243.064
338.580 255.661
352.685 260.946
365.456 263.515
369.242 261.556
367.687 255.289
301.086 208.089
312.009 200.660
321.630 203.535
322.859 210.056
321.564 211.581
312.801 211.914
356.337 216.059
366.117 212.332
371.469 212.959
369.211 218.842
369.800 221.261
364.089 218.985
334.335 291.326
345.804 285.575
357.320 281.749
367.273 282.226
373.679 280.683
373.555 284.579
370.975 290.600
372.536 290.749
372.707 291.813
368.037 293.204
357.457 293.584
345.713 293.020
335.083 290.723
352.893 288.797
365.091 287.371
370.855 287.790
368.215 289.965
369.377 287.332
364.104 288.712
355.310 289.166
316.628 201.527
367.471 210.153
