203.748 255.146
209.207 276.360
212.293 293.539
211.669 311.837
211.228 327.557
209.234 344.664
211.742 358.252
218.068 368.152
232.074 372.468
252.601 363.542
277.338 349.664
301.650 333.966
319.052 317.556
327.385 299.384
330.209 276.657
331.067 257.179
331.714 229.649
174.757 245.165
173.225 243.029
176.355 241.312
182.233 241.276
190.876 242.569
217.833 239.346
226.711 232.776
239.194 227.308
252.368 224.255
267.693 223.930
205.341 254.045
202.432 267.945
199.185 281.296
196.470 297.870
201.942 306.730
204.408 312.779
211.511 311.516
224.525 301.863
235.108 285.053
185.989 259.200
185.290 254.670
193.444 254.217
202.054 259.812
193.506 263.401
186.551 264.226
233.830 253.489
236.631 246.137
247.321 243.241
256.724 245.848
249.201 250.403
238.445 253.456
203.302 334.036
201.128 330.708
203.834 327.992
213.374 323.417
232.613 316.688
252.796 310.992
265.947 307.789
252.961 314.540
233.576 327.040
218.075 336.736
208.998 340.562
205.307 337.738
206.447 333.440
208.970 332.124
220.161 328.799
242.354 318.801
263.672 309.190
234.385 319.118
218.260 328.281
210.020 332.390
189.495 258.175
242.983 248.724
