197.613 264.608
202.223 291.905
207.110 311.889
215.981 331.912
227.338 349.291
250.497 365.751
278.391 377.534
302.930 386.824
323.728 392.508
338.831 384.756
343.631 375.661
345.767 364.100
342.004 350.193
337.390 334.784
335.499 316.098
334.764 297.910
337.561 273.690
267.101 236.198
281.881 233.561
295.480 232.896
306.446 234.710
316.135 239.149
345.119 239.132
352.306 235.897
359.342 235.612
364.650 237.502
367.475 242.765
332.490 252.801
338.360 268.132
344.363 284.083
348.307 303.853
309.547 306.033
322.280 314.850
335.896 318.538
344.303 314.778
347.762 305.702
275.846 254.598
287.997 252.013
297.900 253.291
302.672 259.265
298.946 260.018
285.688 259.807
340.730 260.243
351.899 255.200
359.780 255.245
359.780 259.146
359.326 263.174
350.408 262.821
309.212 345.919
317.888 337.870
328.517 332.155
340.054 331.023
348.126 330.486
351.510 334.453
348.650 341.306
346.844 347.015
345.196 352.318
337.573 355.970
327.136 354.262
317.093 350.165
308.877 344.783
326.044 342.514
337.630 341.433
346.070 340.452
345.586 340.858
344.366 345.688
338.193 348.575
328.369 347.338
292.466 253.543
355.137 256.391
