167.952 261.369
175.123 283.059
182.022 300.220
189.200 316.096
198.679 327.572
214.592 332.013
236.366 330.877
260.860 329.247
286.105 326.780
308.844 317.378
326.765 310.597
341.935 302.765
347.361 294.206
346.529 282.551
343.544 265.169
342.408 248.226
340.650 226.780
184.958 204.809
194.856 195.995
207.276 189.724
218.846 187.221
231.307 188.371
271.826 180.082
282.243 175.115
294.316 173.585
305.492 174.365
316.454 179.267
254.192 197.524
256.816 209.616
259.125 218.031
262.153 226.099
239.772 252.479
253.574 253.031
266.470 249.769
279.116 247.542
289.274 241.703
198.827 217.063
205.758 206.847
219.250 206.503
227.978 212.134
219.283 214.066
206.620 216.447
282.454 201.439
288.607 191.820
300.679 188.116
308.679 194.688
303.205 196.982
290.555 199.411
243.466 285.405
249.507 276.707
257.639 268.390
271.883 261.978
285.411 260.058
295.523 265.939
303.557 271.839
299.512 275.737
290.595 278.978
277.721 282.732
263.404 285.707
251.951 286.583
245.134 285.901
259.386 277.259
273.731 271.412
287.305 270.032
301.623 273.576
289.028 272.067
275.985 275.844
261.399 278.875
213.384 209.285
296.311 192.844
