197.239 274.286
201.538 293.819
205.424 311.987
212.688 333.088
221.544 348.647
240.298 363.742
258.630 378.400
276.925 389.702
295.386 391.911
311.029 380.592
319.046 363.412
325.690 341.986
331.081 319.925
331.763 299.821
333.542 278.872
335.885 262.519
342.468 243.128
247.678 300.444
261.765 302.670
276.161 303.026
288.065 303.138
298.773 302.335
336.303 293.139
346.093 287.716
354.228 281.539
359.706 275.993
361.477 270.421
315.536 306.378
317.415 323.418
319.533 339.933
320.420 356.878
285.382 347.650
296.112 355.017
308.510 356.259
317.487 350.701
322.955 338.308
258.626 309.455
268.532 310.469
279.917 307.210
284.801 304.044
278.628 311.979
266.446 314.923
324.064 293.296
338.473 293.393
345.412 289.866
346.211 286.762
342.806 295.323
333.001 297.058
276.351 367.616
283.548 369.227
291.898 369.885
305.367 369.846
315.886 365.829
320.831 362.451
320.609 360.351
316.906 368.007
310.436 377.234
300.601 381.366
290.556 380.201
282.204 374.333
277.327 366.202
290.624 370.802
303.295 373.249
312.384 367.675
318.167 358.798
310.426 371.020
301.872 374.312
291.850 373.554
273.397 307.991
339.234 291.673
