176.138 299.352
178.992 322.070
178.551 340.917
172.171 355.491
167.943 366.748
158.095 373.874
154.817 373.048
153.633 372.217
162.257 369.909
182.389 361.328
208.536 354.385
237.108 345.505
260.810 333.337
275.167 319.247
282.596 299.734
287.487 279.229
291.359 252.991
138.333 261.226
138.699 255.877
141.659 250.605
146.424 247.597
153.766 247.092
169.746 239.183
175.148 233.920
184.084 230.625
193.508 228.740
206.309 228.533
162.840 253.378
157.217 263.686
149.152 272.289
142.623 282.441
153.462 304.283
154.233 305.948
158.548 303.296
167.452 300.880
178.044 295.783
145.753 269.695
144.037 264.091
150.716 261.127
159.482 263.471
149.788 263.999
143.081 267.238
185.134 251.693
185.780 245.979
191.878 239.407
205.844 240.907
195.571 242.659
186.579 247.145
150.405 335.415
149.948 328.323
151.115 320.737
157.629 316.439
166.827 313.845
176.696 317.739
188.493 321.360
178.248 323.280
166.540 324.881
157.447 329.809
150.559 332.961
150.012 335.265
153.065 335.446
156.319 327.933
162.308 322.770
171.858 321.435
188.965 321.838
169.650 320.810
160.285 324.489
154.109 327.624
148.963 263.789
193.402 243.279
