192.670 235.518
204.364 262.727
215.289 283.045
233.630 303.418
250.689 320.240
283.390 333.766
319.745 346.058
352.252 354.118
375.961 357.864
383.427 355.396
375.887 349.319
362.676 338.651
347.774 328.621
333.836 315.005
322.867 295.783
318.119 279.508
312.631 257.752
280.115 184.128
295.684 178.282
309.689 176.051
321.147 177.718
331.594 183.945
358.486 190.855
363.049 189.207
366.271 191.692
367.240 196.202
363.269 205.050
349.215 203.993
358.084 220.664
370.630 232.651
381.228 245.225
341.301 266.821
357.878 271.094
369.763 272.122
375.100 273.422
371.867 272.271
294.897 206.973
307.884 199.262
316.554 200.945
320.648 209.309
318.208 210.598
306.951 210.017
357.399 218.186
366.464 211.892
369.902 213.948
365.906 222.393
370.642 224.739
365.883 221.885
339.994 305.224
351.219 296.954
363.850 290.984
380.476 288.717
385.580 292.298
384.439 299.382
382.099 307.682
383.957 313.508
386.911 316.563
379.114 317.791
366.298 314.070
349.743 310.735
339.149 306.214
360.328 299.847
378.992 298.706
382.151 301.651
378.620 308.330
383.989 311.465
377.899 310.409
363.986 309.412
310.162 200.038
364.943 213.221
