174.802 214.653
175.624 238.346
173.897 255.968
171.326 278.074
174.011 296.371
187.627 313.497
205.584 331.038
226.886 348.778
251.683 362.316
274.932 361.036
289.959 355.035
301.612 344.601
308.094 333.075
310.906 317.477
314.980 297.292
320.338 281.609
329.021 262.085
222.626 182.321
237.174 179.591
252.556 181.690
264.544 186.494
274.910 194.231
311.904 206.309
322.765 206.421
332.989 210.302
340.366 216.225
343.712 225.246
290.284 214.659
288.487 230.244
286.549 243.913
284.659 259.040
253.068 266.073
262.258 273.617
275.429 277.681
285.437 282.174
293.022 279.221
231.451 207.785
244.258 202.797
256.811 208.686
261.452 217.835
253.334 217.421
238.838 213.096
304.187 233.344
316.049 227.453
326.315 231.616
328.823 240.555
325.041 242.535
314.352 239.201
235.828 294.002
245.223 289.059
257.466 286.709
273.891 290.444
285.358 296.824
290.572 305.146
291.448 314.342
286.076 318.456
279.271 318.952
266.512 314.831
250.679 307.208
241.284 300.602
236.955 295.680
253.587 296.230
269.564 300.552
281.153 305.753
288.618 314.263
280.046 311.675
268.233 306.779
253.779 300.304
248.927 207.635
320.452 232.540
