174.168 271.837
171.496 300.552
173.803 323.497
171.644 344.863
173.131 362.671
175.001 381.467
188.181 395.564
203.551 408.006
224.135 415.961
251.302 408.661
277.174 397.865
302.932 384.177
319.557 367.385
330.546 350.248
337.616 328.749
342.782 306.647
341.771 276.462
160.507 257.389
164.884 253.820
173.961 252.699
184.563 254.522
197.244 259.156
240.333 259.770
253.660 255.057
268.751 253.266
282.462 253.871
296.376 258.363
218.501 275.530
217.412 291.354
214.787 308.583
212.806 327.511
196.569 327.898
206.169 336.140
220.074 340.152
235.417 335.818
249.502 325.596
171.907 272.584
175.948 267.634
187.064 268.739
197.043 276.055
188.615 278.830
175.865 279.834
252.020 276.847
258.989 269.937
271.643 269.616
281.045 275.212
272.907 281.027
258.068 279.955
190.955 360.661
192.060 359.590
200.881 360.260
220.135 362.670
243.973 360.927
261.630 360.896
273.518 360.796
259.740 363.455
241.876 368.308
220.682 372.504
204.602 368.073
198.090 363.356
194.747 360.164
202.514 364.880
222.508 368.541
249.010 365.847
269.381 360.186
242.773 364.592
221.333 366.826
205.690 363.862
181.230 275.673
265.309 277.500
