176.145 257.733
186.454 282.404
194.225 302.213
197.513 317.368
200.740 331.790
207.475 344.979
220.912 353.633
235.966 363.368
254.427 370.480
274.337 365.098
290.486 357.802
307.809 350.317
317.943 337.912
322.567 323.091
328.741 304.944
337.527 287.150
347.526 263.319
193.730 228.752
201.796 224.501
213.880 221.196
225.469 221.219
237.499 224.214
278.596 224.060
290.561 221.199
303.322 221.847
314.339 224.582
323.220 230.133
257.379 237.879
257.547 254.722
257.676 268.150
257.482 282.808
241.554 296.866
247.187 300.421
256.441 300.858
265.602 302.796
272.368 296.382
206.849 250.728
214.147 242.896
226.845 243.020
235.820 250.042
225.525 254.063
212.895 254.828
279.199 250.521
289.395 242.896
301.409 243.816
309.020 251.357
302.776 255.350
289.408 254.512
230.677 322.987
234.639 319.113
241.532 315.970
253.751 315.442
266.590 319.115
275.778 323.864
281.517 328.082
273.849 331.010
262.053 337.873
254.192 337.870
244.445 334.970
235.190 327.663
232.721 322.504
242.596 321.571
254.159 322.126
266.104 324.432
278.446 326.444
263.421 324.507
254.653 323.885
244.406 323.091
220.495 245.988
295.370 246.206
