188.227 269.600
194.014 295.196
196.919 316.973
200.780 338.265
206.806 356.305
215.937 378.691
231.989 398.156
251.827 414.311
275.163 421.714
299.813 414.318
320.250 397.867
338.481 378.105
348.530 357.083
353.165 337.139
356.501 314.580
357.578 293.179
360.398 265.104
196.957 273.417
206.028 272.728
218.549 272.985
230.919 274.944
244.284 278.701
287.358 276.382
300.620 271.787
314.902 269.308
327.284 268.480
337.696 268.974
265.264 293.925
265.516 314.255
266.251 333.700
266.603 354.966
242.349 348.597
252.721 357.890
268.249 361.787
284.356 357.055
294.066 344.002
212.792 293.506
219.651 293.176
232.621 292.672
242.675 296.048
231.608 300.819
217.817 300.095
292.000 294.409
302.781 292.266
315.121 291.269
322.571 291.070
315.670 299.053
302.127 300.024
234.256 373.254
238.184 369.492
248.887 370.604
268.643 372.123
290.823 368.380
306.492 365.144
312.939 368.039
303.216 380.681
288.156 393.282
272.826 397.363
256.842 393.879
243.778 383.270
237.200 372.825
250.056 373.150
270.284 376.867
293.682 370.497
310.087 368.168
288.805 386.084
272.326 391.453
255.770 387.138
224.632 293.642
307.240 292.121
