215.089 252.042
223.249 275.378
230.234 294.155
247.472 314.941
263.347 331.170
291.011 342.083
321.072 348.599
347.029 353.389
365.447 356.275
373.953 348.363
373.103 340.860
369.231 331.226
359.766 319.911
349.221 305.290
340.825 285.748
338.396 268.836
336.142 247.493
285.569 213.340
299.343 207.238
312.491 205.004
323.051 206.256
331.985 210.853
360.745 210.614
367.210 206.679
371.729 205.908
373.962 207.765
372.404 213.848
345.972 226.684
352.694 242.852
361.135 255.935
370.151 269.112
339.438 286.575
351.323 290.576
362.181 289.721
365.850 288.356
365.770 281.402
300.614 230.019
311.782 223.772
320.548 225.010
322.886 233.245
319.628 235.870
309.324 235.055
359.942 233.500
369.409 224.503
375.753 223.746
375.094 229.740
376.836 234.680
370.088 236.110
340.073 317.542
348.496 309.938
357.294 304.839
368.423 302.755
373.699 302.140
374.875 304.713
372.417 311.505
373.093 315.404
373.659 319.457
369.603 320.920
361.662 321.317
350.133 319.215
340.092 317.515
354.273 313.042
364.709 310.800
370.234 310.056
369.280 311.877
369.970 312.043
366.310 312.435
358.666 314.142
316.159 226.729
372.760 227.029
