154.035 264.952
159.663 286.706
162.475 304.144
167.237 322.041
175.203 335.662
189.621 344.829
209.151 350.851
230.511 354.885
255.539 356.139
280.720 348.031
299.471 339.812
315.186 328.419
326.034 317.861
330.468 305.053
330.438 285.739
327.207 268.334
325.674 245.119
167.935 203.278
177.183 192.732
189.504 185.822
200.886 183.503
213.264 185.590
257.966 180.305
269.754 176.751
282.603 177.468
294.198 181.099
305.126 189.708
235.977 197.484
236.632 212.555
237.253 221.325
237.907 231.177
217.989 264.772
229.135 263.094
242.859 259.587
257.435 259.607
269.666 256.078
181.197 221.652
188.213 211.851
202.068 211.039
211.118 216.389
203.504 218.175
189.258 220.407
264.893 211.793
274.558 202.047
288.292 202.065
295.118 210.175
287.781 211.297
274.625 211.577
217.532 304.103
221.021 288.933
230.351 276.669
245.836 270.001
260.645 271.445
273.746 281.540
282.801 295.856
274.614 304.946
262.930 312.598
251.154 315.868
237.299 316.687
225.988 312.386
220.723 304.780
232.558 289.924
247.575 284.147
262.928 284.816
278.931 296.716
263.203 301.143
250.339 303.917
235.900 305.704
195.556 214.960
282.274 205.346
