172.744 261.533
180.834 280.115
187.664 294.720
195.079 314.759
205.044 330.570
224.435 347.366
243.813 362.849
262.369 373.685
282.474 373.847
299.423 362.151
307.351 343.177
313.489 320.421
317.985 297.076
317.998 277.485
317.809 259.092
318.841 243.593
320.687 222.260
205.138 278.561
217.099 280.383
231.823 281.172
244.736 282.215
256.469 282.833
295.275 271.939
305.737 264.470
316.141 256.519
324.028 249.755
328.369 243.350
275.109 285.586
277.029 300.839
279.779 315.423
283.995 331.315
259.801 330.873
270.819 335.486
282.452 335.040
292.026 328.972
298.745 317.444
218.497 289.379
228.098 289.042
240.037 286.695
247.988 285.991
240.401 293.332
228.439 296.185
292.927 273.641
304.288 269.783
314.669 265.476
318.235 262.509
315.520 271.736
304.711 276.418
263.474 356.529
267.578 354.028
273.378 348.761
286.321 343.505
299.618 341.291
305.760 341.942
305.769 342.603
303.462 352.636
296.685 362.550
287.119 365.877
278.077 368.109
269.709 364.060
264.531 354.868
276.558 357.086
287.113 351.173
299.237 349.339
303.163 342.268
297.020 354.577
287.151 358.420
277.340 361.615
233.975 288.984
308.808 268.571
