184.699 272.254
189.744 299.053
197.201 318.373
213.855 343.781
229.783 361.604
255.863 377.112
282.908 388.584
306.047 395.792
321.846 397.391
330.492 384.717
329.107 368.686
323.121 349.070
313.432 331.353
305.882 313.109
300.763 289.639
299.592 272.415
297.932 248.666
271.702 258.081
287.868 254.026
302.946 252.199
313.975 253.519
322.297 256.780
347.895 250.412
352.414 244.186
354.422 240.352
354.480 239.094
350.184 240.539
335.504 266.957
342.479 284.113
352.106 300.738
359.807 320.489
315.302 330.921
328.980 336.539
341.845 336.472
345.454 330.058
343.682 317.961
282.880 275.867
294.135 269.595
301.779 269.135
304.220 275.634
301.639 279.988
293.281 281.767
334.038 268.281
344.948 259.746
349.718 258.081
346.891 261.426
348.650 267.967
343.043 270.152
303.345 362.236
317.718 359.712
330.368 357.546
343.217 356.021
348.425 350.709
347.232 347.423
341.304 346.921
342.162 357.510
342.037 367.351
337.813 371.536
327.642 373.008
314.644 367.924
304.853 361.451
324.852 361.635
337.937 360.669
343.618 354.508
339.121 347.737
343.190 360.071
337.929 363.859
328.694 364.975
297.496 273.115
345.532 262.307
