198.418 259.254
202.988 288.086
205.646 311.116
218.887 334.298
232.853 354.226
260.823 374.793
290.028 387.550
311.438 393.853
323.769 397.036
329.240 395.014
325.918 391.703
318.970 384.295
306.318 371.527
297.180 357.669
293.087 339.538
289.783 321.192
288.837 298.274
286.339 231.717
299.631 228.763
310.771 229.106
319.363 233.079
325.579 240.525
342.570 250.790
346.624 249.364
348.873 250.702
349.092 254.533
344.780 262.149
333.763 260.579
340.447 275.766
349.936 289.937
358.163 306.163
320.575 318.383
333.407 324.277
343.482 326.391
344.337 329.661
339.974 326.429
293.369 254.752
302.909 248.712
308.585 251.922
310.831 265.712
311.163 266.599
302.727 261.892
330.874 276.149
337.202 265.874
341.871 269.087
338.974 277.777
342.713 282.579
339.849 281.448
320.688 356.947
330.105 347.604
340.069 342.623
349.290 342.717
350.604 346.923
347.779 353.797
342.092 364.390
346.486 367.788
347.536 370.344
343.665 371.605
337.947 368.016
329.944 363.126
320.758 355.837
335.888 349.943
344.644 349.378
346.231 353.969
339.861 362.268
346.613 361.517
344.212 361.804
339.217 359.887
307.647 254.664
341.056 271.997
