174.984 262.164
172.906 278.797
169.437 291.023
163.117 301.203
159.380 309.484
158.588 310.825
163.285 309.597
171.910 308.153
189.283 308.314
217.524 306.788
246.485 308.599
273.988 309.384
294.304 309.048
305.660 302.521
314.555 288.312
322.039 276.127
332.619 258.248
172.270 195.641
178.290 186.368
187.359 181.175
195.876 179.922
204.903 182.692
242.149 179.011
254.250 175.230
267.239 175.975
278.703 179.504
289.976 189.103
219.248 196.126
213.507 209.619
207.159 216.970
202.039 222.910
183.595 244.379
190.312 247.103
203.546 246.265
220.008 245.784
234.552 242.300
176.301 209.097
180.365 200.784
191.484 201.000
197.939 207.601
186.934 207.811
176.118 208.909
243.258 204.409
252.982 194.367
265.781 196.692
273.649 203.518
264.037 203.041
250.294 203.350
174.129 274.668
177.606 263.980
184.308 255.656
201.376 249.491
223.995 253.918
237.382 262.197
246.835 272.577
233.653 274.226
214.514 272.893
194.886 273.253
181.009 273.639
176.261 275.598
176.742 276.472
186.337 262.633
201.969 256.137
223.802 261.018
244.536 273.954
217.502 269.559
197.246 269.678
183.235 270.817
184.215 202.764
257.439 197.878
