197.214 271.160
203.248 295.588
212.712 313.869
221.403 336.768
229.168 354.052
246.576 368.678
265.872 380.083
286.264 389.493
307.045 391.974
324.076 384.730
333.744 373.057
341.006 359.006
344.322 342.518
341.808 323.616
342.518 301.216
347.590 283.204
353.434 258.809
240.398 261.186
252.610 258.522
265.956 256.738
277.618 257.555
289.148 260.783
326.571 257.093
336.783 252.425
346.807 250.132
354.726 249.678
359.782 251.161
307.523 273.656
309.975 291.551
313.331 307.323
315.228 321.324
289.047 329.245
299.573 334.167
310.018 333.674
318.661 331.922
324.635 325.367
254.497 279.384
264.680 275.802
276.320 274.338
282.409 279.285
277.451 283.929
264.948 285.393
322.723 275.839
334.855 270.386
345.207 268.829
347.564 271.371
344.591 277.678
332.122 279.150
280.380 353.685
288.987 350.314
299.307 348.935
310.547 347.885
318.607 345.628
324.286 345.284
328.121 346.373
325.425 352.319
319.510 358.991
310.020 363.549
299.903 362.955
288.303 358.028
281.838 352.720
297.036 353.782
308.930 353.988
317.098 350.304
325.713 346.197
317.730 352.588
309.275 356.431
299.247 355.495
273.403 276.686
341.824 270.791
