182.175 265.247
188.285 285.829
193.515 301.117
196.672 320.626
199.408 337.357
206.939 356.995
218.651 375.605
234.082 394.107
253.549 403.199
274.878 396.739
291.092 382.379
305.213 365.380
316.014 346.706
320.180 328.221
326.332 308.953
331.811 292.413
337.280 270.508
192.852 268.522
200.777 268.394
212.439 268.952
224.071 271.015
236.134 275.257
277.029 275.361
289.332 271.566
302.366 270.033
313.570 269.946
322.785 270.944
255.429 290.429
254.407 309.094
252.675 326.829
250.566 343.464
229.682 330.328
238.385 341.492
251.965 349.086
264.917 347.497
274.478 339.931
205.359 285.833
212.286 284.903
225.275 286.649
233.694 293.247
224.178 296.273
210.767 294.561
279.205 293.549
287.286 287.928
299.678 286.644
307.702 288.356
299.824 297.228
286.754 297.280
224.349 349.552
229.604 351.487
237.829 355.780
252.605 362.844
265.867 363.465
273.879 364.383
282.162 363.905
274.140 368.514
264.647 372.675
254.643 370.470
240.560 364.103
231.108 354.986
227.610 348.931
239.255 355.108
253.211 362.607
265.639 364.113
279.725 362.710
265.307 365.504
254.239 365.178
239.979 356.945
218.401 288.181
293.629 289.713
