189.002 240.272
191.066 268.706
191.208 293.646
199.230 328.086
208.689 356.616
230.051 385.146
253.201 406.933
274.405 422.037
293.185 429.758
304.980 425.168
308.678 415.674
310.264 399.404
307.917 378.982
305.442 356.997
302.468 328.262
300.027 305.908
300.515 281.756
270.479 204.436
285.701 199.833
300.437 202.233
311.764 209.086
320.628 219.287
344.905 229.056
348.892 226.431
350.780 227.632
350.635 232.335
347.009 242.508
335.833 240.961
342.474 254.199
348.034 265.688
353.873 279.122
304.645 285.056
318.023 292.257
335.719 300.019
340.503 300.159
341.411 297.395
281.016 237.205
295.288 230.399
300.945 235.426
302.173 246.278
301.567 246.620
291.271 243.770
330.501 257.439
340.787 249.839
346.584 253.105
343.708 263.201
346.637 266.411
341.240 263.147
287.379 346.144
305.109 322.947
324.359 312.755
342.755 313.398
348.333 319.266
344.632 333.028
333.718 356.905
324.905 381.908
317.026 400.019
307.244 405.944
298.637 396.068
289.827 374.232
289.059 349.772
317.920 326.072
337.356 325.714
343.771 333.634
331.082 359.630
319.535 387.349
311.523 393.620
302.071 383.486
297.001 233.732
343.369 253.583
