162.912 233.657
161.037 254.320
162.999 273.389
162.618 290.924
163.130 307.068
165.234 327.764
170.199 347.761
180.154 364.078
195.205 373.547
214.205 375.231
234.756 369.478
254.234 356.382
271.118 340.517
282.643 325.297
292.377 310.045
303.396 294.605
311.742 274.104
161.170 250.068
167.327 253.949
176.642 259.485
186.125 265.957
196.459 272.881
235.570 283.592
248.215 282.614
262.141 281.762
273.897 281.802
284.253 282.514
212.947 289.629
209.000 306.229
205.064 320.947
201.078 336.318
185.407 320.706
191.648 331.828
201.521 338.998
214.292 338.696
224.953 333.989
170.053 270.203
174.117 271.627
186.621 275.096
194.101 281.166
186.508 283.564
173.443 280.287
237.982 292.757
247.069 292.143
258.802 294.624
265.690 297.147
257.042 303.236
244.851 300.536
175.383 341.952
179.707 343.441
186.089 346.000
197.629 352.180
212.427 354.097
220.584 355.326
227.339 355.981
220.289 356.977
209.672 357.761
197.935 356.174
186.035 350.815
179.223 345.036
177.211 340.753
187.112 346.728
198.131 353.945
212.844 354.300
226.885 353.899
209.790 354.938
197.662 352.948
186.739 348.032
176.104 273.478
247.057 293.399
